 nan
 nan
 nan
 nan
 nan
 nan
 nan
 nan
 nan
 nan
 nan
 nan
 nan
 nan
 nan
 nan
 nan
 nan
 nan
 nan
 nan
 nan
 nan
 nan
 nan
 nan
 nan
 nan
 nan
 nan
 nan
 nan
 nan
 nan
 nan
 nan
 nan
 nan
 nan
 nan
 nan
 nan
 nan
 nan
 nan
 nan
 nan
 nan
 nan
 nan
 nan
 nan
 nan
 nan
 nan
 nan
 nan
 nan
 nan
 nan
 nan
 nan
 nan
 nan
 nan
 nan
 nan
 nan
 nan
 nan
3285.57
3287.35
3279.94
3273.21
3278.88
3270.00
3265.54
3262.50
3263.07
3271.50
3268.84
3270.94
3282.61
3296.00
3292.23
3294.40
3303.44
3294.29
3297.71
3329.33
3326.86
3329.75
3329.00
3327.20
3335.00
3339.65
3331.69
3333.88
3337.82
3339.04
3338.32
3336.57
3339.35
3338.50
3338.59
3334.95
3338.65
3335.12
3335.80
3355.79
3357.67
3281.45
3362.06
3361.31
3360.11
3360.92
3354.47
3352.60
3355.71
3342.25
3335.94
3338.31
3331.07
3332.80
3327.50
3317.25
3297.31
3313.00
3298.61
3292.52
3285.30
3273.89
3272.95
3275.79
3276.53
3285.88
3285.33
3277.86
3281.88
3296.76
3291.93
3286.18
3290.50
3300.00
3307.50
3301.62
3300.30
3296.70
3299.56
3296.07
3287.83
3285.71
3293.46
3293.30
3298.35
3292.29
3291.35
3291.12
3289.26
3294.40
3307.83
3304.08
3309.00
3307.20
3303.00
3301.00
3302.07
3306.00
3305.55
3305.53
3302.82
3303.67
3299.71
3298.36
3279.62
3278.13
3279.89
3271.92
3274.94
3273.14
3275.93
3273.77
3264.75
3264.33
3269.36
3272.92
3273.80
3272.70
3271.11
3274.00
3276.25
3275.00
3273.90
3275.38
3271.00
3269.31
3268.83
3267.09
3268.57
3268.25
3269.88
3273.36
3274.78
3278.67
3279.70
3278.68
3284.00
3287.14
3287.25
3293.30
3290.18
3293.17
3280.71
3277.43
3279.20
3274.81
3269.88
3268.33
3273.50
3266.21
3268.78
3266.80
3267.40
3270.60
3271.00
3272.76
3276.60
3280.88
3280.44
3281.60
3281.50
3283.83
3280.86
3289.50
3284.83
3302.76
3299.30
3302.29
3308.50
3307.07
3522.92
3261.92
3289.80
3300.40
3314.70
3316.56
3301.05
3295.18
3296.75
3299.83
3298.16
3297.61
3298.95
3297.88
3300.92
3292.83
3310.04
3304.37
3304.00
3318.07
3323.67
3324.50
3321.75
3329.20
3336.75
3335.00
3329.78
3335.38
3338.36
3343.12
3340.28
3339.40
3340.80
3341.75
3343.54
3343.00
3347.35
3344.11
3344.93
3342.40
3342.50
3345.00
3344.91
3359.17
3366.05
3374.81
3375.35
3383.73
3384.93
3382.53
3385.61
3394.07
3395.90
3396.09
3388.06
3379.55
3371.28
3373.95
3370.98
3362.13
3383.93
3372.36
3350.88
3348.11
3350.54
3351.22
3348.89
3354.00
3358.20
3359.14
3359.80
3360.29
3359.31
3361.54
3364.00
3353.80
3349.46
3344.93
3341.43
3335.25
3336.27
3328.14
3333.93
3335.46
3340.80
3331.47
3338.06
3345.43
3341.00
3341.20
3336.50
3336.60
3338.21
3339.94
3341.14
3338.05
3336.27
3335.69
3333.37
3334.04
3330.20
3330.05
3320.58
3316.83
3313.00
3309.20
3307.58
3313.73
3316.90
3315.33
3316.67
3326.19
3345.57
3325.50
3346.14
3358.43
3358.19
3356.70
3361.77
3366.11
3377.92
3376.53
3381.74
3381.83
3382.33
3386.54
3387.79
3397.39
3396.79
3400.64
3402.93
3408.47
3409.14
3400.86
3407.38
3408.80
3398.23
3397.50
3391.50
3388.60
3391.11
3389.56
3389.00
3386.67
3388.55
3383.83
3381.33
3385.00
3387.00
3384.75
3380.80
3380.67
3388.00
3389.14
3386.06
3395.43
3390.89
3387.00
3391.62
3393.29
3400.83
3401.00
3404.50
3405.54
3410.18
3409.89
3411.36
3415.70
3415.63
3417.44
3414.00
3416.89
3423.43
3425.00
3425.00
3425.00
3424.17
3424.20
3424.00
3419.00
3424.38
3419.58
3417.56
3420.29
3427.29
3429.21
3424.06
3424.27
3429.60
3432.80
3431.12
3439.64
3446.93
3451.40
3448.93
3450.28
3453.78
3452.21
3455.41
3458.00
3457.17
3463.69
3469.62
3466.25
3467.25
3464.74
3468.08
3476.67
3474.38
3477.00
3480.80
3482.50
3481.38
3478.67
3478.17
3477.33
3479.38
3475.91
3478.44
3475.22
3469.67
3472.83
3442.25
3433.56
3428.39
3429.28
3423.42
3412.50
3403.90
3401.91
3400.29
3396.29
3395.56
3396.18
3397.19
3394.38
3398.65
3399.19
3401.62
3402.50
3402.67
3399.19
3398.71
3397.86
3400.42
3392.50
3395.93
3392.75
3391.14
3390.62
3387.20
3387.00
3373.86
3372.82
3374.36
3377.33
3395.78
3396.22
3402.58
3399.47
3396.77
3399.71
3403.17
3397.31
3405.62
3408.44
3412.00
3411.89
3415.83
3421.67
3416.25
3424.36
3420.50
3417.89
3434.64
3412.65
3412.42
3414.00
3415.29
3423.00
3406.41
3406.15
3409.40
3409.88
3408.87
3403.92
3407.89
3408.20
3407.00
3406.83
3405.00
3399.50
3402.00
3399.67
3108.80
 nan
3404.00
3346.95
3302.88
3354.92
3326.00
3308.50
3304.58
3303.11
3313.46
3324.64
3314.08
3306.08
3298.00
3298.13
3297.58
3289.50
3297.46
3286.38
3280.91
3295.62
3272.97
3270.67
3258.77
3258.57
3255.71
3255.93
3260.78
3270.00
3272.80
3270.48
3266.64
3277.25
3280.00
3297.97
3292.70
3323.17
3319.06
3316.59
3315.11
3316.71
3308.00
3310.88
3297.00
3299.17
3299.32
3295.39
3285.96
3283.54
3282.08
3274.84
3276.35
3276.90
3273.60
3274.46
3274.28
3275.67
3272.29
3275.94
3276.25
3279.17
3286.18
3284.14
3294.25
3302.44
3300.57
3300.47
3300.14
3309.55
3303.32
3316.75
3319.27
3307.25
3329.00
3333.00
3331.00
3335.75
3336.60
3336.33
3337.00
3337.40
3336.60
3320.33
3294.50
3294.67
3296.50
3298.14
3298.00
3299.67
3299.50
3302.00
3303.00
3303.25
3305.20
3313.67
3305.67
3305.12
3307.60
3314.80
3327.00
3316.25
3323.25
3331.83
3331.00
3336.50
3335.33
3337.50
3333.00
3332.14
3331.40
3329.00
3335.33
3330.50
3332.00
3332.75
3333.56
3332.30
3333.73
3336.78
3334.74
3333.64
3338.62
3342.00
3335.67
3337.92
3330.14
3325.50
3339.00
3336.00
3334.71
3326.67
3282.95
3247.29
3235.33
3242.89
3244.33
3240.60
3238.58
3241.18
3239.85
3241.00
3251.25
3239.18
3240.59
3238.70
3254.70
3247.50
3288.46
3295.41
3296.00
3298.09
3297.88
3301.80
3305.37
3311.50
3312.86
3317.00
3317.57
3319.33
3319.00
3318.50
3318.83
3318.40
3321.14
3322.57
3320.29
3316.92
3316.35
3314.77
3312.00
3312.33
3314.86
3313.80
3311.86
3316.50
3314.46
3315.50
3310.64
3309.90
3303.38
3302.50
3300.83
3297.00
3298.82
3301.00
3296.04
3297.30
3296.85
3294.46
3292.08
3295.44
3297.69
3297.20
3299.00
3295.06
3295.10
3298.00
3299.00
3305.67
3294.62
3299.33
3289.81
3295.67
3293.75
3290.14
3301.00
3306.64
3300.23
3293.19
3294.44
3305.82
3302.92
3304.43
3311.67
3313.50
3317.50
3313.67
3316.50
3315.00
3315.50
3338.71
3338.95
3337.95
3341.00
3337.20
3339.43
3342.50
3352.12
3349.91
3352.17
3349.10
3347.10
3350.33
3347.79
3345.17
3345.69
3346.89
3316.38
3307.09
3301.44
3314.38
3329.46
3324.44
3292.19
3289.82
3285.67
3277.90
3276.43
3277.67
3274.38
3272.14
3272.11
3283.23
3285.97
3286.71
3293.11
3291.15
3296.78
3290.45
3299.43
3299.13
3317.83
3324.57
3325.56
3327.00
3335.27
3329.72
3330.75
3331.57
3337.60
3341.60
3335.91
3341.00
3308.38
3318.46
3309.33
3309.14
3308.25
3308.20
3306.17
3309.00
3306.71
3305.88
3307.00
3305.00
3304.92
3301.91
3301.40
3307.62
3305.00
3304.90
3303.75
3303.17
3302.86
3302.18
3306.70
3307.00
3301.22
3300.44
3304.75
3298.64
3261.19
3255.69
3303.83
3309.50
3311.75
3308.17
3305.90
3307.42
3305.64
3304.73
3307.40
3307.00
3304.45
3306.67
3310.17
3309.20
3309.94
3310.17
3310.00
3305.33
3300.00
3304.83
3301.26
3298.37
3291.43
3298.82
3298.00
3296.20
3294.50
3295.62
3278.30
3274.42
3274.88
3272.83
3271.20
3274.22
3275.36
3274.70
3280.50
3285.41
3291.41
3291.44
3297.00
3298.36
3302.72
3299.48
3296.17
3293.54
3292.65
3297.41
3292.58
3291.63
3293.06
3287.25
3286.08
3285.58
3285.33
3286.07
3299.53
3300.78
3301.93
3304.31
3305.17
3306.40
3308.67
3310.00
3359.46
3336.33
3337.00
3388.73
3394.00
3396.50
3398.58
3402.33
3402.00
3398.12
3396.78
3397.26
3404.25
3402.73
3399.00
3400.22
3401.50
3400.00
3395.00
3398.09
3397.00
3396.00
3394.00
3391.06
3386.90
3379.65
3392.29
3397.75
3395.78
3392.64
3361.44
3357.93
3362.54
3359.62
3362.00
3365.17
3367.14
3365.50
3365.44
3367.25
3363.78
3365.56
3360.56
3363.67
3358.29
3358.19
3356.38
3361.67
3355.50
3351.22
3344.50
3336.17
3336.00
3334.77
3331.71
3332.17
3335.27
3333.29
3333.83
3334.64
3339.00
3346.50
3336.89
3342.50
3346.54
3350.33
3340.96
3341.29
3344.57
3340.63
3339.62
3342.84
3345.48
3338.64
3340.33
3340.63
3346.04
3350.39
3353.22
3350.15
3351.04
3353.39
3362.06
3361.62
3362.76
3363.10
3361.32
3360.06
3361.74
3363.35
3355.81
3362.62
3355.25
3366.75
3367.75
3366.96
3358.68
3358.77
3364.00
3388.41
3414.60
3411.50
3412.69
3406.15
3406.91
3401.51
3396.94
3403.23
3397.94
3387.77
3386.80
3383.75
3384.95
3387.62
3381.90
3380.95
3384.65
3388.53
3388.00
3377.40
3369.82
3376.14
3384.38
3388.26
3390.38
3378.38
3383.11
3384.36
3389.83
3384.50
3391.00
3398.29
3401.13
3414.89
3421.00
3421.11
3417.55
3421.20
3409.89
3408.36
3410.69
3415.79
3403.00
3406.22
3407.25
3403.00
3417.00
3420.27
3423.91
3428.55
3435.14
3435.00
3431.31
3434.69
3439.62
3440.25
3443.88
3444.50
3446.80
3444.92
3442.17
3447.83
3449.10
3450.10
3449.00
3451.22
3455.06
3457.18
3456.11
3452.90
3455.57
3455.50
3466.14
3475.64
3477.39
3482.50
3479.38
3477.69
3482.15
3479.75
3471.40
3468.33
3481.22
3463.87
3469.19
3470.37
3475.14
3473.00
3470.12
3460.62
3441.60
3434.81
3421.35
3420.93
3410.53
3416.33
3412.00
3408.36
3408.33
3407.56
3406.38
3410.36
3401.27
3404.91
3408.08
3407.27
3409.14
3410.00
3411.88
3407.57
3411.38
3409.75
3409.67
3413.18
3409.20
3415.00
3414.12
3416.06
3415.50
3418.38
3421.45
3425.71
3429.93
3430.14
3428.40
3426.85
3428.78
3417.50
3416.91
3416.78
3415.71
3417.30
3425.50
3428.50
3430.10
3428.92
3432.92
3428.69
3421.54
3421.75
3422.44
3424.06
3424.58
3425.73
3423.75
3422.12
3422.00
3424.89
3427.83
3428.09
3425.57
3423.71
3425.36
3427.08
3424.92
3424.85
3420.71
3410.33
3393.33
3373.00
3367.46
3372.00
3368.15
3371.50
3367.88
3366.25
3364.50
3361.67
3364.50
3361.53
3356.00
3360.11
3357.33
3355.25
3359.29
3353.04
3351.77
3351.15
3350.44
3353.00
3352.55
3354.77
3364.00
3362.89
3362.88
3365.08
3355.87
3350.91
3348.40
3361.83
3350.56
3362.05
3360.17
3347.38
3341.71
3339.15
3322.33
3321.50
3323.71
3323.00
3321.22
3320.11
3317.33
3322.00
3325.67
3325.67
3325.40
3324.73
3330.75
3327.50
3330.57
3328.75
3331.83
3331.14
3331.10
3330.62
3329.50
3330.71
3335.21
3332.65
3331.69
3336.36
3336.50
3340.75
3340.38
3338.27
3333.33
3337.28
3337.33
3337.07
3335.00
3337.73
3339.00
3336.89
3340.00
3342.83
3343.67
3342.29
3338.21
3338.55
3339.92
3337.19
3346.17
3336.44
3341.50
3332.50
3329.33
3329.14
3327.50
3328.25
3325.71
3327.80
3336.95
3337.07
3337.89
3339.65
3346.25
3354.67
3361.29
3354.81
3363.89
3367.37
3369.00
3374.83
3372.86
3374.18
3371.67
3371.42
3366.57
3364.52
3365.87
3367.89
3362.36
3352.83
3355.70
3357.61
3363.05
3334.39
3335.55
3330.29
3318.73
3326.59
3295.07
3298.55
3282.86
3281.28
3277.08
3277.88
3278.62
3277.77
3278.61
3274.40
3277.67
3281.64
3281.83
3279.77
3281.29
3286.00
3286.75
3294.00
3293.00
3291.11
3289.80
3290.82
3286.52
3291.11
3286.52
3285.00
3274.31
3274.04
3274.13
3276.18
3274.50
3270.25
3269.00
3258.00
3248.72
3244.00
3242.38
3244.36
3241.04
3252.46
3247.57
3245.00
3242.96
3243.23
3247.55
3257.62
3259.00
3261.33
3253.60
3248.57
3247.67
3247.00
3244.71
3238.94
3233.33
3239.00
3239.06
3236.27
3228.38
3235.91
3231.67
3236.55
3236.47
3236.67
3239.45
3235.42
3235.67
3230.00
3234.93
3233.30
3234.00
3236.08
3235.41
3240.62
3242.60
3243.08
3240.25
3244.33
3240.71
3250.00
3250.50
3278.31
3274.10
3273.88
3272.45
3270.93
3269.88
3269.00
3269.20
3253.57
3246.73
3238.79
3240.00
3242.89
3239.59
3261.33
3235.37
3232.08
3217.37
3216.11
3211.57
3211.67
3212.60
3213.00
3213.00
3222.46
3218.00
3219.50
3219.94
3225.72
3220.60
3225.05
3229.08
3228.10
3229.25
3224.71
3225.21
3222.86
3222.80
3223.50
3225.75
3224.50
3236.00
3228.08
3234.60
3234.81
3231.00
3228.50
3230.36
3229.64
3224.71
3232.50
3233.21
3236.12
3231.40
3223.31
3233.33
3230.89
3232.93
3235.15
3229.35
3230.67
3230.58
3231.88
3230.00
3227.50
3228.00
3228.00
3235.62
3243.10
3207.78
3201.88
3236.64
3090.05
3238.13
3235.60
3237.67
3180.91
3237.48
3238.72
3242.50
3241.23
3240.45
3240.92
3247.47
3257.78
3251.71
3248.00
3241.10
3241.26
3238.33
3240.56
3240.31
3240.86
3242.00
3243.76
3246.11
3247.60
3244.16
3248.44
3263.53
3271.22
3270.03
3265.00
3259.15
3266.59
3261.76
3264.97
3266.08
3266.22
3263.27
3268.34
3323.91
3353.09
3354.19
3352.58
3341.56
3319.02
3314.54
3293.83
3291.58
3280.89
3270.19
3254.33
3252.61
3252.84
3238.93
3241.85
3240.68
3239.69
3239.62
3238.86
3246.12
3245.10
3244.78
3248.80
3246.00
3240.00
3241.20
3275.22
3241.25
3237.13
3239.15
3256.00
3282.86
3292.84
3294.50
3294.27
3302.92
3305.42
3299.88
3294.43
3293.80
3299.19
3304.00
3316.46
3307.04
3321.61
3315.44
3323.67
3324.62
3323.86
3331.23
3340.50
3342.50
3356.14
3346.46
3337.04
3323.04
3324.11
3315.85
3316.00
3293.30
3303.64
3303.85
3308.54
3290.60
3286.11
3284.36
3287.58
3282.58
3286.22
3283.33
3285.00
3286.15
3286.62
3285.73
3287.38
3291.55
3290.17
3295.80
3294.55
3297.33
3295.38
3295.42
3297.79
3301.09
3304.90
3303.10
3329.83
3322.29
3350.75
3353.41
3340.64
3308.00
3358.70
3362.53
3363.09
3361.20
3365.91
3367.00
3363.76
3362.75
3364.56
3360.25
3359.00
3358.77
3347.00
3337.00
3344.33
3328.56
3329.46
3328.65
3346.15
3356.33
3357.50
3355.93
3360.00
3356.00
3350.83
3360.92
3376.83
3389.48
3393.33
3395.83
3399.17
3386.86
3385.38
3385.88
3384.83
3386.91
3381.83
3380.61
3377.08
3381.44
3377.62
3374.80
3377.82
3377.41
3380.35
3386.94
3388.33
3388.14
3385.75
3384.30
3387.20
3396.71
3394.33
3401.97
3407.15
3414.83
3415.62
3412.92
3413.16
3419.48
3418.48
3420.71
3421.00
3419.77
3423.50
3421.18
3427.31
3421.00
3416.78
3414.40
3416.62
3413.43
3416.43
3415.10
3413.17
3414.85
3409.00
3407.33
3408.17
3405.88
3408.36
3406.73
3407.44
3411.12
3409.70
3416.50
3418.78
3418.91
3418.30
3417.00
3416.90
3415.86
3417.48
3420.88
3420.19
3422.14
3418.12
3418.32
3420.53
3417.70
3417.67
3423.80
3424.31
3426.67
3425.40
3427.17
3427.14
3427.62
3429.17
3433.50
3432.14
3440.00
3431.67
3452.25
3454.95
3455.46
3306.90
3460.07
3457.56
3454.64
3458.00
3459.20
3462.54
3454.20
3445.25
3438.38
3437.73
3430.48
3422.33
3422.94
3418.53
3423.27
3421.44
3419.12
3410.12
3410.20
3409.09
3410.63
3403.16
3409.44
3406.58
3403.60
3401.65
3399.73
3400.33
3400.81
3402.75
3410.33
3404.09
3400.44
3403.47
3399.38
3401.73
3397.00
3398.00
3397.50
3393.00
3392.00
3389.67
3392.33
3393.50
3392.67
3396.17
3397.86
3406.00
3399.44
3406.55
3410.40
3412.60
3412.11
3411.17
3407.09
3407.92
3404.50
3408.67
3406.00
3406.00
3404.17
3406.71
3408.04
3409.00
3407.60
3409.27
3403.36
3400.22
3391.60
3395.57
3397.14
3388.82
3378.57
3367.64
3365.00
3360.44
3347.91
3330.00
3334.83
3314.00
3321.27
3317.50
3323.94
3315.23
3310.91
3311.75
3311.83
3314.29
3312.00
3316.00
3315.17
3313.43
3313.00
3316.33
3319.87
3318.44
3320.87
3330.56
3322.14
3328.25
3327.94
3333.50
3349.10
3348.67
3348.90
3351.36
3352.59
3353.38
3350.64
3350.88
3348.67
3349.57
3349.00
3350.80
3350.07
3352.44
3348.80
3354.53
3353.12
3346.60
3351.26
3341.89
3347.92
3343.70
3338.20
3335.83
3330.43
3328.00
3332.60
3323.83
3329.71
3334.24
3337.11
3339.23
3341.35
3344.38
3339.83
3347.95
3345.33
3355.78
3360.86
3351.50
3361.60
3363.14
3365.09
3362.67
3357.27
3353.26
3354.16
3341.23
3324.14
3350.80
3312.85
3306.04
3305.92
3301.68
3288.41
3283.32
3277.32
3286.76
3281.18
3280.69
3292.80
3287.71
3291.47
3289.00
3292.81
3295.36
3302.47
3300.00
3307.69
3302.80
3297.81
3295.50
3299.00
3292.48
3293.59
3293.61
3285.46
3278.17
3281.10
3284.30
3291.92
3295.81
3298.11
3294.00
3285.18
3286.14
3286.69
3292.79
3298.05
3298.31
3292.62
3288.04
3287.05
3284.42
3285.38
3281.89
3279.15
3286.88
3279.14
3276.43
3278.14
3274.00
3282.50
3283.32
3287.30
3285.22
3293.62
3290.20
3293.91
3292.87
3294.14
3296.14
3300.56
3305.27
3303.42
3307.82
3308.67
3306.88
3308.00
3313.17
3309.00
3308.07
3308.78
3309.62
3303.18
3302.73
3302.06
3299.80
3301.17
3298.16
3293.82
3287.94
3292.86
3281.58
3291.30
3283.28
3288.30
3280.50
3277.80
3280.55
3280.31
3278.43
3282.86
3283.60
3284.20
3280.14
3276.12
3276.78
3277.92
3276.79
3279.31
3280.84
3276.30
3282.50
3287.29
3288.91
3289.09
3290.31
3285.82
3287.43
3290.74
3286.80
3288.20
3297.89
3295.52
3296.30
3294.71
3314.40
3323.80
3327.00
3327.00
3326.67
3325.38
3327.00
3328.38
3327.06
3327.32
3320.72
3322.16
3315.75
3310.59
3312.41
3314.45
3312.00
3307.58
3308.14
3312.55
3309.44
3307.74
3315.45
3305.00
3310.11
3311.50
3313.13
3304.07
3308.00
3305.94
3294.59
3282.54
3267.47
3262.60
3267.60
3259.15
3255.74
3228.50
3228.25
3232.33
3220.89
3219.33
3223.00
3223.29
3229.36
3232.71
3238.35
3229.39
3237.19
3237.33
3240.96
3247.70
3254.86
3259.14
3255.50
3261.71
3262.55
3269.71
3270.75
3271.18
3272.00
3270.62
3273.07
3268.38
3268.83
3272.62
3270.40
3271.14
3266.11
3268.00
3268.88
3268.29
3266.25
3270.00
3273.25
3272.00
3269.71
3271.14
3271.00
3263.15
3266.14
3265.57
3263.38
3264.42
3258.82
3264.90
3263.47
3265.69
3264.06
3263.00
3264.81
3255.76
3258.85
3258.82
3258.54
3254.28
3256.39
3256.86
3258.90
3259.50
3263.83
3273.00
3272.33
3271.71
3271.00
3269.25
3269.60
3268.17
3266.83
3265.60
3269.89
3271.62
3269.67
3270.89
3264.11
3262.00
3274.60
3271.67
3273.12
3273.27
3253.60
3252.11
3263.50
3253.48
3248.16
3245.10
3243.29
3248.29
3247.16
3251.93
3263.50
3275.71
3273.56
3271.69
3277.83
3279.54
3280.20
3263.25
3268.12
3263.94
3270.29
3258.75
3257.21
3263.15
3270.62
3294.27
3287.75
3290.29
3291.44
3293.39
3285.22
3294.18
3294.17
3305.00
3309.46
3304.38
3310.00
3308.92
3305.80
3305.09
3308.67
3305.81
3304.82
3306.04
3305.50
3305.43
3305.00
3305.78
3308.38
3297.86
3295.80
3296.12
3296.67
3300.60
3298.06
3290.47
3291.83
3290.76
3288.00
3292.20
3292.83
3290.18
3297.90
3298.10
3301.64
3301.36
3298.69
3300.89
3307.18
3304.87
3303.25
3303.50
3304.89
3301.80
3302.86
3301.25
3298.00
3291.75
3292.25
3287.91
3288.64
3287.40
3292.33
3286.62
3288.42
3289.12
3288.44
3287.08
3284.29
3286.00
3291.14
3290.92
3297.67
3340.29
3341.29
3350.00
3349.00
3357.43
3357.10
3358.92
3370.70
3379.00
3385.38
3385.64
3387.44
3390.67
3386.80
3386.82
3382.25
3379.47
3372.15
3370.94
3366.52
3368.52
3378.64
3372.71
3371.12
3363.08
3362.67
3360.25
3356.22
3359.41
3351.89
3351.08
3349.73
3347.27
3345.77
3341.74
3342.53
3342.07
3350.05
3365.27
3384.38
3348.13
3365.12
3376.09
3395.41
3392.20
3392.25
3404.26
3404.39
3406.47
3405.70
3396.38
3398.56
3395.25
3397.54
3398.75
3398.40
3398.93
3399.50
3400.20
3410.00
3409.29
3410.70
3407.86
3421.43
3409.00
3429.15
 nan
3421.45
3437.00
3439.18
3450.50
3446.09
3443.91
3445.00
3437.10
3443.50
3436.33
3445.32
3450.24
3447.33
3448.83
3448.28
3451.00
3462.60
3457.50
3460.83
3463.00
3461.70
3448.00
3459.63
3460.41
3459.17
3459.92
3467.12
3465.00
3466.06
3450.00
3460.67
3466.57
3489.32
3492.62
3493.39
3492.16
3488.38
3492.44
3493.73
3496.56
3498.06
3496.62
3498.12
3491.90
3492.00
3494.29
3495.57
3494.71
3496.00
3493.25
3494.43
3491.45
3493.63
3498.38
3506.78
3502.76
3510.76
3512.13
3522.05
3524.06
3535.91
3527.75
3534.83
3535.00
3534.76
3536.91
3531.83
3530.21
3525.39
3522.00
3522.33
3521.06
3523.00
3511.43
3510.36
3507.56
3501.73
3499.93
3504.89
3500.29
3502.00
3495.67
3492.55
3492.40
3492.21
3492.00
3494.44
3497.75
3497.75
3493.29
3492.83
3492.33
3490.17
3495.71
3488.50
3487.33
3489.20
3487.60
3488.30
3487.75
3477.18
3487.40
3485.31
3482.85
3480.43
3473.71
3476.81
3479.67
3484.80
3482.67
3479.25
3482.40
3479.71
3481.25
3478.90
3486.00
3484.67
3484.55
3492.17
3487.94
3494.33
3495.90
3497.60
3497.43
3495.00
3498.50
3499.00
3493.83
3493.00
3496.09
3494.00
3492.00
3494.89
3497.00
3493.25
3492.50
3404.29
3399.38
3395.44
3395.60
3398.33
3402.67
3398.00
3399.60
3401.80
3401.62
3400.80
3401.75
3400.83
3399.71
3399.67
3409.00
3407.60
3405.33
3407.80
3406.67
3397.80
3398.25
3401.73
3402.71
3399.60
3401.15
3401.54
3402.15
3398.56
3399.00
3404.12
3410.00
3406.78
3405.50
3405.08
3405.83
3408.62
3402.00
3403.00
3402.40
3392.50
3381.92
3387.88
3385.63
3383.54
3387.07
3388.92
3387.90
3394.00
3400.12
3401.00
3400.50
3399.00
3395.50
3397.60
3387.62
3390.00
3389.65
3395.40
3392.14
3396.36
3396.00
3397.09
3401.71
3401.60
3395.40
3395.90
3392.83
3396.14
3392.00
3396.83
3395.14
3392.60
3392.60
3393.43
3391.50
3354.47
3347.80
3346.50
3346.25
3344.78
3347.71
3346.08
3346.54
3344.78
3358.09
3362.10
3375.33
3383.86
3381.12
3394.50
3394.75
3391.00
3392.45
3390.78
3388.50
3381.12
3384.11
3378.73
3373.53
3365.42
3359.75
3355.00
3351.62
3336.13
3333.35
3330.33
3331.50
3324.38
3337.30
3338.62
3335.43
3333.87
3334.00
3328.50
3330.26
3326.75
3330.58
3328.00
3329.93
3326.89
3331.00
3334.30
3352.85
3366.71
3362.39
3392.67
3397.75
3399.44
3407.23
3406.67
3407.06
3404.70
3408.59
3406.78
3406.28
3407.11
3406.24
3399.00
3403.42
3372.80
3345.00
3346.60
3346.83
3345.38
3343.70
3343.88
3341.14
3329.08
3326.94
3329.57
3324.30
3312.46
3305.86
3301.21
3293.00
3298.33
3301.22
3292.67
3306.22
3302.89
3305.79
3303.47
3305.42
3305.68
3307.25
3306.18
3308.06
3305.27
3298.16
3308.25
3308.00
3288.00
3290.50
3290.67
3288.62
3289.45
3290.69
3290.00
3294.43
3297.11
3294.30
3298.78
3299.80
3293.86
3292.29
3291.33
3291.10
3285.71
3289.00
3289.00
3288.40
3287.43
3286.20
3284.00
3290.83
3290.00
3289.50
3286.00
3294.89
3294.33
3298.50
3294.94
3296.77
3296.17
3300.20
3305.62
3319.50
3322.47
3314.33
3319.53
3320.55
3326.65
3327.30
3329.00
3307.40
3301.50
3259.75
3262.33
3262.75
3262.00
3258.17
3254.00
3268.86
3264.71
3263.62
3265.50
3268.56
3268.22
3267.22
3265.71
3277.71
3272.43
3273.25
3282.20
3278.46
3283.17
3287.57
3287.93
3285.79
3290.44
3280.64
3283.08
3285.15
3276.08
3275.50
3280.12
3284.82
3280.88
3278.78
3280.75
3278.78
3278.62
3284.20
3294.89
3298.50
3297.91
3296.08
3301.09
3294.08
3304.85
3262.64
3257.24
3268.80
3266.64
3265.89
3261.22
3261.40
3267.08
3262.69
3260.75
3261.87
3263.36
3263.00
3266.20
3262.50
3256.23
3254.73
3256.00
3263.24
3264.00
3259.13
3260.82
3258.22
3260.92
3274.00
3273.71
3283.70
3306.52
3310.79
3308.47
3311.17
3313.00
3310.27
3309.62
3293.75
3287.00
3283.24
3279.44
3281.67
3265.00
3270.17
3264.00
3269.00
3266.38
3261.11
3263.57
3265.20
3267.38
3271.33
3274.00
3285.60
3296.46
3291.33
3289.00
3305.14
3303.00
3304.00
3299.72
3297.15
3296.26
3291.24
3294.54
3290.96
3290.23
3283.40
3278.43
3278.67
3277.56
3276.11
3278.31
3279.90
3288.18
3290.92
3295.21
3298.54
3321.17
3317.75
3323.00
3323.17
3326.50
3325.50
3327.25
3329.30
3331.25
3331.29
3349.90
3358.90
3352.22
3358.22
3354.80
3355.48
3350.96
3343.89
3337.14
3319.09
3319.00
3310.29
3309.57
3304.00
3309.67
3308.88
3309.00
3309.44
3305.83
3314.60
3312.67
3310.67
3306.69
3308.53
3310.29
3310.50
3308.47
3303.44
3305.62
3305.93
3306.00
3308.80
3307.57
3306.06
3306.50
3308.00
3310.71
3337.08
3344.91
3342.33
3344.12
3341.00
3344.38
3355.95
3357.72
3356.65
3359.38
3365.91
3369.57
3376.80
3374.33
 nan
3380.00
3378.43
3377.00
3377.33
3374.00
3375.50
3371.33
3375.50
3374.67
3377.40
3377.20
3380.50
3385.33
3386.75
3388.75
3386.43
3393.50
3384.60
3384.67
3387.80
3395.50
3394.20
3392.50
3413.59
3438.14
3435.71
3460.67
3458.30
3455.82
3458.20
3455.60
3457.60
3458.25
3458.00
3457.50
3459.12
3460.73
3460.46
3459.83
3459.23
3462.84
3466.44
3465.91
3466.06
3463.50
3465.71
3470.25
3510.60
3516.76
3515.95
3527.10
3541.25
3537.80
3547.56
3550.64
3554.82
3558.50
3555.57
3555.82
3556.27
3555.08
3556.40
3558.78
3560.43
3561.31
3560.00
3558.20
3559.78
3560.75
3564.65
3568.24
3555.00
3568.30
3574.83
3604.76
3610.56
3611.79
3635.92
3634.92
3633.07
3635.43
3638.50
3640.80
3645.00
3644.00
3653.08
3658.18
3659.06
3659.41
3663.47
3665.13
3670.38
3673.63
3694.39
3692.30
3691.58
3693.06
3699.88
3702.37
3703.75
3716.78
3718.55
3724.58
3726.19
3733.58
3735.33
3737.67
3741.30
3747.20
3751.81
3780.06
3810.73
3802.82
3803.62
3843.31
3846.27
3840.36
3853.06
3862.26
3858.22
3865.95
3870.29
3874.73
3889.58
3884.90
3897.69
3898.48
3900.83
3919.49
3928.30
3915.91
3908.06
3894.95
3912.94
3907.64
3935.24
3949.02
3918.26
3930.94
3904.22
3947.39
3960.42
3960.62
3964.46
3964.08
3978.93
3992.62
3988.98
3980.73
3986.02
3989.22
3981.40
4000.56
4020.34
4030.29
4042.50
4039.54
4048.04
4041.12
4057.62
4057.48
4067.79
4069.86
4106.50
3781.11
4031.77
3908.51
3993.36
4160.50
4162.80
4167.17
4164.80
4164.75
4165.33
4163.00
4167.00
4165.78
4166.70
4169.20
4166.83
4167.70
4165.18
4163.20
4166.10
4164.00
4162.71
4161.80
4170.12
4174.00
4172.54
4172.33
4174.69
4172.25
4182.88
4193.41
4179.00
4185.00
4184.39
4187.16
4191.47
4190.06
4184.58
4186.20
4182.40
4179.00
4186.08
4183.75
4188.75
4195.10
4192.92
4193.85
4193.80
4190.74
4193.68
4188.43
4192.60
4196.58
4196.56
4200.92
4195.33
4195.33
4192.86
4194.11
4197.60
4196.61
4193.39
4194.50
4188.00
4193.33
4190.73
4188.48
4190.44
4189.46
4193.47
4191.12
4191.27
4190.86
4189.88
4191.92
4187.35
4188.70
4187.33
4186.71
4185.56
4191.00
4189.15
4186.11
4184.27
4188.25
4156.94
4137.33
4138.39
4127.62
4126.57
4125.91
4125.38
4095.71
4089.76
4075.94
4047.42
4047.38
4021.93
4020.20
4025.53
4016.68
4014.72
4008.82
3996.40
3994.68
3984.95
3978.72
3973.46
3969.50
3963.13
3960.96
3954.62
3946.58
3940.66
3958.88
3935.25
3932.07
3913.52
3907.95
3889.01
3880.22
3874.97
3883.34
3888.35
3870.13
3865.58
3853.94
3850.55
3845.69
3839.47
3831.69
3826.00
3827.85
3817.68
3814.07
3792.83
3792.41
3773.74
3751.70
3717.64
3761.37
3752.30
3720.68
3693.40
3703.21
3708.06
3691.00
3700.00
3696.80
3696.43
3695.27
3683.50
3682.85
3678.12
3679.90
3672.19
3672.94
3678.00
3663.38
3670.38
3663.23
3659.43
3653.69
3651.52
3638.08
3641.26
3620.93
3620.40
3620.45
3612.88
3606.13
3600.19
3594.20
3600.52
3598.90
3590.33
3590.17
3586.29
3576.11
3578.60
3578.71
3577.67
3576.79
3578.14
3577.76
3577.73
3578.75
3570.33
3576.57
3574.75
3573.78
3576.42
3572.20
3548.07
3572.83
3533.08
3525.38
3516.05
3504.40
3497.75
3502.65
3499.62
3499.93
3506.27
3504.09
3498.25
3504.27
3503.65
3503.83
3501.18
3504.86
3520.55
3510.20
3510.18
3516.00
3515.67
3518.89
3520.64
3516.20
3518.00
3521.71
3517.00
3516.00
3515.00
3484.12
3464.34
3453.69
3445.66
3431.00
3431.37
3419.40
3408.04
3383.73
3367.15
3354.29
3370.13
3371.47
3364.90
3363.24
3340.80
3348.56
3342.29
3345.27
3341.90
3341.33
3342.89
3339.50
3337.00
3345.00
3343.41
3344.38
3351.62
3345.33
3349.53
3348.09
3347.43
3349.00
3347.42
3344.48
3336.50
3343.08
3345.14
3338.73
3342.14
3341.58
3342.38
3344.33
3343.38
3345.00
3344.33
3344.50
3348.62
3352.70
3363.42
3358.75
3364.96
3360.93
3360.26
3364.00
3361.12
3372.35
3375.23
3377.50
3377.82
3376.62
3379.91
3376.92
3371.00
3370.17
3371.47
3373.88
3370.69
3372.36
3371.50
3374.00
3372.86
3370.41
3379.75
3377.00
3372.73
3373.25
3376.08
3375.42
3376.11
3375.90
3379.83
3378.00
3377.00
3375.00
3422.21
3482.14
3324.90
3383.61
3326.50
3313.00
3319.50
3313.56
3316.40
3315.57
3310.00
3313.17
3312.63
3313.72
3318.74
3316.67
3315.84
3313.00
3312.15
3312.00
3309.67
3310.67
3306.27
3300.67
3301.57
3299.88
3301.00
3301.83
3294.85
3297.64
3306.88
3304.75
3293.00
3291.11
3299.22
3295.82
3297.14
3302.22
3297.76
3297.17
3300.25
3300.35
3295.82
3295.42
3309.60
3302.04
3302.00
3302.91
3302.10
3303.30
3297.77
3298.00
3297.67
3305.00
3304.75
3296.60
3300.47
3304.56
3308.00
3303.67
3308.67
3309.67
3326.25
3328.90
3337.85
3330.40
3347.05
3347.19
3345.59
3347.54
3346.17
3347.47
3346.28
3342.36
3344.44
3332.73
3328.22
3340.93
3350.19
3347.15
3350.92
3361.00
3347.91
3346.77
3357.35
3366.35
3370.85
3388.17
3388.47
3390.30
3386.33
3377.50
3374.57
3372.81
3376.67
3374.00
3374.50
3376.75
3385.17
3377.86
3373.94
3375.82
3375.40
3370.29
3375.57
3373.12
3373.59
3366.71
3359.80
3373.33
3371.20
3371.58
3371.21
3366.83
3366.47
3365.71
3370.56
3371.78
3382.88
3385.60
3391.00
3386.12
3386.36
3386.00
3387.29
3387.57
3386.11
3392.50
3387.09
3389.56
3384.00
3384.17
3382.47
3384.12
3384.53
3391.75
3394.88
3397.22
3397.87
3398.18
3392.55
3520.74
3390.17
3394.91
3397.86
3392.25
3390.75
3385.74
3383.62
3381.86
3383.00
3384.78
3384.92
3389.40
3387.64
3387.33
3387.56
3384.67
3387.20
3391.27
3391.19
3390.60
3391.40
3395.55
3394.21
3390.18
3392.45
3403.50
3418.38
3433.40
3430.17
3435.30
3435.50
3435.60
3429.71
3435.00
3434.86
3439.14
3441.89
3438.33
3444.57
3442.70
3444.80
3446.50
3448.57
3453.00
3449.12
3449.57
3451.67
3453.67
3457.67
3463.47
3460.82
3457.90
3465.59
3467.64
3478.05
3471.19
3470.88
3473.42
3479.54
3481.17
3482.80
3483.71
3484.25
3475.20
3379.31
3471.90
3468.64
3473.07
3467.13
3465.13
3459.92
3460.40
3458.44
3456.00
3458.00
3449.67
3453.00
3452.50
3438.85
3449.00
3462.00
3462.13
3460.86
3458.25
3463.50
3462.88
3460.78
3472.78
3498.79
3519.09
3524.12
3516.74
3520.55
3519.50
3516.49
3500.73
3518.62
3516.28
3504.70
3502.45
3498.36
3492.40
3490.14
3484.12
3490.41
3487.44
3487.32
3483.33
3475.14
3484.47
3478.07
3472.13
3467.31
3463.89
3461.15
3461.56
3449.25
3438.00
3435.62
3439.60
3435.67
3433.80
3439.08
3434.86
3437.00
3434.45
3434.83
3433.20
3435.57
3433.12
3439.33
3436.67
3434.57
3431.17
3431.70
3437.00
3436.60
3432.85
3436.50
3431.33
3429.82
3432.20
3435.00
3435.83
3440.00
3464.82
3468.00
3468.73
3465.31
3465.27
3467.15
3459.38
3462.83
3457.00
3444.57
3437.88
3429.79
3388.56
3428.33
3437.00
3435.75
3434.40
3434.29
3433.89
3432.14
3428.09
3424.42
3423.24
3421.00
3419.21
3418.82
3415.86
3412.04
3407.64
3407.77
3403.50
3401.67
3404.33
3405.00
3400.50
3364.17
3358.45
3401.75
3379.50
3357.94
3339.73
3308.64
3309.89
3314.44
3314.05
3311.50
3305.13
3308.93
3309.00
3310.89
3328.48
3335.74
3331.45
3332.62
3329.50
3315.00
3311.50
3346.81
3359.47
3368.24
3360.55
3368.39
3376.69
3359.24
3359.10
3362.05
3361.92
3359.94
3358.35
3359.04
3356.04
3354.50
3351.33
3350.43
3347.00
3345.87
3348.28
3352.62
3350.75
3353.23
3353.52
3354.59
3354.27
3358.18
3367.41
3358.33
3359.15
3351.69
3351.90
3356.50
3361.69
3354.60
3356.64
3352.69
3348.00
3349.07
3346.69
3346.50
3347.29
3349.86
3353.31
3351.93
3350.73
3353.60
3353.00
3354.38
3356.52
3351.96
3348.21
3351.52
3352.08
3353.28
3347.70
3346.04
3351.70
3351.33
3351.72
3351.35
3347.10
3354.83
3352.46
3349.38
3346.17
3349.60
3349.20
3355.25
3353.21
3355.59
3354.17
3355.52
3350.86
3352.41
3350.83
3350.80
3353.17
3353.90
3354.40
3357.12
3354.53
3341.86
3337.27
3331.77
3314.94
3301.81
3294.80
3294.82
3283.46
3282.67
3298.25
3295.50
3296.94
3299.50
3299.89
3305.56
3303.78
3301.08
3307.80
3311.00
3311.07
3314.00
3319.71
3325.08
3319.67
3319.60
3328.56
3334.64
3326.10
3334.61
3331.55
3331.93
3332.00
3331.64
3334.18
3333.75
3324.56
3322.86
3318.87
3309.57
3318.72
3318.94
3312.22
3307.80
3313.00
3313.87
3311.11
3309.71
3320.60
3327.08
3323.64
3322.73
3328.89
3329.73
3334.75
3334.86
3336.67
3337.67
3340.38
3334.86
3341.54
3343.14
3347.21
3345.94
3349.19
3348.26
3353.75
3353.56
3355.62
3355.46
3348.55
3351.08
3354.69
3352.31
3350.06
3333.30
3344.90
3336.64
3322.12
3327.33
3319.70
3321.11
3319.33
3316.00
3314.92
3316.50
3321.40
3321.57
3311.38
3315.33
3308.59
3301.74
3236.52
3315.50
3303.81
3290.74
3294.00
3304.33
3289.79
3288.25
3287.45
3291.36
3294.56
3289.33
3153.70
3290.67
3291.20
3291.00
3287.46
3291.85
3294.74
3292.18
3292.00
3296.00
3304.76
3302.53
3310.00
3312.15
3314.50
3318.21
3315.64
3318.54
3315.91
3319.67
3317.25
3315.80
3317.73
3319.00
3318.26
3323.22
3324.50
3334.70
3334.60
3339.00
3337.92
3334.67
3342.90
3345.67
3346.70
3344.33
3342.40
3337.33
3343.60
3342.62
3343.25
3330.67
3325.67
3321.28
3322.60
3317.96
3318.72
3312.21
3310.19
3307.44
3301.62
3294.20
3294.33
3295.00
3293.88
3293.50
3291.78
3289.25
3292.20
3291.33
3291.20
3291.00
3293.33
3296.89
3300.25
3296.83
3301.00
3297.67
3295.00
3299.67
3306.62
3323.90
3315.23
3326.10
3313.44
3315.20
3318.83
3317.20
3319.60
3319.25
3324.23
3321.55
3323.94
3320.29
3299.79
3286.08
3285.93
3290.93
3288.47
3285.35
3278.92
3285.63
3266.95
3258.27
3255.38
3261.14
3278.00
3268.62
3261.30
3262.86
3259.50
3264.25
3264.00
3260.50
3260.86
3261.14
3267.50
3270.25
3277.26
3271.00
3280.53
3275.38
3278.35
3286.43
3277.54
3283.24
3286.75
3277.67
3278.00
3278.93
3276.57
3273.88
3270.33
3270.18
3271.11
3269.43
3267.62
3268.91
3270.70
3271.86
3271.88
3273.54
3277.80
3280.35
3277.41
3280.19
3283.09
3281.57
3286.68
3289.18
3291.08
3290.11
3298.00
3301.00
3300.54
3298.62
3303.27
3292.50
3286.38
3296.89
3294.63
3294.09
3289.44
3293.17
3292.58
3285.50
3256.19
3247.57
3245.32
3245.27
3255.29
 nan
3237.00
3235.00
3235.33
3235.25
3231.67
3230.71
3232.62
3240.55
3244.22
3241.96
3243.06
3238.26
3239.96
3248.50
3245.50
3248.09
3251.81
3257.65
3246.20
3254.17
3253.27
3255.50
3253.58
3261.43
3260.20
3267.19
3263.62
3280.12
3273.00
3277.29
3281.38
3280.64
3278.77
3278.55
3278.00
3277.55
3281.43
3277.79
3276.67
3277.60
3278.17
3277.67
3276.29
3280.00
3278.38
3278.88
3277.67
3275.60
3277.17
3275.33
3278.20
3276.00
3275.00
3276.25
3277.50
3277.90
3282.20
3280.80
3279.33
3279.29
3281.25
3277.50
3282.50
3302.53
3306.18
3304.14
3307.06
3309.19
3313.03
3315.21
3314.57
3314.58
3328.00
3336.91
3343.77
3341.92
3344.73
3341.07
3340.11
3330.80
3330.63
3333.44
3330.00
3334.82
3336.38
3342.78
3351.11
3353.88
3355.60
3348.64
3363.23
3395.86
3407.23
3386.03
3398.62
3414.06
3420.75
3418.00
3418.56
3430.10
3433.00
3432.11
3435.43
3434.00
3427.38
3430.30
3420.70
3427.37
3436.50
3414.35
3395.20
3392.57
3384.57
3381.10
3378.00
3376.95
3375.29
3370.18
3364.33
3371.67
3372.12
3371.78
3377.95
3381.27
3386.60
3385.47
3391.40
3397.82
3403.07
3400.12
3416.41
3413.25
3414.88
3418.93
3421.05
3421.67
3434.50
3434.86
3433.88
3434.75
3440.00
3440.00
3436.50
3438.20
3436.30
3438.56
3439.50
3438.55
3436.00
3434.12
3436.36
3432.41
3431.00
3426.75
3430.11
3429.53
3428.55
3426.21
3423.00
3419.00
3416.73
3415.92
3421.67
3426.69
3430.10
3431.57
3430.42
3424.94
3427.60
3428.95
3431.36
3442.33
3445.75
3448.09
3450.67
3446.11
3444.71
3447.92
3443.62
3440.80
3443.05
3439.94
3435.86
3426.25
3425.95
3424.85
3421.58
3423.00
3422.64
3407.88
3409.31
3413.65
3416.74
3423.73
3422.05
3426.57
3426.22
3428.13
3428.07
3425.80
3426.11
3427.60
3425.25
3428.60
3424.25
3428.00
3431.50
3424.00
3423.50
3433.10
3441.67
3439.00
3433.67
3431.00
3427.47
3431.41
3429.57
3427.15
3428.30
3429.00
3427.74
3426.15
3425.29
3425.00
3420.53
3420.28
3415.25
3420.42
3422.17
3414.89
3410.53
3409.00
3406.50
3401.71
3407.92
3409.22
3410.64
3412.42
3417.75
3420.93
3423.45
3430.11
3427.47
3436.77
3436.32
3440.31
3439.77
3436.64
3436.91
3432.62
3435.36
3422.75
3430.07
3426.31
3422.50
3419.50
3415.00
3413.50
3414.00
3412.60
3417.00
3406.00
3408.00
3412.67
3408.20
3392.56
3406.67
3392.76
3397.62
3399.38
3393.22
3392.07
3380.12
3381.78
3374.40
3375.12
3373.00
3373.72
3373.32
3379.53
3385.20
3380.05
3387.16
3400.90
3403.90
3405.10
3407.30
3407.80
3404.75
3401.81
3389.36
3396.62
3405.40
3396.84
3388.47
3381.81
3376.86
3367.60
3362.89
3367.50
3377.18
3376.50
3365.47
3368.00
3370.95
3374.73
3377.73
3381.00
3378.10
3379.20
3375.43
3378.25
3376.00
3374.08
3372.08
3376.46
3375.00
3375.86
3373.20
3318.16
3315.35
3304.53
3296.85
3292.56
3292.55
3296.00
3294.91
3293.50
3292.67
3291.17
3292.80
3287.89
3290.36
3293.83
3299.43
3301.17
3300.33
3307.78
3313.73
3309.70
3313.15
3314.53
3315.93
3314.50
3314.89
3311.80
3314.25
3321.60
3315.67
3314.45
3315.48
3318.50
3310.40
3310.27
3312.33
3317.17
3314.28
3314.32
3313.65
3315.33
3314.62
3310.47
3314.80
3310.38
3303.73
3298.42
3301.12
3303.50
3296.56
3296.14
3298.11
3296.75
3293.64
3293.30
3294.47
3295.54
3293.44
3294.23
3294.90
3291.13
3296.56
3297.75
3302.29
3304.76
3300.81
3303.55
3302.95
3299.35
3295.95
3298.29
3299.65
3299.52
3295.85
3304.29
3298.74
3301.13
3303.88
3301.35
3301.57
3303.66
3303.89
3301.62
3297.72
3300.09
3321.27
3319.67
3323.00
3323.25
3324.33
3336.86
3335.20
3340.67
3349.82
3350.15
3348.19
3357.56
3355.95
3352.50
3361.55
3358.75
3350.58
3349.42
3351.83
3350.87
3348.65
3324.37
3326.80
3303.50
3342.10
3299.54
3293.16
3293.00
3295.03
3282.42
3270.19
3267.25
3260.06
3262.95
3264.00
3263.61
3279.45
3286.28
3304.47
3321.26
3329.73
3345.15
3345.30
3354.39
3330.35
3348.00
3360.00
3363.68
3369.21
3367.31
3369.79
3366.11
3361.29
3357.27
3360.40
3356.89
3356.71
3359.20
3355.39
3348.00
3349.92
3348.69
3335.00
3335.46
3333.31
3332.55
3326.45
3334.14
3323.78
3319.58
3318.54
3317.88
3314.82
3313.89
3314.38
3311.70
3313.83
3314.44
3314.94
3316.44
3312.29
3310.06
3316.00
3315.52
3312.92
3313.75
3311.44
3316.22
3315.89
3313.33
3312.67
3313.24
3316.07
3312.53
3313.61
3318.56
3325.57
3315.89
3323.33
3324.00
3321.50
3322.50
3330.67
3436.77
3410.78
3389.14
3299.18
3292.67
3287.67
3375.93
3327.14
3331.90
3326.83
3323.10
3321.22
3316.50
3322.90
3325.20
3329.60
3328.67
3333.23
3343.09
3355.58
3350.87
3355.71
3360.53
3350.67
3361.89
3365.52
3368.96
3367.40
3368.30
3370.09
3364.62
3361.86
3368.62
3369.13
3380.86
3378.33
3385.79
3384.42
3393.22
3405.76
3406.48
3418.22
3415.47
3418.06
3418.50
3420.43
3408.05
3409.47
3408.18
3391.77
3390.18
3386.44
3403.80
3367.04
3367.71
3355.25
3354.70
3352.44
3359.47
3358.79
3358.23
3357.29
3356.46
3358.08
3361.39
3371.47
3373.58
3376.81
3377.30
3366.27
3367.89
3375.44
3376.20
3410.90
3458.90
3460.40
3462.83
3462.63
3462.46
3467.06
3460.17
3463.50
3465.92
3469.75
3472.58
3471.92
3471.56
3473.00
3475.57
3473.50
3479.53
3480.00
3488.46
3486.18
3487.05
3472.50
3505.22
3514.57
3520.20
3517.83
3524.89
3521.50
3528.07
3528.75
3530.20
3528.80
3531.86
3532.00
3535.43
3545.91
3571.44
3543.00
3556.44
3549.91
3575.40
3582.54
3582.35
3594.67
3592.12
3603.38
3603.21
3600.10
3604.00
3602.65
3604.71
3607.87
3611.10
3611.14
3605.65
3531.68
3546.45
3605.72
3602.71
3596.19
3593.29
3592.80
3598.48
3601.48
3599.45
3615.14
3607.46
3617.00
3612.62
3611.63
3617.43
3629.89
3641.31
3637.11
3641.09
3636.67
3626.23
3641.38
3639.57
3644.30
3640.40
3639.50
3641.00
3637.20
3636.00
3635.75
3637.80
3638.20
3641.43
3643.67
3647.43
3643.24
3644.89
3646.83
3649.62
3646.67
3648.89
3653.91
3655.50
3667.43
3656.25
3657.57
3657.33
3656.88
3656.00
3664.30
3663.78
3665.12
3668.50
3670.36
3660.08
3659.67
3656.40
3649.78
3656.00
3655.05
3656.97
3660.16
3652.70
3651.20
3647.33
3644.85
3646.22
3649.00
3651.27
3650.91
3647.92
3652.87
3654.67
3659.64
3652.92
3644.33
3646.67
3645.86
3650.27
3653.35
3639.33
3635.25
3631.14
3618.33
3617.57
3616.00
3631.20
3725.20
3610.70
3620.05
3597.33
3598.09
3600.40
3599.93
3598.00
3605.53
3609.05
3627.62
3627.93
3626.86
3631.22
3637.50
3623.33
3618.00
3648.18
3644.56
3654.29
3652.78
3656.42
3652.36
3655.47
3650.00
3645.28
3633.87
3635.24
3633.76
3626.92
3625.59
3619.89
3615.11
3618.09
3617.79
3619.38
3627.90
3625.75
3624.92
3639.50
3638.83
3633.00
3637.33
3635.83
3634.80
3637.24
3627.59
3643.50
3625.39
3623.65
3625.65
3623.11
3621.26
3624.11
3629.50
3625.00
3631.69
3631.20
3621.86
3635.80
3627.69
3626.43
3629.93
3626.00
3622.48
3620.90
3615.67
3612.31
3584.93
3588.74
3586.53
3581.00
3578.00
3565.67
3565.86
3564.60
3559.00
3561.43
3551.75
3553.25
 nan
3559.36
3558.50
3546.44
3543.17
3543.16
3543.10
3543.18
3539.75
3545.43
3543.95
3536.83
3540.37
3541.91
3542.35
3534.36
3540.73
3535.70
3530.00
3527.55
3536.08
3533.40
3532.33
3531.62
3527.71
3530.11
3529.00
3529.67
3530.75
3525.25
3519.50
3519.20
3522.12
3523.50
3522.67
3519.50
3515.50
3510.50
3505.67
3516.60
3517.17
3519.17
3514.60
3520.50
3519.50
3521.50
3523.00
3511.83
3513.75
3514.86
3509.27
3503.92
3500.28
3498.64
3492.21
3499.04
3470.96
3465.69
3463.37
3464.34
3466.85
3464.26
3451.48
3457.04
3456.53
3453.71
3447.78
3456.34
3464.81
3453.96
3458.69
3447.59
3460.00
3459.92
3452.45
3452.90
3461.89
3463.68
3465.74
3466.74
3470.08
3469.50
3453.50
3472.33
3468.44
3462.28
3433.67
3400.33
3405.38
3378.92
3380.44
3378.22
3380.38
3377.67
3384.75
3381.60
3382.33
3374.50
3378.44
3377.36
3376.10
3374.38
3380.44
3373.31
3372.40
3363.00
3372.06
3363.13
3367.08
3368.75
3361.90
3361.21
3361.80
3358.25
3360.11
3366.67
3368.37
3368.57
3367.19
3376.62
3369.53
3369.39
3371.89
3374.80
3379.50
3375.50
3380.33
3373.33
 nan
3373.60
3376.00
3373.50
3377.00
3371.50
3351.75
3343.76
3319.12
3319.23
3321.67
3318.20
3317.50
3311.20
3313.60
3326.25
3322.92
3317.14
3325.45
3322.54
3322.60
3329.50
3339.42
3341.25
3341.54
3339.38
3336.83
3339.18
3328.00
3323.00
3322.60
3325.25
3317.79
3304.28
3295.81
3308.50
3306.50
3295.87
3296.20
3265.00
3266.67
3277.50
3268.33
3265.25
3264.25
3259.58
3255.60
3250.96
3249.16
3251.43
3253.13
3250.31
3244.58
3249.69
3247.31
3243.93
3242.09
3249.91
3246.31
3241.81
3250.33
3255.29
3256.50
3256.00
3260.50
3264.25
3260.25
3263.25
3264.50
3259.00
3259.08
3253.67
3252.18
3252.89
3248.78
3256.79
3255.50
3261.29
3252.35
3249.85
3253.57
3260.20
3256.50
3249.84
3248.18
3245.62
3246.00
3255.26
3252.31
3250.45
3251.16
3252.56
3251.25
3253.57
3245.17
3250.19
3251.00
3249.71
3246.25
3245.17
3245.21
3235.50
3238.25
3238.50
3239.33
3239.86
3241.75
3241.14
3250.20
3248.67
3250.82
3256.15
3259.00
3256.86
3256.50
3269.64
3258.50
3267.15
3273.50
3273.43
3274.50
3271.75
3266.20
3264.15
3261.41
3262.04
3262.78
3263.16
3261.75
3263.21
3270.00
3261.90
3267.47
3270.41
3269.15
3269.07
3277.88
3273.50
3273.72
3281.17
3276.27
3277.05
3274.33
3281.89
3291.64
3303.69
3320.87
3323.31
3319.06
3320.86
3317.50
3313.15
3307.45
3305.61
3302.17
3295.69
3297.00
3289.44
3284.62
3287.11
3285.14
3283.60
3282.50
3282.83
3279.88
3290.67
3283.29
3285.75
3285.33
3285.50
3286.00
3290.50
3303.21
3312.18
3147.37
3347.00
3346.80
3348.40
3348.00
3349.18
3348.50
3350.20
3351.17
3349.84
3351.20
3355.42
3353.80
3351.45
3354.06
3355.00
3357.12
3353.38
3354.27
3356.69
3362.00
3361.19
3359.25
3357.74
3363.00
3361.55
3363.00
3356.80
3304.50
3304.08
3300.32
3284.80
3279.24
3278.04
3273.83
3268.12
3265.48
3261.12
3268.55
3260.22
3257.60
3256.29
3259.10
3262.95
3261.42
3264.32
3277.64
3285.33
3289.84
3289.30
3282.11
3291.47
3295.76
3294.73
3309.50
3319.40
3316.44
3316.57
3312.20
3317.00
3317.25
3319.00
3319.50
3303.50
3314.38
3316.83
3317.04
3318.67
3315.17
3311.83
3316.60
3314.58
3315.33
3318.14
3314.91
3315.77
3320.14
3320.50
3326.50
3324.50
3404.47
3410.62
3408.40
3408.35
3581.36
3622.00
3419.60
3604.70
3521.47
3429.33
3430.35
3427.92
3429.10
3431.77
3429.67
3423.93
3419.00
3418.29
3412.57
3406.09
3413.20
3410.00
3409.50
3411.00
3402.91
3390.15
3396.36
3394.36
3416.80
3410.68
3418.88
3424.50
3424.08
3423.07
3428.12
3497.66
3440.39
3437.87
3448.65
3444.50
3455.00
3454.00
3459.92
3465.73
3466.88
3469.29
3470.86
3468.29
3466.12
3498.05
3483.55
3511.62
3526.11
3512.92
3537.10
3544.42
3537.49
3545.00
3562.63
3562.83
3574.38
3557.75
3557.67
3553.54
3556.61
3554.45
3547.67
3545.38
3545.25
3554.00
3554.17
3552.82
3550.88
3551.62
3558.57
3555.11
3561.00
3601.83
3607.65
3612.24
3630.31
3650.52
3651.33
3661.88
3670.53
3668.47
3673.03
3673.68
3678.00
3693.22
3706.70
3721.94
3751.75
3734.44
3750.27
3775.42
3775.24
3769.74
3769.67
3774.93
3768.82
3780.44
3781.93
3784.46
3788.06
3786.33
3791.00
3788.12
3794.25
3800.60
3791.20
3802.73
3806.00
3816.54
3818.40
3814.91
3816.80
3822.00
3821.71
3825.69
3836.81
3828.73
3886.67
3892.55
3888.60
3897.61
3943.98
3945.02
3934.68
3961.54
3963.93
3965.73
3964.18
3970.65
3976.17
3979.50
3980.00
3978.00
4006.90
4014.00
4012.15
4019.55
4025.37
4026.38
4031.38
4035.00
4041.21
4041.83
4045.00
4048.56
4045.64
4046.17
4047.27
4046.90
4043.40
4032.25
4045.79
4047.58
4036.63
4027.92
4025.25
4022.19
4034.68
4029.62
4027.93
4021.75
4030.53
4026.20
4031.15
4024.94
4025.62
4027.40
4030.79
4040.17
4038.43
4041.19
4043.88
4046.46
4045.09
4048.94
4041.07
4039.73
4041.78
4034.14
4033.04
4025.14
4018.48
4029.25
4018.00
4007.68
4005.30
4007.21
4004.79
4005.78
4007.45
4004.67
4016.17
4006.73
4006.09
4004.89
4007.25
4007.55
4010.11
4005.39
4005.75
4001.14
3999.56
3967.11
3958.86
3944.38
3941.09
3947.70
3945.14
3944.00
3938.50
3937.38
3932.17
3935.00
3937.33
3926.79
3920.83
3917.25
3916.00
3927.33
3915.33
3912.58
3910.20
3906.30
3903.00
3901.70
3902.08
3903.31
3894.62
3895.27
3894.33
3884.38
3880.83
3879.13
3877.70
3865.67
3854.50
3839.08
3836.70
3845.61
3847.38
3837.40
3807.37
3795.86
3784.89
3775.85
3713.48
3771.34
3744.80
3741.46
3662.78
3721.71
3646.48
3719.68
3713.80
3713.64
3714.56
3691.95
3677.25
3690.50
3699.75
3670.61
3664.92
3651.94
3650.32
3639.56
3632.59
3615.64
3599.17
3588.12
3586.12
3585.56
3578.23
3575.03
3564.95
3559.56
3547.40
3548.00
3543.50
3538.64
3540.30
3537.73
3537.25
3537.26
3539.74
3537.88
3537.46
3540.32
3541.54
3543.06
3543.10
3544.60
3544.15
3533.67
3537.13
3537.22
3525.33
3525.88
3531.78
3520.22
3504.93
3487.92
3481.16
3487.00
3489.50
3490.72
3488.15
3471.84
3475.92
3466.31
3461.40
3460.67
3464.75
3460.12
3462.00
3461.50
3463.00
3460.14
3458.00
3470.83
3468.88
3472.67
3468.00
3471.60
3468.47
3467.79
3470.76
3465.36
3467.46
3467.75
3468.25
3422.33
3428.46
3518.37
3428.42
3417.89
3412.80
3408.33
3411.25
3410.82
3410.89
3412.00
3411.00
3406.50
3406.50
3405.29
3405.71
3394.00
3404.33
3346.11
3332.04
3326.66
3268.80
3328.04
3329.97
3317.68
3313.79
3307.32
3305.82
3305.28
3298.73
3303.27
3305.56
3308.60
3312.38
3315.70
3311.60
3311.14
3311.62
3306.10
3304.07
3298.67
3304.33
3306.50
3294.59
3291.60
3303.22
3291.17
3283.71
3283.71
3276.80
3276.88
3271.11
3261.68
3269.00
3272.20
3260.36
3264.20
3244.71
3248.82
3249.33
3243.08
3246.64
3250.52
3258.38
3254.38
3262.38
3274.61
3269.32
3270.83
3278.91
3285.53
3290.20
3290.00
3295.50
3294.20
3292.00
3292.00
3295.20
3297.80
3300.00
3312.30
3336.73
3317.50
3306.22
3301.00
3308.00
3306.00
3342.91
3355.60
3351.20
3354.94
3354.29
3348.00
3350.45
3336.50
3335.23
3333.94
3333.14
3331.73
3328.61
3335.25
3325.00
3299.55
3293.77
3295.75
3296.16
3293.88
3292.19
3286.50
3285.63
3276.83
3273.17
3275.00
3273.67
3271.10
3272.29
3274.33
3274.36
3274.11
3270.00
3265.08
3262.74
3253.76
3256.67
3257.71
3255.56
3254.94
3254.11
3253.79
3251.69
3255.40
3255.64
3255.93
3254.73
3255.29
3255.74
3253.31
3255.39
3253.43
3250.67
3256.50
3255.14
3256.86
3252.15
3248.00
3240.67
3244.20
3239.12
3241.67
3242.00
3245.50
3247.80
3249.00
3258.00
3250.83
3250.50
3253.00
3248.70
3253.50
3250.18
3250.42
3253.30
3257.33
3256.86
3259.38
3254.20
3257.33
3256.67
3260.57
3258.80
3254.80
3255.17
3261.56
3260.88
3261.00
3260.60
3259.50
3256.00
3253.40
3259.00
3252.00
3264.12
3266.45
3267.07
3271.00
3940.33
3542.43
3447.45
3266.83
3257.80
3260.43
3170.12
3251.00
3248.62
3253.78
3255.09
3255.08
3253.22
3255.82
3259.15
3261.75
3260.79
3260.82
3482.33
3258.12
3261.10
3262.29
3261.22
3259.08
3256.85
3255.73
3258.00
3259.05
3258.57
3257.33
3255.70
3254.21
3255.87
3266.15
3265.27
3268.30
3264.83
3265.12
3265.38
3266.44
3268.33
3268.38
3268.00
3269.86
3276.07
3277.44
3273.41
3283.67
3287.09
3277.50
3289.29
3291.07
3292.94
3292.00
3291.73
3296.14
3295.20
3293.11
3294.50
3294.00
3291.00
3287.00
3289.25
3293.25
3289.00
3284.83
3265.10
3267.05
3288.25
3288.60
3293.00
3268.71
3257.15
3270.50
3252.62
3250.85
3249.92
3252.00
3252.20
3252.25
3254.61
3251.05
3248.12
3247.83
3240.04
3231.91
3231.80
3233.75
3233.12
3232.00
3218.90
3216.44
3214.31
3224.00
3228.00
3224.86
3223.67
3226.91
3228.27
3228.62
3232.20
3219.50
3233.33
3233.14
3232.91
3232.84
3239.62
3247.17
3256.88
3258.22
3257.65
3266.40
3275.83
3286.10
3352.53
3280.71
3282.82
3274.11
3274.59
3278.05
3274.68
3281.02
3285.33
3280.58
3263.52
3250.36
3256.50
3255.86
3255.75
3255.38
3259.55
3258.50
3258.79
3258.41
3257.39
3256.75
3260.26
3262.43
3261.29
3269.64
3267.59
3264.62
3267.44
3268.88
3263.44
3270.00
3270.95
3267.24
3266.24
3270.00
3260.67
3250.00
3252.80
3245.86
3245.29
3247.67
3250.29
3250.79
3254.56
3255.21
3254.12
3253.25
3257.17
3266.00
3257.75
3261.69
3274.00
3265.00
3256.10
3258.00
3262.33
3263.00
3258.62
3258.00
3247.55
3247.82
3249.67
3253.60
3252.09
3253.19
3266.56
3268.95
3263.33
3276.50
3266.78
3286.21
3285.41
3285.75
3292.17
3289.57
3282.88
3290.00
3340.65
3344.09
3359.56
3367.50
3367.64
3369.14
3371.00
3368.75
3371.12
3370.36
3375.00
3375.00
3375.75
3374.33
3360.80
3347.89
3340.09
3343.08
3327.57
3332.85
3329.82
3328.33
3331.81
3335.10
3332.56
3337.31
3343.80
3344.00
3349.10
3348.50
3347.50
3348.00
3361.00
3374.10
3379.18
3391.00
3390.17
3387.80
3395.62
3398.57
3390.33
3393.67
3392.33
3394.83
3393.00
3393.42
3388.89
3386.45
3387.90
3381.27
3376.89
3383.00
3382.17
3382.47
3378.00
3380.38
3379.90
3380.20
3389.20
3391.43
3388.75
3388.62
3386.31
3387.50
3382.29
3385.00
3380.33
3377.43
3375.50
3378.20
3382.30
3382.86
3384.17
3384.80
3383.17
3380.94
3380.17
3380.93
3383.83
3381.80
3381.25
3382.08
3397.00
3389.33
3400.33
3397.86
3392.86
3393.00
3395.00
3403.86
3406.00
3406.67
3412.70
3413.10
3412.88
3415.00
3413.10
3414.25
3417.17
3422.25
3435.50
3444.00
3447.82
3444.65
3443.76
3446.00
3440.80
3442.43
3444.20
3441.18
3442.60
3449.71
3445.81
3448.94
3448.31
3445.00
3445.36
3444.23
3446.88
3447.21
3442.39
3444.00
3442.33
3443.75
3451.44
3442.65
3439.62
3440.36
3441.33
3442.08
3439.50
3443.33
3439.70
3443.33
3441.75
3435.50
3433.70
3430.75
3420.92
3422.17
3421.95
3421.47
3419.85
3418.63
3421.75
3422.04
3426.05
3432.92
3433.20
3434.00
3435.62
3438.00
3441.44
3437.43
3434.00
3438.67
3437.50
3440.43
3437.33
3444.40
3442.67
3446.12
3447.55
3449.83
3449.00
3448.25
3450.64
3450.33
3450.50
3450.83
3463.31
3460.53
3460.45
3460.00
3463.07
3452.00
3465.46
3280.25
3451.50
3394.20
3322.21
3393.83
3383.62
3381.00
3382.83
3382.75
3376.94
3376.69
3375.27
3375.59
3375.93
3371.27
3373.19
3374.11
3373.94
3355.35
3342.59
3323.44
3324.44
3326.50
3328.35
3299.73
3303.56
3342.97
3349.16
3357.06
3309.16
3361.48
3366.04
3368.11
3363.00
3366.73
3352.69
3361.00
3349.68
3323.48
3325.16
3293.70
3291.10
3290.92
3290.89
3288.80
3288.56
3279.42
3282.67
3286.69
3284.89
3277.86
3270.69
3278.69
3277.00
3271.20
3270.00
3270.67
3270.00
3265.91
3273.57
3275.86
3278.78
3277.00
3273.75
3279.17
3281.07
3309.31
3310.10
3319.73
3321.06
3321.73
3326.38
3322.92
3322.90
3318.36
3316.83
3315.94
3309.33
3303.09
3299.50
3291.95
3291.13
3289.19
3277.27
3260.88
3253.93
3254.15
3254.32
3248.20
3252.50
3246.32
3229.17
3229.69
3224.73
3223.00
3212.83
3216.86
3197.00
3199.42
3208.80
3203.80
3208.50
3210.00
3210.50
3205.33
3214.40
3214.00
3220.42
3219.50
3221.25
3223.80
3221.71
3220.00
3218.42
3218.78
3218.70
3216.46
3219.40
3217.25
3222.45
3221.14
3220.78
3220.42
3217.45
3217.75
3223.12
3229.83
3219.58
3222.17
3221.00
3225.67
3225.80
3228.50
3232.50
3228.00
3245.00
3244.57
3249.29
3261.00
3258.57
3258.50
3259.27
3261.14
3260.50
3266.62
3278.54
3271.22
3287.85
3290.08
3274.27
3285.40
3282.46
3269.04
3274.40
3268.35
3270.29
3274.62
3271.62
3276.63
3279.70
3276.24
3277.39
3276.35
3275.50
3278.07
3278.88
3276.27
3273.15
3268.93
3262.50
3259.88
3257.33
3259.20
3257.93
3253.18
3247.00
3259.27
3256.07
3256.67
3255.69
3254.83
3255.07
3251.10
3251.27
3250.22
3242.00
3245.00
3232.25
3236.50
3238.67
3238.75
3243.00
3245.07
3243.35
3246.86
3246.60
3246.20
3246.00
3250.00
3250.75
3252.57
3249.29
3245.00
3239.50
3246.00
3227.67
3219.55
3216.87
3221.50
3211.50
3209.92
3204.33
3205.33
3201.27
3205.88
3207.85
3202.00
3200.83
3201.23
3206.78
3207.83
3210.50
3205.00
3204.75
3201.33
3197.75
3204.25
3203.40
3180.42
3188.33
3170.28
3169.96
3175.72
3183.30
3148.50
3149.33
3155.21
3157.40
3159.79
3163.07
3166.12
3152.90
3164.57
3165.20
3181.18
3196.62
3189.14
3190.96
3196.27
3203.36
3383.13
3212.71
3209.17
3214.71
3207.00
3207.50
3215.57
3218.60
3219.27
3215.00
3216.75
3223.18
3219.00
3221.50
3222.00
3233.57
3231.33
3231.25
3231.00
3231.00
3228.25
3230.67
3229.00
3224.00
3228.00
3228.00
3232.75
3233.33
3239.45
3250.17
3246.00
3253.00
3258.67
3258.60
3268.00
3267.14
3272.00
3271.50
3272.00
3273.00
3274.00
3273.83
3282.40
3278.67
3279.30
3289.00
3283.00
3281.71
3278.87
3280.00
3282.70
3280.06
3279.92
3281.08
3272.00
3271.00
3250.41
3242.50
3241.50
3239.67
3240.62
3240.60
3241.31
3241.60
3248.65
3248.85
3251.26
3258.67
3255.32
3261.81
3262.50
3257.74
3255.35
3250.82
3249.52
3255.15
3254.37
3252.85
3249.33
3253.30
3259.38
3268.78
3260.52
3256.63
3266.05
3265.58
3265.86
3272.05
3258.88
3247.83
3247.80
3250.25
3244.43
3246.00
3244.83
3245.25
3242.00
3237.25
3240.20
3241.33
3247.50
3242.86
3241.33
3246.50
3245.00
3239.33
3239.00
3239.67
3239.67
3240.33
3243.67
3244.00
3238.40
3238.62
3243.43
3247.14
3250.62
3245.22
3241.05
3242.30
3243.33
3246.00
3246.74
3243.31
3247.24
3245.29
3238.83
3242.63
3241.27
3238.75
3235.67
3232.90
3230.55
3230.67
3236.00
3236.33
3237.27
3237.25
3240.53
3240.06
3240.67
3239.00
3247.75
3244.00
3244.00
3252.30
3253.36
3256.56
3254.67
3252.08
3256.43
3252.50
3258.50
3258.38
3258.11
3260.67
3267.00
3270.33
3267.33
3267.71
3264.14
3259.12
3261.39
3262.22
3265.06
3261.79
3261.20
3261.00
3261.50
3262.32
3260.43
3265.45
3262.36
3264.30
3269.50
3293.00
3299.90
3298.10
3300.36
3301.82
3305.08
3304.33
3309.38
3308.20
3309.42
3318.67
3317.67
3331.39
3334.50
3326.54
3333.00
3351.00
3360.35
3368.94
3367.64
3370.31
3369.64
3374.60
3374.76
3369.21
3370.71
3375.67
3372.85
3369.33
3368.92
3375.31
3373.82
3378.94
3374.11
3382.50
3384.50
3384.47
3383.47
3388.20
3383.20
3383.00
3382.29
3383.62
3389.00
3387.91
3385.79
3386.50
3390.70
3390.33
3391.25
3391.00
3394.30
3399.09
3388.80
3389.18
3390.17
3382.88
3385.75
3384.85
3382.53
3384.53
3380.93
3376.67
3376.75
3375.50
3377.00
3382.00
3387.38
3384.94
3386.25
3383.36
3385.14
3380.88
3380.47
3381.54
3382.83
3379.79
3382.11
3378.38
3381.92
3380.74
3379.56
3383.67
3385.83
3387.12
3389.27
3393.50
3395.00
3397.20
3405.20
3405.00
3413.36
3419.06
3434.73
3431.10
3442.82
3448.60
3455.56
3456.25
3401.89
3466.46
3467.12
3475.60
3482.30
3480.18
3486.52
3492.10
3533.50
3489.79
3488.17
3472.50
3470.00
3473.78
3470.78
3467.67
3471.14
3473.42
3470.87
3470.33
3458.00
3448.40
3448.20
3442.17
3440.11
3440.79
3433.57
3440.94
3432.82
3427.36
3427.00
3423.36
3423.46
3422.27
3420.10
3403.73
3432.33
3401.12
3388.00
3397.22
3383.46
3376.30
3378.65
3371.62
3370.95
3369.54
3368.57
3367.25
3364.50
3368.45
3366.33
3367.35
3368.23
3365.79
3365.68
3368.22
3370.52
3369.93
3369.38
3375.30
3368.00
3373.22
3371.69
3374.15
3369.84
3365.60
3363.73
3365.89
3375.26
3369.37
3365.68
3368.48
3366.78
3365.20
3364.56
3368.06
3365.50
3357.20
3355.80
3354.00
3349.83
3348.00
3358.00
3328.65
3330.71
3314.48
3315.00
3316.33
3305.20
3313.28
3313.43
3296.40
3299.15
3301.76
3301.73
3302.83
3300.61
3303.60
3304.20
3303.80
3304.28
3304.33
3302.50
3300.55
3301.55
3298.27
3289.50
3292.00
3282.00
3274.15
3255.53
3256.74
3248.33
3255.18
3246.90
3244.76
3249.00
3254.16
3250.86
3240.57
3241.22
3238.89
3241.00
3239.60
3246.93
3243.60
3241.50
3241.50
3239.07
3228.06
3226.93
3228.11
3231.06
3227.33
3214.10
3215.14
3212.00
3200.00
3208.33
3208.36
3209.29
3207.21
3207.75
3205.64
3207.30
3208.14
3212.40
3209.06
3209.80
3206.33
3206.50
3208.00
3207.73
3205.57
3232.80
3213.50
3248.54
3258.46
3258.37
3259.39
3250.52
3267.84
3268.00
3264.62
3258.50
3259.06
3262.29
3248.25
3247.07
3245.18
3247.93
3246.64
3247.86
3248.50
3246.75
3245.00
3244.14
3243.25
3247.00
3240.57
3242.80
3236.44
3247.28
3247.14
3247.79
3244.50
3245.13
3244.12
3247.78
3247.33
3245.44
3247.04
3249.06
3247.04
3246.53
3248.75
3246.89
3246.12
3251.69
3244.88
3239.56
3244.00
3239.00
3241.83
3244.40
3235.00
3207.43
3198.42
3197.48
3191.85
3185.67
3187.91
3190.14
3191.85
3190.83
3194.71
3197.00
3197.36
3199.40
3198.62
3195.71
3202.33
3204.14
3202.40
3186.18
3191.07
3185.82
3189.10
3182.50
3182.50
3182.91
3183.50
3183.45
3184.83
3186.33
3182.60
3184.25
3189.00
3190.25
3190.56
3191.35
3188.95
3191.40
3217.77
3217.52
3215.92
3212.03
3237.16
3205.44
3237.33
3247.33
3254.67
3252.53
3254.38
3251.89
3255.24
3257.67
3253.36
3256.38
3258.91
3259.32
3263.86
3258.33
3254.38
3258.78
3255.00
3257.39
3253.60
3254.73
3250.82
3246.80
3247.94
3246.27
3243.79
3240.56
3248.56
3244.85
3245.93
3250.62
3250.27
3246.38
3247.86
3252.11
3253.56
3288.44
3288.58
3290.06
3296.05
3294.83
3293.73
3296.89
3297.45
3288.57
3290.95
3290.00
3326.71
3342.00
3278.50
3277.00
3267.67
3282.30
3289.47
3224.78
3301.56
3305.73
3311.17
3310.36
3313.35
3315.91
3313.14
3309.71
3307.12
3307.37
3310.61
3299.03
3293.66
3290.61
3293.45
3275.86
3269.25
3260.06
3252.83
3246.65
3248.83
3243.00
3243.50
3243.20
3240.45
3248.90
3251.57
3251.35
3257.00
3261.20
3258.28
3263.44
3268.72
3272.11
3276.79
3290.42
3287.53
3288.00
3286.57
3283.80
3284.14
3278.33
3280.15
3290.22
3280.50
3270.73
3265.12
3263.91
3263.40
3261.08
3258.50
3255.86
3249.46
3255.50
3246.22
3235.62
3241.31
3240.64
3239.53
3238.31
3240.53
3237.91
3236.00
3236.00
3234.20
3230.00
3235.00
3238.50
3237.67
3234.00
3237.15
3240.21
3244.22
3251.38
3253.78
3253.00
3248.20
3248.47
3248.11
3249.05
3252.33
3252.07
3252.58
3237.29
3249.43
3247.75
3236.50
3244.07
3243.50
3250.17
3250.73
3254.25
3253.77
3262.37
3262.59
3265.33
3263.43
3270.88
3267.65
3286.55
3287.00
3273.12
3269.00
3272.00
3276.83
3268.75
3281.50
3289.09
3286.45
3270.60
3268.17
3266.64
3261.12
3260.33
3260.68
3261.18
3257.00
3259.75
3253.75
3253.14
3254.64
3245.67
3240.60
3242.33
3240.20
3244.00
3258.90
3252.86
3253.77
3259.50
3251.00
3249.86
3261.50
3254.94
3257.17
3260.67
3254.33
3255.27
3253.36
3253.17
3252.58
3254.70
3256.06
3256.50
3262.40
3261.48
3263.43
3259.64
3264.47
3262.84
3269.89
3268.85
3284.14
3289.14
3287.11
3280.00
3276.00
3276.29
3275.14
3275.11
3281.94
3283.95
3284.33
3289.50
3282.88
3274.60
3290.00
3293.38
3297.30
3297.15
3299.83
3307.04
3305.80
3311.04
3314.28
3318.22
3325.33
3320.12
3326.65
3344.20
3341.23
3343.09
3341.71
3342.33
3338.50
3342.67
3340.25
3341.60
3338.33
3344.67
3342.22
3342.62
3344.57
3344.43
3346.88
3348.44
3349.20
3355.44
3348.10
3350.00
3355.50
3363.00
3359.33
3363.00
3362.00
3369.10
3375.83
3377.56
3378.84
3377.73
3378.88
3381.10
3378.30
3387.68
3394.82
3385.00
3409.25
3404.07
3407.60
3399.32
3401.50
3395.67
3394.89
3395.52
3392.00
3388.13
3391.00
3389.16
3395.56
3383.29
3373.62
3372.75
3374.00
3380.92
3382.50
3380.62
3384.00
3379.40
3379.14
3378.38
3380.95
3380.54
3380.45
3379.78
3377.62
3379.78
3382.22
3383.42
3387.00
3383.38
3387.73
3391.29
3390.40
3391.50
3401.50
3395.50
3392.71
3392.29
3405.33
3422.28
3424.45
3429.14
3430.94
3428.00
3430.36
3435.00
3426.36
3426.82
3431.57
3429.00
3429.58
3428.60
3428.05
3430.53
3432.26
3433.77
3431.76
3434.62
3436.08
3435.53
3442.33
3443.00
3483.48
3484.58
3486.52
3493.26
3500.00
3496.38
3492.50
3487.79
3492.55
3481.52
3466.86
3454.33
3450.18
3447.57
3447.69
3446.80
3439.17
3440.40
3441.82
3436.06
3435.88
3438.82
3435.20
3436.76
3435.36
3435.60
3438.44
3439.67
3440.30
3439.80
3442.00
3445.00
3446.00
3445.25
3444.33
3447.50
3446.50
3444.40
3444.73
3445.12
3447.00
3440.62
3441.89
3442.50
3445.22
3446.86
3441.45
3439.17
3441.00
3439.75
3436.10
3434.00
3432.59
3430.18
3430.35
3429.62
3435.14
3429.71
3424.67
3417.83
3398.77
3394.96
3388.94
3381.67
3378.72
3382.06
3385.46
3386.18
3389.15
3391.53
3399.76
3405.15
3403.35
3398.09
3397.27
3370.14
3402.56
3398.64
3391.52
3375.76
3379.80
3371.00
3379.68
3369.08
3392.18
3392.78
3375.81
3359.61
3376.71
3330.66
3319.82
3318.32
3312.94
3314.00
3312.28
3310.17
3308.73
3304.70
3309.06
3311.75
3306.00
3307.67
3310.00
3310.54
3311.14
3310.20
3310.04
3310.54
3317.82
3318.75
3314.58
3314.00
3305.36
3298.00
3305.77
3304.60
3306.83
3305.50
3299.29
3301.50
3296.25
3296.36
3291.50
3294.24
3296.27
3294.14
3296.00
3293.90
3295.80
3294.43
3291.00
3289.40
3290.12
3290.00
3290.00
3286.00
3277.00
3274.89
3292.00
3268.33
3272.23
3276.31
3272.33
3273.67
3263.47
3264.54
3260.15
3267.22
3262.00
3261.72
3265.79
3262.79
3263.52
3254.14
3257.94
3250.53
3240.22
3234.67
3237.00
3236.00
3239.92
3239.73
3241.00
3239.29
3239.80
3239.55
3240.07
3237.25
3230.40
3228.73
3238.67
3232.00
3233.00
3213.00
3209.22
3207.93
3198.44
3201.67
3199.80
3184.25
3192.78
3191.58
3193.20
3194.33
3194.38
3196.67
3194.14
3197.00
3196.00
3202.17
3200.88
3197.78
3191.20
3195.48
3192.73
3193.44
3181.89
3178.31
3177.64
3176.50
3161.69
3152.10
3152.80
3151.75
3151.58
3151.90
3153.36
3153.40
3154.88
3156.25
3154.67
3153.60
3152.40
3152.55
3190.64
3150.50
3157.08
3163.00
3172.86
3208.00
3207.62
3207.38
3207.77
3209.13
3206.83
3202.11
3202.45
3203.92
3202.59
3192.14
3185.67
3184.31
3181.90
3180.00
3177.50
3179.33
3179.00
3179.50
3183.12
3182.72
3185.43
3184.32
3193.84
3190.73
3193.86
3193.97
3206.00
3205.29
3204.22
3200.29
3203.69
3206.19
3195.14
3201.93
3214.25
3221.04
3217.33
3222.00
3254.79
3259.62
3264.06
3259.59
3275.82
3289.43
3286.80
3287.67
3287.90
3290.23
3288.15
3292.12
3290.56
3293.83
3293.83
3292.00
3292.11
3284.42
3284.29
3274.68
3263.53
3251.32
3253.94
3252.68
3243.56
3242.19
3238.05
3241.48
3236.10
3231.23
3226.70
3226.92
3231.43
3226.60
3227.39
3229.56
3223.53
3225.50
3221.21
3216.60
3216.67
3211.33
3209.29
3214.27
3211.31
3206.92
3211.17
3211.21
3208.73
3206.00
3205.00
3196.57
3193.72
3170.88
3183.22
3175.50
3175.00
3174.14
3178.91
3177.68
3177.83
3178.68
3180.13
3177.89
3182.72
3182.47
3182.69
3185.56
3193.04
3187.27
3195.08
3197.33
3199.62
3199.40
3201.50
3199.40
3214.60
3242.77
3258.10
3253.70
3258.75
3254.56
3253.12
3254.62
3244.35
3252.12
3248.40
3252.00
3242.93
3237.56
3239.36
3237.20
3239.64
3240.86
3239.54
3238.62
3238.20
3242.00
3247.14
3243.54
3244.80
3242.88
3244.17
3243.57
3243.67
3242.20
3244.67
3241.00
3240.50
3246.00
3241.56
3238.33
3240.33
3238.69
3238.14
3241.22
3235.80
3235.83
3234.17
3234.00
3235.67
3240.00
3235.00
3235.20
3232.50
3216.45
3231.00
3213.23
3221.33
3215.64
3238.83
3231.22
3226.00
3222.81
3230.38
3239.33
3238.00
3239.69
3234.45
3229.25
3229.69
3218.33
3221.52
3230.74
3219.97
3219.89
3221.91
3215.00
3211.00
3210.85
3211.16
3221.36
3208.14
3216.00
3219.79
3215.24
3215.76
3211.86
3218.48
3220.79
3225.07
3228.60
3228.92
3230.42
3231.30
3234.07
3238.08
3237.81
3243.11
3240.00
3239.58
3240.92
3240.17
3244.08
3242.50
3234.17
3228.00
3235.29
3233.20
3231.33
3231.25
3233.00
3229.60
3239.33
3240.33
3247.00
3243.93
3239.67
3242.18
3245.08
3239.50
3248.25
3254.11
3256.77
3268.00
3262.75
3265.00
3259.19
3252.77
3253.00
3249.89
3246.15
3244.80
3251.75
3251.75
3247.67
3244.25
3245.65
3239.43
3248.25
3241.82
3245.00
3252.19
3263.62
3254.95
3254.43
3254.39
3252.67
3256.29
3265.50
3262.83
3262.17
3261.11
3265.44
3267.47
3268.12
3267.04
3266.62
3266.30
3264.00
3268.37
3266.17
3265.13
3263.21
3262.14
3260.38
3260.17
3259.00
3258.44
3251.80
3250.67
3257.00
3250.67
3251.75
3251.50
3249.25
3253.00
3247.60
3250.29
3255.85
3271.45
3291.59
3291.58
3289.37
3284.10
3270.44
3271.95
3285.90
3302.58
3304.00
3306.92
3310.18
3303.00
3303.00
3298.67
3300.62
3300.65
3298.25
3292.00
3298.31
3300.13
3301.25
3301.64
3304.06
3298.57
3302.45
3305.06
3312.33
3313.38
3313.88
3314.78
3318.14
3321.42
3318.62
3321.20
3320.14
3321.33
3321.20
3330.33
3329.59
3330.56
3335.86
3330.12
3325.88
3336.36
3337.50
3330.43
3332.56
3339.62
3334.27
3335.50
3339.09
3351.56
3359.17
3359.33
3367.21
3360.90
3379.29
3376.53
3379.06
3383.25
3391.90
3398.20
3396.00
3396.27
3395.17
3405.00
3401.86
3397.30
3395.00
3395.08
3395.06
3402.67
3398.00
3391.14
3389.00
3394.77
3393.38
3393.67
3508.56
3390.59
3392.09
3389.35
3390.00
3388.56
3390.94
3388.13
3397.73
3389.44
3389.14
3401.93
3419.47
3614.90
3427.75
3429.54
3429.56
3434.33
3427.87
3434.17
3430.25
3430.69
3434.31
3433.36
3434.33
3430.86
3435.75
3435.75
3435.00
3436.33
3434.93
3436.76
3439.25
3435.69
3437.82
3443.36
3440.92
3441.27
3438.33
3437.00
3436.17
3436.31
3425.78
3428.64
3426.35
3428.20
3426.80
3427.21
3422.07
3422.17
3421.93
3421.61
3422.80
3418.50
3421.58
3424.50
3422.71
3421.21
3421.50
3419.00
3418.71
3418.77
3417.58
3416.40
3418.75
3418.89
3421.57
3417.00
3412.57
3413.00
3413.80
3410.25
3414.11
3415.67
3414.73
3418.00
3415.20
3415.17
3418.57
3420.42
3422.90
3424.25
3423.80
3420.88
3430.00
3437.69
3435.21
3436.50
3435.36
3437.64
3438.61
3441.27
3437.90
3436.86
3436.36
3444.50
3433.00
3434.92
3435.50
3435.07
3439.20
3435.75
3432.64
3434.62
3432.20
3437.75
3438.27
3432.24
3430.36
3433.76
3430.58
3430.40
3432.07
3430.93
3407.11
3379.67
3380.00
3379.00
3373.15
3373.69
3361.73
3365.24
3361.55
3368.56
3368.00
3367.92
3373.68
3376.67
3372.89
3373.20
3378.75
3411.11
3410.06
3413.18
3406.20
3412.50
3422.50
3409.58
3410.00
3407.38
3412.62
3400.03
3491.55
3401.00
3400.90
3402.12
3388.67
3385.75
3383.88
3378.30
3373.97
3374.47
3369.29
3370.55
3361.76
3378.73
3361.64
3346.46
3330.48
3332.67
3324.33
3320.52
3323.93
3321.44
3322.84
3312.32
3297.27
3296.85
3290.21
3294.00
3291.30
3292.12
3284.36
3273.92
3267.27
3270.60
3269.48
3270.20
3267.69
3271.20
3266.56
3263.00
3260.56
3259.14
3258.85
3261.86
3260.11
3262.23
3265.55
3262.05
3264.29
3267.50
3264.42
3274.60
3276.25
3275.50
3282.50
3286.40
3287.58
3294.50
3307.75
3306.07
3301.95
3303.27
3310.13
3309.00
3317.14
3314.50
3317.40
3315.71
3316.33
3309.43
3312.89
3313.17
3318.57
3321.43
3324.78
3320.25
3326.44
3326.40
3322.82
3319.62
3317.73
3316.57
3318.10
3318.36
3316.62
3316.92
3322.57
3313.50
3278.51
3276.00
3273.48
3269.08
3262.89
3250.00
3226.00
3241.80
3215.41
3209.71
3202.10
 nan
3200.48
3200.05
3198.50
3199.79
3195.43
3214.68
3222.52
3225.11
3232.43
3234.61
3239.29
3245.20
3242.78
3252.35
3255.23
3254.86
3254.92
3258.54
3250.00
3249.43
3249.17
3248.89
3245.83
3246.00
3245.70
3243.21
3245.75
3244.36
3244.50
3243.69
3239.70
3240.69
3242.00
3245.60
3258.50
3258.80
3243.45
3243.27
3246.71
3246.86
3248.74
3238.27
3233.41
3209.83
3197.33
3223.31
3240.71
3239.43
3206.26
3194.50
3181.33
3179.55
3178.50
3176.00
3177.00
3178.33
3182.00
3185.25
3184.57
3185.33
3175.00
3181.23
3184.62
3184.64
3182.22
3185.08
3180.40
3183.58
3184.47
3185.27
3186.91
3185.44
3185.40
3183.00
3195.90
3265.33
3236.08
3261.25
3256.09
3267.85
3241.51
3211.50
3191.14
3242.83
3247.62
3239.25
3227.65
3232.88
3233.64
3228.09
3213.69
3225.59
3229.94
3229.74
3230.39
3230.71
3229.78
3225.86
3229.24
3233.13
3237.50
3240.09
3236.52
3239.84
3239.83
3243.67
3243.56
3246.08
3254.30
3250.71
3244.20
3241.40
3247.00
3248.00
3241.50
3240.50
3240.50
3236.50
3203.86
3201.30
3198.00
3203.00
3205.24
3211.47
3217.96
3218.80
3228.00
3236.75
3236.91
3238.86
3246.00
3241.79
3252.17
3250.29
3253.36
3253.00
3258.00
3258.50
3405.00
3244.62
3248.77
3249.55
3246.45
3249.19
3251.00
3251.50
3246.27
3244.80
3248.91
3247.50
3237.67
3249.08
3248.50
3266.00
3261.22
3257.57
3256.62
3262.73
3261.68
3259.47
3264.75
3271.00
3268.29
3258.59
3260.06
3254.69
3260.85
3256.79
3257.09
3245.43
3244.50
3244.00
3239.00
3236.50
3230.75
3223.75
3239.00
3241.00
3239.00
3223.71
3225.00
3229.90
3233.10
3227.43
3234.14
3220.00
3217.67
3217.33
3218.50
3220.50
3221.00
3217.50
3217.67
3234.60
3240.71
3230.90
3210.27
3215.67
3221.25
3215.71
3227.65
3226.89
3227.46
3237.14
3229.78
3245.39
3270.00
3258.23
3253.95
3263.76
3260.09
3260.65
3258.24
3253.62
3244.24
3242.89
3238.75
3237.67
3242.30
3243.40
3240.91
3243.75
3238.00
3247.60
3248.12
3251.41
3254.18
3257.69
3256.50
3249.44
3251.92
3247.36
3251.89
3245.47
3243.90
3238.00
3234.60
3232.50
3202.52
3205.14
3197.56
3199.71
3208.75
3223.50
3242.69
3231.58
3238.97
3226.92
3222.50
3240.25
3260.89
3266.58
3262.21
3261.80
3267.14
3269.64
3269.00
3270.21
3268.26
3375.11
3265.12
3254.00
3262.08
3260.89
3255.00
3253.79
3254.47
3261.71
3255.13
3257.81
3256.43
3259.60
3264.58
3268.00
3263.00
3262.56
3256.52
3253.87
3256.85
3260.91
3252.94
3250.00
3246.59
3245.00
3241.45
3236.67
3234.78
3240.60
3238.29
3239.33
3240.44
3247.33
3242.25
3251.86
3243.00
3268.85
3253.58
3262.42
3278.29
3278.33
3278.30
3277.50
3288.00
3286.38
3285.60
3287.56
3287.44
3281.08
3280.84
3270.09
3267.92
3266.94
3271.18
3268.33
3261.67
3261.17
3258.44
3262.17
3254.92
3254.18
3398.36
3250.80
3243.50
3652.00
3244.56
3243.50
3246.57
3242.40
3243.00
3247.00
3247.94
3253.07
3252.00
3249.29
3254.25
3253.52
3260.00
3260.27
3264.31
3257.50
3259.46
3262.89
3259.00
3259.83
3264.67
3256.80
3260.20
3263.43
3261.44
3264.72
3269.62
3269.13
3272.08
3272.00
3275.12
3272.40
3275.00
3278.20
3277.33
3276.62
3277.17
3276.55
3280.50
3295.12
3309.13
3275.78
3286.11
3277.00
3277.17
3306.81
3311.80
3314.33
3314.42
3315.23
3318.89
3315.20
3308.80
3311.27
3308.36
3306.33
3309.21
3310.71
3305.50
3309.20
3309.29
3303.67
3305.30
3304.57
3297.00
3310.00
3302.29
3300.38
3298.67
3302.14
3311.86
3310.65
3316.71
3317.88
3315.08
3317.67
3319.27
3319.53
3324.92
3320.26
3322.93
3320.45
3324.43
3322.88
3338.56
3344.05
3352.92
3358.40
3365.00
3366.00
3365.50
3367.00
3369.40
3387.25
3384.55
3388.21
3536.54
3519.57
3372.90
3380.00
3389.42
3390.00
3392.00
3510.88
3464.96
3396.27
3397.47
3405.63
3400.74
3410.54
3409.36
3414.33
3414.69
3411.86
3406.40
3411.45
3411.36
3410.60
3408.44
3411.09
3411.86
3416.28
3419.08
3411.50
3424.90
3424.81
3433.14
3436.00
3442.55
3444.20
3446.70
3452.31
3448.17
3448.27
3446.47
3445.56
3433.38
3441.64
3440.10
3437.00
3434.78
3425.04
3409.86
3412.15
3405.10
3400.40
3402.00
3405.26
3402.54
3405.88
3400.14
3405.54
3407.87
3414.86
3413.67
3415.00
3418.50
3418.38
3420.33
3421.88
3420.36
3420.43
3421.50
3418.86
3420.00
3421.43
3419.78
3411.90
3382.24
3383.57
3372.00
3373.76
3365.17
3362.76
3362.47
3362.36
3358.33
3354.60
3347.83
3346.09
3349.00
3340.50
3339.60
3335.00
3340.00
3334.90
3332.40
3332.25
3331.21
3331.11
3329.00
3329.86
3326.88
3318.86
3326.80
3326.00
3327.88
3328.07
3324.88
3329.85
3323.78
3326.36
3333.00
3333.85
3327.76
3323.16
3325.08
3323.09
3324.87
3323.58
3326.23
3320.75
3316.12
3316.71
3314.60
3308.89
3303.10
3309.20
3314.88
3305.92
3299.35
3273.28
3284.27
3267.22
3260.92
3265.59
3260.00
3256.58
3256.44
3252.21
3255.61
3254.13
3257.72
3258.35
3258.28
3256.90
3256.17
3259.10
3253.41
3254.80
3258.15
3254.24
3249.93
3253.89
3253.37
3246.62
3244.50
3243.09
3243.31
3253.88
3244.44
3244.40
3250.00
3248.25
3252.70
3249.57
3251.11
3249.67
3248.88
3248.18
3250.71
3248.27
3248.05
3252.09
3252.18
3252.59
3247.57
3250.54
3248.36
3252.63
3253.84
3255.62
3254.75
3251.58
3252.06
3251.50
3250.62
3248.50
3249.94
3250.15
3250.92
3253.17
3255.86
3253.82
3254.33
3257.67
3260.80
3264.43
3263.27
3259.50
3267.58
 nan
3269.20
3267.91
3262.78
3265.25
3263.46
3264.22
3263.27
3248.84
3256.14
3254.44
3240.27
3239.92
3237.25
3229.45
3226.24
3214.31
3199.88
3200.08
3198.93
3197.70
3195.58
3196.33
3191.76
3186.00
3179.64
3185.33
3182.38
3179.10
3201.00
3198.00
3196.26
3193.57
3199.67
3205.04
3208.12
3215.15
3209.64
3213.44
3218.50
3217.00
3218.00
3222.80
3220.67
3221.50
3219.83
3222.69
3216.50
3217.00
3216.22
3212.00
3212.87
3211.56
3209.13
3211.89
3211.27
3207.08
3205.14
3216.00
3197.96
3200.72
3209.00
3212.20
3201.79
3196.82
3194.54
3193.79
3191.21
3181.00
3189.19
3191.00
3187.67
3182.36
3186.00
3171.67
3181.70
3181.39
3184.93
3231.82
3191.19
3239.29
3237.20
3248.50
3243.79
3244.64
3170.53
3046.43
3234.69
3231.83
3228.55
3232.65
3228.40
3240.20
3233.41
3235.20
3245.50
3235.88
3218.97
3216.40
3226.05
3225.21
3213.46
3216.79
3199.67
3200.53
3199.96
3196.06
3199.00
3201.00
3196.31
3202.60
3189.44
3191.27
3192.65
3192.38
3196.57
3190.09
3198.42
3199.81
3199.65
3199.43
3201.36
3198.97
3195.52
3196.24
3200.16
3192.20
3194.76
3195.87
3190.77
3196.86
3196.92
3197.61
3198.52
3204.33
3206.73
3204.00
3256.20
3267.03
3275.08
3272.86
3272.14
3266.11
3262.42
3263.25
3240.52
3246.94
3259.15
3232.67
3230.85
3238.14
3228.80
3208.76
3208.70
3199.65
3204.50
3196.35
3194.38
3191.53
3191.67
3193.25
3197.77
3195.19
3211.40
3195.11
3200.29
3200.00
3203.17
3203.77
3206.12
3219.00
3218.67
3220.60
3226.00
3221.75
3221.00
3224.60
3242.14
3233.82
3238.41
3242.92
3240.75
3233.00
3232.00
3229.56
3231.08
3229.67
3228.18
3232.89
3232.06
3231.85
3232.81
3229.74
3228.95
3229.27
3229.39
3224.34
3219.64
3216.91
3243.67
3215.75
3213.66
3215.80
3204.46
3208.12
3206.00
3206.81
3199.27
3202.80
3206.50
3208.00
3207.35
3206.60
3206.43
3203.67
3202.60
3198.11
3198.29
3194.17
3191.78
3190.50
3191.06
3191.20
3187.75
3192.80
3185.69
3185.64
3183.69
3186.17
3185.60
3184.25
3177.67
3179.67
3175.33
3177.17
3176.80
3176.20
3179.11
3174.56
3201.50
3219.37
3223.41
3211.58
3222.28
3227.31
3244.87
3265.16
3265.73
3281.84
3305.26
3305.08
3307.07
3277.91
3291.59
3296.33
3294.14
3293.19
3293.00
3292.62
3292.85
3301.65
3303.00
3294.19
3302.11
3305.62
3307.69
3310.50
3310.93
3311.08
3311.45
3312.17
3307.69
3314.62
3323.09
3316.73
3317.29
3329.92
3324.60
3314.74
3323.33
3322.71
3327.42
3320.00
3321.87
3319.00
3322.77
3322.55
3320.20
3323.19
3325.87
3327.20
3327.11
3325.48
3323.37
3325.94
3327.06
3315.00
3322.00
3323.29
3319.18
3324.30
3323.91
3316.53
3313.24
3308.60
3309.43
3286.25
3273.89
3268.43
3254.80
3238.45
3262.58
3254.55
3255.00
3259.76
3268.43
3265.87
3264.68
3271.53
3262.55
3270.25
3271.71
3274.64
3282.33
3290.60
3291.70
3292.88
3284.00
3295.55
3296.29
3297.46
3298.56
3295.62
3302.00
3300.09
3299.57
3303.43
3314.36
3306.90
3305.24
3311.00
3308.41
3315.19
3313.75
3315.73
3315.12
3318.00
3318.43
3312.92
3309.19
3301.82
3304.71
3302.31
3307.35
3310.50
3309.88
3306.56
3312.71
3309.00
3314.94
3313.92
3311.50
3323.00
3325.17
3329.67
3329.33
3319.33
3326.62
3334.44
3326.60
3332.83
3329.62
3348.31
3520.75
3355.83
3338.54
3367.25
3369.33
3321.22
3220.57
3323.08
3368.56
3360.26
3361.50
3360.60
3355.96
3336.16
3332.31
3330.24
3331.08
3332.00
3335.94
3335.97
3346.62
3345.04
3359.60
3361.42
3365.57
3370.89
3368.00
3374.50
3376.64
3379.57
3378.00
3382.50
3384.11
3396.38
3403.90
3408.50
3410.27
3408.80
3431.09
3429.36
3434.00
3433.08
3432.20
3432.90
3433.17
3422.13
3425.85
3489.57
3421.00
3425.26
3413.69
3408.00
3408.31
3409.43
3415.67
3425.38
3426.08
3417.83
3419.47
3417.17
3417.05
3431.54
3434.60
3432.81
3433.06
3443.33
3427.70
3427.08
3434.57
3451.27
3423.11
3419.83
3421.50
3430.28
3428.40
3435.42
3430.06
3445.89
3443.67
3443.73
3456.95
3452.00
3448.00
3466.50
3474.11
3470.31
3468.32
3455.91
3460.94
3435.54
3441.15
3436.78
3405.53
3429.71
3401.74
3386.84
3382.72
3383.50
3377.79
3374.38
3378.33
3377.47
3380.29
3380.12
3379.56
3377.71
3376.11
3375.74
3374.33
3369.40
3370.00
3364.82
3363.73
3345.61
3352.40
3348.18
3347.64
3361.00
3363.12
3365.50
3366.00
3364.17
3359.50
3363.38
3364.09
3361.00
3364.70
3362.67
3357.60
3357.67
3363.00
3364.50
3354.00
3352.29
3332.24
3326.55
3321.14
3320.41
3323.93
3324.74
3321.83
3325.27
3323.12
3317.50
3323.73
3326.75
3323.80
3325.45
3324.54
3322.09
3319.62
3319.94
3314.71
3307.63
3305.57
3301.53
3295.22
3291.89
3287.55
3292.57
3281.19
3287.81
3286.45
3292.14
3280.31
3278.62
3279.85
3279.62
3287.04
3288.40
3301.83
3301.22
3295.40
3299.50
3299.00
3299.17
3298.29
3284.50
3274.91
3214.36
3264.38
3266.27
3224.34
3223.76
3259.63
3252.93
3243.40
3240.92
3145.57
3226.67
3229.19
3226.93
3219.09
3216.72
3214.47
3218.71
3205.78
3212.20
3214.93
3213.86
3077.11
3214.92
3217.30
3223.00
3223.50
3226.40
3233.75
3228.43
3227.71
3230.67
3225.44
3227.44
3225.33
3214.43
3217.60
3202.41
3204.55
3216.75
3210.00
3204.40
3205.90
3194.29
3192.35
3190.94
3187.75
3185.67
3185.67
3185.29
3184.90
3180.67
3094.64
3187.38
3193.83
3195.58
3196.92
3198.64
3202.20
3203.62
3199.75
3203.08
3198.79
3202.00
3204.77
3206.94
3203.33
3201.62
3197.00
3190.00
3187.91
3186.67
3190.62
3184.67
3188.50
3186.33
3185.71
3190.36
3195.57
3191.10
3194.44
3193.93
3192.06
3196.31
3193.50
3195.80
3194.58
3195.07
3197.80
3193.29
3198.50
3194.17
3188.00
3187.86
3185.11
3186.50
3190.50
3187.17
3192.53
3192.78
3198.85
3199.79
3199.83
3199.50
3196.00
3195.00
3205.38
3208.86
3219.20
3225.33
3225.44
3227.67
3234.57
3235.25
3232.69
3228.50
3221.33
3231.50
3225.00
3228.33
3231.62
3232.60
3232.25
3234.00
3233.43
3055.43
3232.75
3223.57
3192.10
3149.47
3149.47
3155.43
3151.82
3148.48
3149.58
3149.22
3147.47
3151.15
3148.50
3146.76
3151.33
3150.73
3153.20
3161.69
3155.12
3158.50
3170.85
3159.67
3163.56
3161.80
3164.70
3157.73
3160.94
3177.07
3183.67
3180.50
3181.00
3183.71
3187.11
3163.50
3185.53
3186.20
3185.79
3187.61
3187.21
3184.62
3185.29
3184.25
3180.40
3186.42
3187.00
3187.70
3186.50
3201.11
3196.00
3194.10
3185.17
3201.71
3207.71
3216.64
3216.70
3217.78
3216.93
3215.33
3212.00
3209.36
3211.21
3213.04
3206.48
3207.00
3199.33
3202.10
3187.47
3181.62
3181.75
3191.38
3189.29
3191.71
3190.43
3190.12
3187.46
3189.71
3190.00
3191.45
3188.73
3190.36
3189.76
3189.68
3184.86
3183.00
3169.00
3164.60
3154.25
3155.50
3153.81
3155.10
3157.43
3153.89
3151.67
3150.12
3148.60
3146.44
3148.24
3148.16
3150.08
3147.18
3148.07
3154.00
3151.93
3170.38
3167.82
3165.33
3180.40
3182.25
3185.20
3188.47
3194.00
3195.21
3196.70
3200.43
3201.00
3203.40
3201.38
3206.00
3201.00
3205.23
3206.33
3206.60
3202.25
3203.50
3200.75
3205.22
3211.38
3205.00
3204.88
3205.18
3211.00
3217.80
3250.56
3256.09
3249.64
3258.62
3256.69
3255.85
3260.44
3264.64
3260.33
3238.14
3233.53
3233.10
3230.84
3229.67
3231.73
3223.58
3221.40
3222.75
3216.70
3218.11
3220.38
3220.85
3215.23
3214.83
3218.94
3217.58
3212.72
3207.17
3201.92
3206.00
3193.67
3193.80
3194.25
3195.40
3205.29
3203.47
3204.58
3205.80
3212.44
3207.62
3206.36
3206.40
3208.22
3208.35
3206.35
3205.00
3202.23
3201.38
3205.72
3197.19
3188.50
3190.44
3183.91
3185.86
3187.33
3182.57
3185.20
3187.33
3195.35
3193.36
3193.48
3198.17
3201.46
3204.88
3206.85
3206.08
3207.50
3204.18
3206.77
3208.08
3207.46
3199.78
3205.11
3206.00
3215.86
3216.86
3215.73
3218.43
3225.20
3215.62
3219.17
3222.50
3236.23
3246.33
3249.21
3249.31
3252.20
3249.50
3249.31
3251.11
3244.33
3244.00
3249.21
3254.25
3259.46
3258.05
3260.14
3265.30
3268.75
3263.62
3268.00
3267.60
3267.88
3268.09
3260.83
3261.31
3259.29
3258.12
3257.58
3258.50
3257.80
3250.25
3249.33
3249.90
3249.50
3251.50
3254.00
3235.43
3228.74
3234.38
3243.38
3264.74
3267.97
3263.48
3258.33
3256.45
3267.76
3264.36
3268.35
3266.40
3262.28
3267.54
3248.12
3253.69
3254.89
3249.83
3248.22
3251.67
3260.67
3259.00
3260.78
3257.73
3260.17
3258.83
3259.22
3258.78
3266.67
3257.80
3309.60
3308.71
3356.00
3359.12
3368.67
3365.00
3359.00
3359.75
3365.20
3364.77
3370.40
3374.14
3371.64
3367.45
3373.69
3372.67
3368.94
3372.29
3377.08
3381.25
3376.71
3376.75
3377.11
3377.20
3377.11
3375.50
3381.12
3383.31
3382.67
3388.50
3389.30
3388.62
3389.78
3388.50
3386.17
3387.50
3387.86
3387.43
3384.33
3383.60
3386.20
3382.00
3379.33
3381.50
3379.38
3377.60
3381.75
3372.86
3382.62
3382.05
3379.45
3380.65
3382.67
3386.75
3385.52
3388.27
3386.27
3381.67
3377.14
3383.25
3350.62
3347.67
3351.92
3349.00
3346.50
3346.73
3342.00
3343.44
3345.38
3350.36
3360.12
3371.80
3375.94
3357.70
3382.70
3368.00
3406.50
3414.63
3416.92
3416.09
3418.00
3417.67
3430.86
3426.57
3430.00
3424.50
3423.00
3426.75
3423.17
3428.30
3433.20
3432.30
3439.71
3436.19
3437.41
3443.15
3448.31
3449.24
3454.56
3463.10
3461.20
3457.00
3467.67
3459.12
3450.14
3462.75
3453.00
3453.00
3446.18
3450.33
3451.60
3445.10
3442.50
3447.83
3438.17
3444.12
3443.00
3446.00
3444.86
3445.60
3438.83
3441.14
3443.62
3448.50
3443.38
3438.43
3397.06
3386.50
3386.00
3382.25
3381.50
3384.64
3377.83
3380.00
3380.50
3382.09
3373.36
3369.90
3378.31
3370.23
3367.86
3366.11
3366.50
3364.80
3368.20
3372.00
3373.62
3370.90
3368.73
3366.85
3369.80
3371.00
3367.00
3363.80
3347.06
3348.69
3340.27
3328.75
3327.17
3324.86
3325.78
3329.10
3324.50
3335.75
3341.14
3339.67
3339.67
3336.38
3336.00
3342.50
3339.67
3336.67
3336.67
3339.73
3340.40
3343.38
3336.25
3345.00
3337.50
3336.50
3294.50
3283.94
3285.66
3273.70
3265.25
3259.53
3256.89
3247.91
3250.92
3255.92
3255.14
3255.55
3255.75
3258.91
3265.27
3265.66
3267.08
3275.53
3268.92
3285.09
3287.62
3279.47
3270.77
3265.65
3257.64
3257.17
3266.17
3261.36
3254.24
3254.41
3237.52
3225.57
3225.55
3127.43
3219.00
3210.75
3222.67
3215.11
3225.86
3240.31
3257.85
3249.04
3261.16
3274.40
3282.55
3287.55
3294.82
3292.60
3288.43
3290.00
3293.71
3282.18
3275.44
3274.50
3273.00
3272.56
3272.17
3272.83
3273.75
3278.14
3273.30
3276.00
3279.33
3277.57
3276.70
3276.56
3278.25
3277.38
3276.91
3279.29
3281.40
3277.83
3273.14
3274.33
3271.09
3270.37
3267.60
3268.08
3260.13
3264.50
3253.69
3249.60
3246.80
3237.38
3244.25
3236.43
3220.85
3225.30
3213.56
3205.00
3199.21
3195.18
3196.05
3198.68
3209.96
3207.47
3206.39
3207.59
3208.26
3208.60
3215.46
3224.96
3244.20
3244.50
3242.86
3240.50
3242.00
3241.17
3241.83
3227.79
3223.15
3217.50
3218.85
3203.20
3201.50
3200.80
3201.00
3201.20
3194.27
3193.78
3189.94
3185.53
3190.10
3191.40
3186.54
3189.36
3186.17
3189.30
3187.06
3186.77
3185.80
3191.67
3188.40
3191.50
3191.89
3187.60
3197.60
3215.33
3222.20
3217.22
3218.86
3219.50
3216.78
3215.92
3212.75
3214.18
3211.85
3213.00
3215.13
3214.39
3213.67
3212.31
3217.55
3232.09
3238.44
3240.50
3241.80
3251.62
3249.08
3250.19
3253.83
3250.64
3247.56
3242.94
3241.11
3243.67
3234.92
3234.27
3232.50
3233.75
3232.14
3228.17
3221.44
3220.45
3217.11
3216.50
3210.36
3207.84
3199.86
3206.26
3189.00
3193.00
3203.31
3201.29
3199.25
3201.54
3203.88
3209.94
3218.25
3211.00
3210.33
3210.36
3207.35
3201.00
3196.11
3198.57
3192.12
3194.64
3180.62
3178.75
3182.75
3180.86
3172.38
3175.22
3183.71
3188.79
3185.67
3188.78
3181.75
3193.00
3196.29
3193.17
3193.17
3191.50
3192.71
3190.69
3192.22
3193.38
3197.67
3195.23
3196.30
3195.50
3198.12
3219.53
3227.57
3238.80
3249.00
3250.50
3245.00
3250.00
3255.29
3244.00
3249.00
3238.31
3232.20
3232.27
3244.00
3245.00
3243.00
3243.50
3243.40
3242.83
3243.00
3245.20
3245.50
3241.00
3246.40
3246.60
3247.33
3244.75
3245.43
3242.00
3242.50
3235.25
3087.00
3242.67
3241.88
3223.22
3242.50
3221.33
3217.00
3217.11
3220.45
3217.60
3223.80
3230.93
3232.67
3233.27
3233.36
3238.79
3240.00
3251.11
3247.88
3256.00
3249.00
3251.40
3258.04
3259.50
3257.91
3259.74
3259.24
3257.25
3256.59
3245.39
3243.37
3245.94
3234.82
3231.69
3228.00
3226.75
3227.25
3223.50
3223.50
3228.00
3227.14
3247.25
3248.56
3266.86
3262.54
3261.74
3269.00
3285.20
3284.44
3291.62
3297.62
3298.44
3295.20
3295.89
3294.62
3298.46
3301.48
3299.38
3302.15
3301.25
3299.56
3301.35
3301.09
3285.25
3300.00
3290.78
3293.46
3289.55
3291.60
3289.00
3287.33
3284.83
3290.86
3287.25
3287.00
3280.00
3278.11
3272.94
3264.44
3251.50
3256.75
3253.64
3238.38
3238.67
3239.75
3241.11
3241.33
3241.33
3239.50
3242.67
3239.00
3244.50
3246.78
3251.36
3250.71
3255.33
3252.42
3253.08
3251.93
3251.88
3266.80
3283.77
3300.38
3307.71
3298.08
3300.14
3347.00
3343.25
3343.14
3343.09
3340.20
3339.00
3333.83
3340.43
3338.27
3333.33
3331.33
3325.60
3327.50
3325.00
3322.00
3320.00
3321.00
3321.71
3324.17
3323.00
3320.20
3318.10
3329.00
3327.00
3327.67
3321.14
3318.93
3315.64
3321.67
3324.00
3330.50
3313.57
3303.38
3299.18
3292.75
3288.83
3288.50
3296.00
3291.14
3296.25
3288.14
3295.33
3291.86
3302.20
3295.10
3311.67
3310.00
3320.55
3335.26
3344.85
3358.00
3350.13
3366.89
3367.07
3376.04
3388.07
3384.82
3377.12
3387.62
3391.22
3395.70
3387.90
3382.33
3386.50
3374.60
3378.89
3384.86
3386.71
3390.50
3390.08
3386.53
 nan
 nan
 nan
 nan
 nan
 nan
 nan
 nan
 nan
 nan
 nan
 nan
 nan
 nan
 nan
 nan
 nan
 nan
 nan
 nan
 nan
 nan
 nan
 nan
 nan
 nan
 nan
 nan
 nan
 nan
 nan
 nan
 nan
 nan
 nan
 nan
 nan
 nan
 nan
 nan
 nan
 nan
 nan
 nan
 nan
 nan
 nan
 nan
 nan
 nan
 nan
 nan
 nan
 nan
 nan
 nan
 nan
 nan
 nan
 nan
 nan
 nan
 nan
 nan
 nan
 nan
 nan
 nan
 nan
 nan
 nan
