 nan
 nan
 nan
 nan
 nan
 nan
 nan
 nan
 nan
 nan
 nan
 nan
 nan
 nan
 nan
 nan
 nan
 nan
 nan
 nan
 nan
 nan
 nan
 nan
 nan
 nan
 nan
 nan
 nan
 nan
 nan
 nan
 nan
 nan
 nan
 nan
 nan
 nan
 nan
 nan
 nan
 nan
 nan
 nan
 nan
 nan
 nan
 nan
 nan
 nan
 nan
 nan
 nan
 nan
 nan
 nan
 nan
 nan
 nan
 nan
 nan
 nan
 nan
 nan
 nan
 nan
 nan
 nan
 nan
 nan
 nan
 nan
3919.25
2686.51
4628.00
 nan
 nan
5659.00
4181.40
1979.00
1965.00
 nan
1965.50
1967.00
 nan
1966.00
1972.00
1974.50
1971.00
 nan
2483.54
2261.95
5673.00
4459.00
5676.67
4479.00
2730.00
2793.60
2747.18
2716.28
5669.00
 nan
1966.00
5671.00
5857.00
1965.00
1965.00
3228.00
 nan
 nan
 nan
4383.29
5711.00
 nan
1966.00
1966.00
 nan
1968.00
2022.00
2792.83
 nan
 nan
 nan
 nan
2559.91
2311.14
2086.38
1712.64
 nan
2044.02
1967.00
2085.95
1978.00
1578.00
1601.50
1971.00
1856.27
1784.20
2484.48
2520.46
2165.83
2441.74
1450.60
3472.00
1863.76
3201.60
2110.83
6253.00
2637.72
2985.10
1473.00
 nan
2931.50
2438.10
 nan
5997.00
2782.07
3273.20
2795.94
2277.37
2462.88
1875.67
2109.91
2783.49
2522.83
2624.62
2630.80
2640.31
2261.25
2606.84
2473.23
2486.79
2472.47
1649.25
2323.21
2379.27
2679.89
2268.01
2857.99
463.00
1502.32
1841.44
2611.96
2836.82
3262.58
2864.65
3122.35
2736.17
2917.17
2938.40
3204.35
2984.95
2706.08
2944.67
2748.09
2590.53
2630.32
2690.39
 nan
2791.49
2968.58
2831.31
2911.04
2533.41
2263.98
2438.41
6020.00
2098.87
3047.69
2935.71
2872.31
2693.64
2693.46
2640.87
3070.59
3072.90
2927.63
3003.03
2916.38
2789.63
2789.38
2856.27
3111.82
3265.65
1206.00
1448.08
1851.19
2600.91
3650.65
3596.98
2741.92
2984.48
707.50
2909.00
3237.22
3425.79
2468.03
2508.22
2546.95
2285.38
3607.00
3183.08
3199.00
3093.99
2386.59
288.50
2754.90
2781.83
3261.00
3092.77
3452.81
3383.36
3253.88
1440.50
3204.93
3031.03
3154.87
3055.30
3319.46
3580.30
3064.54
3133.46
3280.37
2857.09
3344.49
3144.76
2952.31
3502.75
3332.81
3147.83
2989.33
3763.15
3608.34
3912.47
3555.00
2754.67
2973.98
3658.05
3398.46
3302.18
3252.10
3355.46
3572.17
3602.90
3223.18
2821.97
2858.35
1985.33
1471.33
462.50
 nan
 nan
 nan
 nan
 nan
 nan
2830.72
2918.80
1732.00
2643.00
 nan
2207.79
1962.70
6015.00
2054.55
2304.00
2763.40
2321.02
 nan
1680.57
2438.53
2191.42
1928.36
2431.20
1996.91
792.17
1942.73
1909.57
2004.57
2746.65
1180.31
939.00
1163.14
2021.77
2876.86
2780.12
2776.24
2739.17
1142.42
2182.36
1590.56
2456.93
2258.72
2123.20
1953.65
2350.19
2463.00
2899.47
2145.11
1686.34
1225.04
732.49
909.24
1430.02
1393.50
1667.38
2408.39
2454.79
2594.46
3319.86
3368.62
3383.68
3759.09
3542.16
3575.73
3894.88
3740.82
3641.69
3597.38
3657.45
3499.47
2860.97
3100.60
2781.82
2868.20
3089.35
3781.58
3528.08
4490.54
4544.12
3061.90
2017.06
2205.26
1912.95
2624.33
5858.00
1770.08
1764.86
1862.89
1866.36
2143.35
2226.36
2575.64
2122.63
2068.72
1937.57
2292.56
2312.90
1993.79
2157.38
2304.64
2477.98
2295.25
2204.26
2459.78
2851.94
2313.01
2559.05
2402.32
2448.80
1989.54
2036.04
3036.31
2990.70
1848.15
2560.33
1770.32
2264.00
2281.85
1900.62
2119.67
2913.92
3050.36
2662.64
2112.54
1964.47
2681.06
2564.34
1807.00
1859.39
2036.07
2808.70
2037.93
2259.64
2536.61
3064.86
3645.15
2118.52
2829.06
4886.50
1499.50
1809.95
1834.54
1798.57
2363.00
1077.41
1269.71
1025.95
1338.48
1229.44
2054.52
2232.00
2396.72
2139.58
2085.39
1697.21
1349.83
2037.86
2031.80
1267.47
1636.08
2058.40
1537.24
1950.17
1525.41
1660.52
2418.43
2153.31
2101.22
2756.24
1660.14
2627.83
2176.68
1926.29
1324.75
2051.19
1843.76
1272.82
2221.16
2011.72
842.00
969.25
1780.86
1615.90
1994.00
1944.02
1874.93
1840.13
2269.17
2619.41
1981.25
1657.55
3222.73
2290.07
2513.46
1324.00
1276.47
2038.03
3754.28
3185.03
3353.40
2480.87
2202.14
2916.15
2458.12
2021.31
1763.28
1821.45
3177.46
3295.42
1897.02
2966.39
2714.58
2132.10
2328.94
2430.19
2173.85
2487.23
2556.31
2547.07
2312.54
2790.85
2627.32
2610.41
2886.30
3262.56
3144.51
3723.00
3235.32
2289.20
3067.97
3369.56
3489.00
4943.50
1965.00
3538.25
2205.48
3226.92
1539.82
3131.31
2297.62
2545.46
1181.00
3398.51
2550.86
3378.36
1420.71
2450.57
2228.02
3367.50
3420.29
2914.15
2238.79
1712.70
2498.49
2689.51
3238.82
3303.38
3235.46
2975.84
2846.42
2737.92
2878.51
3313.49
3217.51
3356.43
3007.50
2413.92
2271.41
1099.11
2737.03
2262.28
2090.85
1987.13
2174.63
2050.92
2206.96
2405.70
 nan
2291.27
2830.45
1899.46
2178.86
2224.92
2314.52
3294.61
3151.34
2308.74
2158.00
2213.00
2760.79
2333.54
2641.13
2556.46
1295.38
2299.78
2120.32
2600.28
2287.24
2225.20
1684.24
1945.51
3412.33
2758.60
2632.56
2429.62
2226.11
2033.18
2575.06
3453.12
2420.36
2622.95
1820.07
2530.46
1954.96
2370.36
2281.70
2573.36
2375.83
2745.34
2356.11
2168.27
1806.72
1791.77
1919.75
1957.77
2889.44
2770.28
2697.45
2088.50
2228.87
2296.55
2179.30
2303.08
2061.93
2193.28
2156.16
1912.76
2092.04
2152.83
2308.53
2406.94
2455.33
2671.73
2133.97
1226.00
1630.76
1088.45
1065.03
1118.13
1221.78
1554.97
2323.55
2343.43
2545.82
2607.53
3448.44
3546.24
3531.78
3565.43
3604.64
3685.97
3779.87
3515.85
3193.07
3275.37
3509.43
3311.67
3015.38
3076.44
3028.88
3586.69
3248.31
3199.87
3075.25
2847.12
2920.54
2436.86
2216.18
2486.52
2694.37
3066.13
2898.11
2749.02
2590.30
2988.66
3290.85
2809.10
2710.80
3547.00
2963.96
2853.79
2776.75
2591.90
2440.11
2536.91
2494.10
2482.27
2630.78
 nan
2361.21
2498.58
2587.61
2538.21
2517.05
2664.34
2419.54
2774.92
2666.64
2550.29
2672.16
2609.47
2928.33
5861.00
2629.80
2455.54
2794.36
2862.81
2564.22
2599.43
2587.02
2558.38
2350.73
2463.38
2424.39
2602.70
2531.48
2665.90
984.67
 nan
2925.98
2457.57
2482.86
2429.25
2582.19
2771.29
2543.50
2812.00
2689.17
2750.32
2585.15
2305.52
2299.78
2136.88
2132.04
2444.71
2379.90
2755.25
 nan
 nan
2622.50
3132.75
2331.89
2519.97
2372.62
2425.55
2595.05
2432.31
2620.63
2522.29
2601.77
2722.23
2420.75
2765.56
2546.40
2623.36
2636.89
2635.61
2934.63
3067.90
2760.16
2679.34
2395.55
2720.36
2788.40
2597.45
2601.36
2474.72
 nan
1964.00
1964.00
1964.00
2510.46
2457.35
2995.76
2673.91
2613.00
2681.28
2834.12
2912.71
3024.70
2813.82
2963.26
3092.75
3157.32
3165.57
3137.22
3186.63
3196.00
3236.88
3195.19
3368.04
3141.00
3138.57
3285.35
3282.24
3266.88
3240.43
3208.62
3295.27
3268.83
3213.23
3068.18
3194.43
2970.00
2884.75
3052.50
3098.89
2946.86
3021.77
3081.23
3188.85
3128.50
3010.32
3089.40
3113.17
3050.58
3170.42
3230.93
3173.11
3259.84
3152.81
3036.83
3106.62
3100.06
3120.79
3165.81
2988.52
2968.05
2837.77
2793.94
2863.33
2607.02
2790.57
3017.26
3050.54
3090.71
2985.46
2850.66
2726.33
2887.57
3150.12
2887.10
3012.00
2788.47
2847.27
2791.40
2929.68
2868.55
2966.44
3217.86
3237.07
3227.30
3223.27
3165.81
3159.27
2941.77
2797.30
2692.51
3100.82
2556.53
2630.26
2429.43
2308.36
2205.35
2045.11
2088.32
1955.63
2133.72
2358.64
2243.47
2186.47
2194.63
2246.01
2118.50
1884.13
1852.37
1965.49
2016.67
2201.58
2306.00
2327.03
2058.17
2195.56
2140.61
2357.70
2036.59
2285.46
2324.12
2414.83
2494.74
2471.74
2359.00
2319.77
2237.23
2353.60
2407.24
2312.11
2442.67
3485.00
2646.38
2199.82
2547.24
2435.51
 nan
 nan
2196.00
2264.80
2089.21
1805.43
2196.10
2086.22
2863.00
2411.90
2146.28
1941.51
2240.30
2365.84
2331.74
2700.64
2134.33
2360.62
2714.47
2255.35
2356.22
2599.79
2393.35
2650.83
2639.77
2388.38
2292.15
2313.58
2060.65
2108.23
2144.60
1910.73
1576.27
1164.39
1373.28
1682.99
1673.04
1918.60
1947.87
2329.67
2438.20
2534.74
2676.38
2840.04
2870.25
2962.57
2895.76
2893.43
2889.21
2887.43
2890.67
3485.00
2892.00
2892.00
2892.00
2889.24
2882.00
2888.78
2889.75
2890.83
2891.00
2891.77
2894.25
2896.56
2899.00
2900.35
2903.83
2906.82
2905.50
2907.24
2908.47
2912.94
2909.43
2908.38
2906.42
2909.43
2911.33
2910.54
2910.73
2916.00
2918.86
2923.82
2924.47
2930.43
2927.46
2936.00
2933.18
2934.12
2930.00
2929.50
2924.50
2929.56
2927.37
2924.09
2927.20
2927.71
2926.07
2934.30
2926.76
2928.05
2927.23
2923.35
2926.95
2925.80
2933.47
2921.60
2926.26
2929.36
2929.91
2846.03
2808.07
2804.43
2808.73
2803.85
2796.89
2799.67
2799.53
2794.75
2788.13
2785.62
2783.56
2791.21
2782.94
2783.05
2791.39
2797.00
2794.85
2796.61
2795.08
2799.45
2795.09
2785.53
2786.44
2784.43
2780.31
2782.78
2781.47
2779.38
2775.71
2775.88
2780.00
2774.00
2774.27
2781.33
2774.50
2778.50
2786.10
2787.80
2786.14
2789.00
2787.60
2786.30
2790.22
2792.10
2791.12
2791.94
2797.00
2801.07
2794.09
2790.67
2799.33
2802.67
2803.00
2822.25
2815.17
2820.29
2828.86
2833.64
2836.35
2835.86
2836.86
2834.17
2823.00
2822.33
2824.00
2824.07
2824.00
2828.92
2823.50
2815.78
2814.70
2816.00
2812.70
2810.11
 nan
2818.50
2814.20
2815.85
2819.20
2819.38
2818.79
2813.67
2817.50
2816.00
2817.89
2817.00
2815.43
2815.00
2807.75
2812.40
2815.50
2813.92
2815.33
2813.08
2812.88
2816.67
2819.00
2819.71
2817.78
2820.70
2819.38
2820.71
2819.80
2821.60
2816.88
2820.73
2816.25
2817.73
2818.60
2817.88
2817.60
2819.30
2819.17
2825.67
2826.00
 nan
2826.00
2825.00
2846.38
2850.12
2859.47
2868.88
2847.94
2871.48
2893.29
2929.73
2938.76
2957.48
2994.03
2987.00
2918.08
2946.52
2969.37
3042.54
3048.50
3059.38
3062.89
3058.25
3057.62
3054.35
3056.56
3060.67
3053.56
3046.20
3038.86
3051.50
3053.72
3015.15
3050.83
3053.38
3031.30
2987.87
2975.60
2969.29
2966.56
2964.00
2939.71
2943.24
2938.44
2933.12
2929.06
2940.27
2910.81
2915.91
2914.33
2906.43
2904.62
2904.29
2906.20
2911.00
2903.11
2908.29
2908.25
2911.50
2909.83
2904.90
2904.23
2903.00
2906.00
2900.33
2900.00
2899.78
2901.50
2895.33
2893.00
2882.88
2895.00
2894.00
2896.50
2884.67
2897.00
2895.33
2876.63
2882.20
2878.39
2873.22
2872.19
2867.62
2866.53
2872.36
2865.47
2862.27
2855.38
2851.71
2853.33
2851.50
2850.57
2852.50
2853.17
2849.56
2846.73
2850.06
2845.08
2850.67
2846.91
2843.50
2844.00
2844.00
2843.42
2844.36
2845.43
2849.00
2864.67
2854.39
2864.00
2865.50
2869.41
2803.07
2862.90
2855.95
2867.62
2840.60
2852.73
2794.33
2791.00
2793.00
2794.50
2792.89
2793.12
2792.62
2791.94
2788.88
2792.76
2792.15
2785.56
2791.09
2792.53
2788.00
2792.67
2787.70
2780.00
2777.71
2772.00
2767.43
2768.00
2771.83
2768.71
2775.00
2777.62
2779.80
2787.93
2781.29
2778.00
2788.71
2787.00
2791.50
2786.20
2797.00
2808.50
2811.44
2810.25
2807.53
2807.68
2807.42
2801.90
2803.50
2803.43
2804.14
2803.14
2805.87
2799.00
2804.45
2809.53
2814.50
2811.67
2814.62
2816.80
2818.00
2818.00
2813.25
2812.25
2810.64
2806.33
2810.20
2810.40
2811.25
2808.29
2808.57
2809.33
2822.83
2815.25
2810.50
2816.00
2818.80
2821.25
2816.73
2819.00
2818.50
2820.20
2816.75
2819.25
2818.00
2819.25
2821.50
2819.67
2822.00
2820.00
2820.00
2849.00
2851.56
2852.81
2846.75
2848.10
2849.22
2850.58
2850.18
2850.00
2852.33
2850.73
2850.73
2850.19
2849.85
2842.00
2839.21
2836.23
2837.29
2842.67
2843.31
2843.40
2844.00
2831.25
2833.50
2834.07
2825.36
2828.30
2818.85
2831.00
2826.25
2812.75
2824.00
2817.44
2831.56
2822.86
2826.75
2829.86
2843.57
2840.25
2841.29
2841.00
2837.50
2835.00
2837.00
2829.80
2830.00
2834.50
2833.00
2820.80
2828.50
2823.43
2829.80
2833.00
2825.50
2824.27
2823.00
2822.14
2825.14
2911.82
2929.91
2931.03
2942.80
2974.71
2973.11
2976.07
2972.41
2995.36
2992.67
3001.56
3004.80
3003.38
3007.56
3006.60
3005.69
2994.95
2994.24
2993.69
2993.62
2995.60
2992.00
2988.00
2987.00
2982.00
2983.50
2975.20
2976.38
2975.30
2979.00
2985.22
2986.28
3001.72
2995.72
2994.18
3005.00
3009.71
 nan
3020.08
3023.36
3025.10
3018.17
3021.00
3020.56
3018.23
3016.42
3001.31
2995.48
2980.73
2983.81
3002.71
2987.29
2987.30
2980.08
2979.74
2977.19
2980.07
2981.11
2980.67
2981.00
2984.33
2985.28
2976.76
2974.23
2979.33
2970.54
2969.29
2972.00
2959.61
2959.57
2946.67
2928.11
2928.91
2930.50
2927.67
2929.64
2928.86
2929.10
2933.50
2934.10
2936.17
2936.33
2936.80
2936.33
2937.75
2949.38
2952.00
2950.17
2951.00
2955.43
2959.06
2959.65
2957.12
2961.36
2953.29
2960.44
2959.36
2956.70
2946.11
2943.33
2950.20
2938.25
2936.30
2934.17
2931.22
2928.57
2934.33
2935.64
2939.38
2952.42
2955.73
2950.00
2941.44
2943.50
2939.75
2939.12
2936.33
2935.00
2938.17
2932.31
2927.85
2932.33
2935.44
2934.36
2929.93
2934.22
2931.50
2931.50
2932.20
2934.60
2942.00
2962.26
2974.42
2971.30
2971.42
2971.95
2976.91
2979.59
2977.90
2987.12
2987.57
2991.00
2988.62
2987.81
2987.07
2985.69
2986.57
2985.91
3011.43
3014.81
3022.33
3022.21
2996.10
2927.56
2941.24
3025.53
3029.00
3032.86
3030.30
3029.90
3031.44
3021.89
3023.31
3019.73
3020.36
3017.17
3019.90
3021.64
3023.17
3031.38
3021.10
3032.06
3035.11
3024.27
3029.50
3029.67
3038.08
3049.94
3044.50
3047.50
3044.11
3041.22
3037.64
3037.20
3038.53
3039.42
3048.55
3039.40
3049.77
3043.71
3042.30
3047.71
3045.57
3050.06
3050.00
3049.00
3052.40
3054.33
3052.77
3053.06
3054.82
3049.83
3057.00
3072.55
3075.25
3073.29
3081.50
3079.67
3079.00
3143.50
3201.27
3200.90
3238.87
3248.82
3261.69
3282.43
3284.65
3287.46
3301.90
3302.17
3306.17
3312.69
3328.38
3327.51
3316.59
3327.52
3324.14
3319.07
3326.72
3335.21
3332.43
3331.48
3324.64
3326.12
3333.06
3341.62
3344.22
3345.25
3350.17
3351.50
3352.42
3344.73
3341.17
3320.62
3320.41
3274.80
3290.35
3265.14
3267.45
3263.13
3258.17
3259.70
3259.47
3260.56
3256.69
3253.88
3247.60
3258.83
3245.11
3256.75
3254.00
3221.17
3214.80
3203.81
3197.05
3446.58
3183.30
3168.28
3165.98
3148.00
3146.40
3123.43
3135.94
3106.03
3110.10
3053.44
3091.45
3092.06
3095.29
3097.41
3100.31
3096.64
3100.50
3104.42
3096.21
3099.23
3098.29
3099.08
3094.21
3091.00
3085.92
3084.18
3087.28
3087.00
3077.76
3062.96
3061.28
3063.57
3055.14
3064.83
3049.08
3048.25
3046.58
3047.08
3049.00
3048.88
3046.17
3039.67
3040.06
3041.81
3037.29
3004.62
3001.88
3007.39
2998.74
2980.00
2975.52
2974.39
2963.64
2959.25
2949.50
2947.17
2944.67
2939.47
2933.25
2926.44
2928.96
2927.35
2925.75
2919.90
2920.87
2921.65
2912.81
2829.77
2837.36
2909.13
2908.10
2922.40
2916.71
2920.67
2923.83
2922.67
2921.67
2921.50
2919.15
2923.75
2920.29
2919.17
2916.43
2917.79
2914.61
2916.68
2916.88
2901.91
2904.50
2907.68
2862.57
2891.20
2853.26
2844.61
2804.62
2816.25
2821.79
2827.67
2833.60
2837.23
2842.15
2843.62
2838.36
2840.46
2842.39
2840.94
2844.67
2839.25
2843.06
2842.75
2841.06
2842.00
2842.67
2840.00
2841.83
2836.86
2836.57
2834.33
2827.62
2827.62
3263.71
2829.33
2825.67
2820.43
2824.25
2822.00
2820.44
2815.30
2809.44
2810.50
2971.84
2811.81
2810.80
2809.10
2812.88
2812.25
2816.50
2823.36
2831.19
2827.93
2835.79
2834.40
2854.33
2853.40
2849.31
2848.60
2853.79
2857.42
2857.17
2858.33
2857.00
2773.82
2856.06
2811.50
2772.42
2847.88
2851.14
2835.90
2845.10
2833.36
2830.78
2983.76
2810.92
2811.36
2815.68
2825.31
2794.00
2815.57
2837.62
2925.74
2845.62
2854.00
2851.71
2800.56
2847.82
2848.11
2844.09
2842.10
2841.12
2837.45
2842.12
2848.25
2849.50
2844.55
2847.00
2984.62
2795.66
2839.10
2883.85
2840.09
1956.00
2720.18
2893.00
2774.75
2886.00
2881.35
2874.91
2878.09
2844.26
2837.00
3046.82
2874.00
2873.00
2871.20
2876.17
3181.10
2889.82
5846.00
2892.38
2893.16
2808.45
2900.40
2897.50
2907.71
2902.87
2903.80
2920.00
2918.24
2917.54
2913.36
2908.44
2901.77
2900.33
2878.00
 nan
2897.45
2857.58
2888.82
2883.00
2805.17
2885.75
2884.33
2882.12
2882.43
2880.75
2880.33
2881.67
2880.00
2876.69
2874.90
2881.46
2882.10
2881.57
2880.92
2883.67
2887.79
2884.73
2903.86
2906.00
2895.00
2901.50
2898.33
2897.17
2898.00
2904.88
2908.17
2907.33
2911.57
2912.00
2909.64
2911.18
2922.72
2941.00
2970.19
2957.17
 nan
3018.46
3024.41
3031.84
3044.53
3065.87
3055.26
3114.89
3194.10
3163.24
3160.85
3084.20
3085.00
3083.88
3073.75
3079.90
3081.15
3077.48
3081.39
3099.71
3099.71
3103.13
3191.03
3114.50
3116.52
3120.58
3138.00
3138.12
3140.50
3138.83
3139.00
3143.00
3142.50
3145.25
3145.31
3146.80
3145.64
3146.60
3147.38
3145.17
3148.25
3145.00
3252.92
3293.64
3297.62
3388.54
3417.36
3428.17
3412.03
3407.12
3409.17
3428.81
3434.95
3456.67
3446.00
3452.75
3449.89
3451.79
3446.71
3441.78
3453.76
3452.83
3452.41
3453.80
3451.36
3447.19
3443.00
3444.62
3448.53
3448.41
3447.26
3444.44
3442.47
3443.00
3444.21
3440.42
3440.18
3434.73
3430.88
3435.50
3435.22
3441.00
3441.00
3438.44
3438.67
3441.89
3443.71
3444.67
3444.00
3445.20
3450.33
3472.25
3447.38
3497.33
3502.08
3453.76
3504.19
3505.20
3497.41
3496.00
3516.85
3521.75
3525.40
3518.29
3513.85
3503.00
3515.29
3477.62
3475.07
3485.30
3466.00
3452.81
3457.18
3451.80
3449.67
3452.11
3450.76
3446.44
3446.72
3435.07
3427.50
3423.11
3419.33
3427.47
3419.38
3415.65
3420.41
3427.10
3418.36
3418.47
3415.93
3422.82
3420.88
3415.27
3419.33
3416.81
3414.00
3415.38
3415.23
3416.47
3418.00
3413.35
3414.71
3413.56
3413.14
3419.96
3422.74
3425.69
3424.79
3429.00
3438.75
3440.00
3443.00
3446.17
3442.25
3445.88
3442.80
3444.50
3444.38
3440.50
3440.50
3440.33
3440.33
3440.50
3440.57
3442.86
3401.38
3385.67
3381.09
3339.26
3313.28
3248.62
3265.21
3325.17
3318.80
3316.53
3333.30
3332.12
3332.48
3327.71
3318.89
3333.17
3331.74
3326.55
3329.95
3333.07
3331.54
3324.62
3318.00
3319.73
3323.89
3320.25
3324.40
3319.27
3321.82
3322.21
3323.71
3323.94
3330.33
3332.38
3348.50
3349.40
3346.83
3353.25
3351.17
3344.57
3344.57
3340.17
3336.25
3336.00
3335.75
3340.86
3344.67
3340.17
3346.06
3343.57
3344.57
3344.83
3344.33
3347.07
3349.23
3347.89
3375.38
3407.00
3403.12
3401.57
3400.83
3405.60
3405.19
3407.40
3403.38
3404.50
3404.91
3407.00
3406.15
3407.38
3406.33
3405.30
3409.62
 nan
3406.40
3404.83
3407.71
3598.10
3405.78
3402.55
3405.00
3399.57
3405.69
3406.43
3405.00
3406.00
3411.67
3411.14
3495.31
 nan
 nan
3476.22
3497.14
3509.59
3519.47
3587.17
3580.94
3529.64
3584.68
3586.64
3598.42
3603.85
3605.20
3608.32
3600.03
3593.13
3591.58
3520.13
3537.00
3595.91
3586.05
3589.54
3588.83
3588.36
3592.67
3587.82
3582.72
3591.45
3592.00
3609.03
3611.00
3644.00
3593.54
3630.92
3566.00
3579.41
3676.17
3665.56
3685.54
3690.07
3693.00
3706.12
3646.21
3675.27
3656.03
3731.28
3733.64
3741.21
3748.00
3757.20
3758.33
3762.00
3698.88
3765.90
3766.22
3165.88
3421.43
3762.00
3763.33
3762.00
3757.83
3763.20
3758.83
3756.00
3755.50
3756.67
3754.40
3753.40
3757.67
3757.80
3658.83
3161.83
 nan
 nan
 nan
2688.00
5850.00
2524.73
2621.59
3317.50
3863.00
2989.08
2806.35
3070.71
2868.93
2684.48
3164.00
2529.20
2475.58
2498.21
2409.89
2381.03
 nan
 nan
2695.68
3999.80
 nan
 nan
 nan
 nan
 nan
 nan
 nan
4013.55
4015.17
4018.43
4018.00
4020.20
4018.75
4028.62
4030.25
4034.50
4055.64
4134.77
3848.67
3899.21
3487.27
3417.08
3815.53
3403.91
1954.00
3391.09
5322.00
3078.25
2692.59
3725.40
3256.53
2546.36
2982.00
2723.78
2844.52
3342.73
2905.12
3069.85
3029.76
3168.50
3296.78
3922.17
4132.76
4218.23
4348.54
4135.77
4174.23
4106.49
4146.77
4329.72
4438.30
4449.64
4451.30
4337.41
4457.74
4467.00
4467.75
4467.75
4467.67
4465.50
4481.00
4480.38
4178.24
4486.89
4488.00
4490.38
4490.25
4397.45
4498.50
4504.33
4500.67
4082.18
3884.00
4958.33
5233.50
4613.50
3949.75
4615.50
3949.75
 nan
4619.00
3724.67
4610.50
4613.00
 nan
4610.00
3949.00
4617.00
 nan
 nan
3907.31
 nan
4672.00
4282.00
4669.00
4673.00
4676.00
4676.00
4674.00
4677.00
4674.00
4674.00
4674.00
4250.17
4736.91
4757.50
4746.20
4747.48
4766.00
4772.00
4775.00
4581.70
4738.06
4742.17
4795.40
4825.33
4830.83
4822.13
4826.44
4823.62
4823.81
4826.64
4829.40
4828.70
4829.50
4829.07
4829.17
4830.60
4833.75
4829.07
4538.40
4828.91
4831.29
4833.18
4834.08
4832.40
4851.81
4844.56
4832.86
4832.00
4835.75
4838.00
4841.14
4835.78
4840.25
4846.44
4839.93
4837.36
4837.57
4842.50
4839.30
4839.25
4833.76
4832.64
4831.00
4824.57
4461.00
4824.33
4633.80
4324.29
4827.00
4624.50
4829.27
4830.50
4838.50
4828.00
4829.00
5004.83
4611.77
4833.33
4609.08
4836.29
4784.32
4829.21
4825.62
4820.11
4818.22
4874.06
4877.00
4813.50
4813.25
4808.13
4806.08
4802.50
4803.00
4660.70
4803.86
4801.88
4797.50
4799.25
4795.14
4803.50
4802.10
4803.11
4811.33
4812.95
4811.27
4819.08
4816.70
 nan
4813.00
4687.91
4814.25
4807.50
4516.17
4661.11
4617.69
4735.54
4465.02
4549.50
4443.54
4282.20
4491.62
4520.84
4552.54
4396.48
4165.65
4504.75
4369.50
4638.47
4115.00
4497.41
4533.58
4624.91
4508.53
4438.07
4620.20
 nan
 nan
 nan
 nan
 nan
4495.00
 nan
4485.33
4487.71
4489.22
4480.20
4481.50
3216.00
 nan
4478.00
4478.00
4417.00
4413.29
4101.50
3657.06
4203.50
4060.29
4414.50
4414.50
3452.64
2824.41
2950.25
 nan
2333.67
3460.50
1950.00
1950.00
1950.00
 nan
4291.00
2826.86
3003.85
2921.62
3505.05
4216.40
4218.00
1950.00
 nan
 nan
3505.68
3799.23
3202.47
3175.27
3011.10
3333.28
4070.83
4068.91
3881.18
3648.21
3851.42
3654.80
3192.09
3136.00
2731.44
3027.00
2599.38
3611.22
2606.38
2392.52
2429.24
2753.72
2787.10
3340.64
2638.16
2476.86
3719.47
3944.00
3941.80
3942.67
3945.17
3660.14
3943.00
3940.50
3940.00
3828.88
3858.35
3869.67
3826.83
3777.86
3843.96
3783.31
3814.91
3822.18
3823.91
3837.26
3831.09
3786.13
3865.80
3802.34
3790.14
3780.08
3739.84
3739.63
3679.58
3614.56
3736.55
3726.83
3723.00
3719.00
3713.58
3712.81
3713.31
3712.83
3715.40
3721.48
3719.27
3726.93
3721.40
3731.09
3734.71
3741.80
3734.83
3733.89
3739.92
3737.85
3732.39
3728.73
3719.29
3704.62
3582.47
3628.83
3668.64
3669.17
3668.17
3667.67
3667.33
3668.00
3668.00
3665.20
3662.12
3666.40
3664.50
3666.25
3697.60
3693.95
3704.14
3703.50
3703.50
3695.18
3698.07
3698.88
3700.46
3579.88
3693.07
3684.50
3648.00
3654.15
3434.25
3221.75
3636.00
3633.80
3635.75
3636.00
3637.91
3636.55
3633.83
3638.25
3639.22
3640.75
3639.80
3646.56
3655.50
3649.50
3660.00
3662.50
 nan
3660.67
3664.17
3660.50
3660.00
3661.50
3662.40
3664.00
3661.17
3660.00
3661.33
3665.50
3673.80
3670.14
3665.14
3676.33
3678.00
3534.00
3707.00
3573.42
3717.85
3726.53
3730.06
3733.88
3733.82
3734.73
3746.43
3746.17
3749.00
3748.50
3745.50
3739.79
3743.11
3744.78
3741.77
3739.23
3439.17
3739.12
3740.75
3738.14
3738.23
3741.43
3741.80
3741.22
3750.33
3750.60
3746.33
3746.50
3749.91
3750.86
3748.83
3751.50
3753.50
3757.62
3757.25
3757.62
3759.60
3758.90
3761.60
3757.71
3772.00
3762.67
3759.67
3794.40
3796.68
3743.64
3586.21
3456.62
3792.05
3842.16
3840.90
3787.78
3784.36
3791.00
3782.41
3779.12
3779.11
3792.92
3806.30
3808.33
3804.59
3806.79
4175.27
3816.00
3816.33
3816.43
3818.67
3817.44
3810.60
3815.90
3816.75
3819.00
3817.00
3814.69
3818.00
3815.70
3819.75
3837.00
3841.30
3749.25
3849.00
3846.45
3849.23
3731.44
3704.46
3844.60
3857.31
3842.78
3843.33
3848.00
3841.00
3842.71
3844.70
3846.45
3716.29
3853.20
3859.53
3859.94
3760.69
3883.35
3876.15
3690.20
3908.33
3910.86
3909.17
3909.17
3908.75
3582.33
3907.00
3908.80
3910.00
3909.60
3911.00
3791.00
 nan
 nan
 nan
 nan
3969.69
3766.60
3816.18
3935.54
3568.11
4121.22
4100.25
4540.60
4017.40
4022.17
4022.50
3796.22
4022.53
3885.07
3883.60
4020.42
4024.64
4023.67
4008.33
4010.50
3667.50
3716.00
4008.00
4008.00
4011.40
4009.33
3671.00
3997.03
3969.26
3957.08
4079.20
4045.88
4030.88
3967.14
3997.93
3978.06
4125.00
3797.00
3994.03
4204.77
3910.85
3982.18
4026.58
4114.82
3993.12
3836.21
3705.11
3485.81
4226.44
4030.94
4124.78
4189.75
4237.18
4264.27
4275.98
4164.17
4121.95
4264.79
4236.27
4331.50
3994.43
4334.00
4332.50
4338.33
4334.80
4339.20
4339.56
4340.67
4342.50
4340.67
4339.60
4344.00
4341.17
4342.50
4353.00
4346.50
4344.00
4372.80
4233.24
4175.83
4396.00
4395.25
4396.09
4398.88
4396.00
4399.60
4401.50
4398.17
4398.67
4468.19
4492.28
4480.61
4380.66
4319.44
4469.97
4516.76
4148.94
4245.39
4322.77
4195.76
4351.34
4074.44
4115.23
4229.19
4586.64
4623.12
4514.26
4638.07
4642.22
4634.17
4634.36
4632.50
4632.50
4632.00
4635.50
4637.50
4633.60
4633.17
4633.50
4633.25
3740.33
4660.67
4694.00
4538.06
4690.56
4780.14
4683.33
4684.00
4691.33
4685.56
4692.64
4690.05
4694.33
4700.00
4703.25
4236.55
4150.62
3248.45
3668.11
3561.11
4086.28
4614.73
4674.67
4821.75
4815.57
4538.80
4827.20
4833.33
4827.92
4829.82
4826.50
4829.88
4833.43
4833.00
4834.17
4829.29
4827.88
4825.90
4830.12
4833.40
4832.75
4827.71
4828.78
4826.17
4829.62
4829.50
4847.14
4856.00
4474.50
4697.80
4876.92
4870.89
4646.77
4877.94
4875.20
4383.83
4879.67
 nan
 nan
4883.67
4638.25
4631.73
4916.89
4920.50
4697.41
4804.92
4762.65
4958.95
4974.29
4991.00
4968.09
4972.68
4973.51
4986.29
4985.89
4998.55
5001.62
5003.83
5003.17
5002.75
5004.40
5004.00
5007.22
4398.40
5018.80
5012.20
5027.42
5034.63
4867.44
4630.67
5042.38
5033.75
5036.00
5036.43
5028.78
4540.95
4851.26
4862.20
5015.52
4865.71
5003.53
5001.44
4998.50
4997.50
4996.50
4997.57
4997.60
4995.30
4998.56
4997.22
4853.52
4998.80
5006.13
4889.15
5015.90
5020.00
5028.39
4983.48
5035.12
5056.33
5056.72
5056.53
5059.00
5065.86
5063.58
5060.57
5072.92
5074.06
5078.00
5073.18
5074.12
5074.86
5074.65
5069.27
5068.38
5069.30
5067.53
5068.67
5071.23
5068.83
5068.60
5071.71
5075.95
5072.36
5073.15
5071.06
5073.16
5074.81
5062.40
5060.29
5067.50
5068.00
5080.86
5071.70
5070.75
5071.25
5070.43
5073.00
5072.33
5066.67
5075.67
5074.46
5075.82
5076.14
5078.67
5078.80
5079.09
5076.23
5071.00
5077.00
5074.94
5072.57
5078.00
5080.38
5077.73
5078.75
5079.58
5077.50
5077.56
5074.30
5072.00
5073.29
5075.00
5076.27
4816.67
5079.25
5080.42
5080.83
4916.95
5082.00
5084.00
5082.67
5077.00
5079.33
5076.50
5078.80
5084.83
4800.45
5088.62
5088.33
5088.30
5090.38
5092.00
5088.94
4931.00
5082.56
5079.12
5076.67
5088.00
5084.50
5081.00
5079.00
5043.75
5030.50
5025.83
5031.78
5029.50
5031.07
5037.23
5037.27
5043.12
4805.85
5037.73
5037.56
4818.14
4889.00
5040.50
5037.27
5039.29
5040.00
5035.89
5035.50
5030.90
4410.20
4410.40
5002.80
5001.00
4807.47
4808.09
4888.95
4741.45
4861.72
5000.00
4887.78
4925.83
4900.94
4955.26
5063.12
4955.64
4953.56
4953.00
4846.88
4967.50
4967.71
4967.75
4970.46
4592.50
4970.89
4970.33
4970.00
4963.00
4738.43
4966.22
4964.62
4968.92
4964.00
4931.21
4911.97
4906.88
4892.26
4888.02
4865.78
4883.69
4886.62
4863.71
4856.11
4909.35
4847.40
4415.50
4841.33
4114.75
4423.29
4476.75
4834.60
4835.67
4833.27
4829.70
4829.67
4828.33
3869.00
4509.11
4818.29
4816.40
4813.00
4811.75
4806.83
4799.78
4724.18
4348.40
4788.90
4782.83
4786.25
4782.00
4780.14
3365.50
4773.00
4771.45
4772.27
4770.50
4779.00
 nan
 nan
 nan
3769.67
4102.70
4146.88
4467.43
4673.20
4672.50
4671.43
4667.83
4481.62
4672.00
4671.00
4670.00
 nan
 nan
 nan
 nan
 nan
4598.00
4597.40
4595.75
4447.90
4595.29
4589.00
 nan
4488.27
4302.73
4430.62
4510.79
4563.24
4491.07
4531.00
4550.25
4537.70
4532.50
 nan
4529.60
4470.42
4529.14
4274.52
 nan
4530.22
4503.54
4391.33
3992.33
3991.50
4405.00
4398.83
3640.73
4395.40
4393.71
 nan
4391.86
3861.73
4379.50
4376.50
4224.27
4108.81
4313.75
 nan
4311.00
4313.11
4312.00
3947.73
4310.62
4308.86
4312.07
 nan
 nan
4291.00
4248.50
 nan
4243.50
 nan
 nan
 nan
4207.54
4176.83
3992.94
3670.64
4136.17
4104.57
4029.00
4062.11
4001.17
4181.53
4173.00
4180.08
4174.40
4167.64
 nan
3811.60
3689.80
3465.62
3000.00
3715.41
4037.58
3976.88
3820.08
3671.94
3738.12
4009.91
3993.14
3995.75
3763.22
3988.90
3647.33
3989.25
3985.50
3312.33
3992.20
3879.67
3762.56
3849.43
3992.12
3822.33
3992.50
3763.80
3848.28
3729.60
3791.17
3806.00
3824.79
3895.00
3896.43
3837.76
3814.27
3895.40
3898.50
3896.62
3900.40
3900.22
3897.57
3897.71
3865.67
3887.73
3884.10
3863.27
3866.24
3857.35
3832.11
3839.50
3816.14
3818.00
3814.50
3730.50
3805.85
3763.84
3713.00
3801.31
3796.65
3798.55
3770.49
3667.80
3753.79
3748.11
3743.50
3680.20
3645.46
3604.33
3692.64
3691.14
3611.27
3683.85
3669.04
3664.53
3661.60
3661.45
3660.20
3656.25
3654.83
3926.00
3228.00
3529.64
3407.29
 nan
3648.50
3650.17
3648.50
3651.38
3406.00
3646.67
3644.50
3642.00
3642.22
3644.10
3621.27
3623.22
3616.82
3603.29
3594.50
3600.50
3417.44
3597.25
3595.33
3596.00
3597.62
3601.33
3599.22
3596.29
3597.00
3598.38
3598.00
3595.29
3589.80
 nan
3588.00
 nan
 nan
 nan
 nan
 nan
3545.38
3545.11
 nan
 nan
3544.40
 nan
 nan
 nan
3479.00
 nan
3486.50
3478.12
3346.42
3470.28
3373.71
3461.29
3231.00
3338.92
3312.40
3467.60
3467.88
3298.11
3466.00
3464.17
3471.78
3470.88
3469.00
3464.00
3464.00
3474.80
3468.17
3368.40
3474.70
3471.44
3401.60
3317.00
3331.03
3365.64
3359.17
3304.29
3361.40
3356.83
3357.35
3364.53
3364.64
3362.36
3293.63
3361.62
3355.09
3291.05
3308.35
3341.43
3337.00
3321.61
3326.88
3327.00
3321.18
3319.93
3311.33
3296.71
3283.02
3269.90
3275.20
3273.39
3276.64
3266.29
3260.00
3267.83
3262.50
3272.50
3274.44
3278.33
3277.90
3281.55
3280.52
3304.00
3301.38
3308.58
3308.67
3309.29
3311.60
3313.21
3311.10
3307.50
3309.33
3312.72
3316.04
3315.27
3309.04
3317.23
3316.68
3318.60
3319.00
3318.31
3318.60
3322.15
3321.50
3319.33
3319.31
3321.31
3318.67
3317.55
3313.21
3320.76
3316.65
3309.47
3308.57
3307.90
3309.50
3308.93
3306.82
3315.10
3314.80
3314.22
3313.15
3311.00
3314.36
3314.57
3310.14
3312.95
3312.60
3315.64
3316.15
3314.00
3308.89
3318.78
3314.25
3316.69
3325.50
3333.00
3339.62
3334.86
3324.67
3327.50
3324.61
3321.20
3326.64
3323.40
3324.26
3329.36
3331.84
3331.04
3337.41
3331.26
3330.57
3333.15
3333.00
3346.33
3342.73
3345.89
3341.10
3343.88
3343.88
3340.54
3350.00
3337.86
3333.50
3339.06
3335.92
3329.57
3329.14
3328.14
3327.40
3327.62
3332.73
3245.56
3333.00
3329.12
3335.40
3354.25
3359.32
3245.30
3115.49
2626.53
 nan
3166.33
3169.33
3159.83
3283.63
3233.50
3168.20
3415.88
3494.67
3470.11
3469.18
3469.92
3385.65
3477.50
3477.50
3477.67
3479.00
3466.50
3448.18
3444.25
3440.71
3445.85
3437.53
3440.80
 nan
3424.71
3130.20
3128.20
3427.40
3427.22
3423.88
3260.11
3422.50
3417.70
3329.32
3289.85
3404.40
3402.00
3322.74
3314.66
3359.85
3301.52
3284.24
3229.15
3334.11
3336.00
3337.47
3335.47
3338.00
3335.16
3331.40
3333.67
3337.00
3343.00
3332.36
3333.17
3333.36
3332.14
3330.26
3330.27
3317.56
3329.08
3327.78
3288.52
3271.83
3268.21
3262.69
3251.00
3251.27
3243.12
3250.60
3242.38
3237.29
3235.20
3233.10
3221.24
3224.47
3230.92
3244.00
3246.38
3229.46
3231.36
3229.33
3223.85
3201.58
3193.80
3192.46
3181.00
3173.56
3182.08
3169.11
3159.67
3159.67
3456.33
3161.50
2855.75
3162.80
3160.17
3160.44
3159.73
3157.14
3159.40
3077.87
3155.18
3141.88
3151.60
3042.08
2981.29
3105.62
3101.00
3091.38
3116.33
3073.48
3064.23
3032.30
3053.66
3048.53
3034.04
3028.14
3026.05
3015.94
3011.22
2829.50
2991.52
 nan
3006.50
2985.45
2987.08
2929.84
2980.23
2980.61
2891.92
2981.50
2976.00
 nan
 nan
2926.36
2974.06
2970.83
2967.81
2967.19
2903.00
2983.25
2976.00
2971.10
2977.00
2979.71
2981.93
2985.45
2984.71
2986.55
2984.67
2984.40
2987.00
2986.29
2984.20
2975.29
2916.69
2976.07
2977.12
2972.47
2975.50
2844.88
2972.67
2904.74
2955.56
2960.22
2950.27
2934.50
2877.19
2941.00
2939.36
2939.28
2941.00
2947.89
2947.33
2950.20
2958.46
2958.25
2954.08
2952.62
2952.70
2954.56
2955.67
2953.60
2953.15
2943.91
2943.00
2945.50
2946.20
2939.50
2943.50
2942.33
2864.07
2864.34
2885.90
2850.32
3125.08
2856.56
2871.68
2863.81
2869.76
2865.73
2867.90
2867.17
2868.62
2880.90
2890.65
2889.00
2901.23
2898.45
2908.29
2904.00
2908.57
2910.60
2907.25
2903.31
2907.50
2905.94
2904.80
2903.31
2903.73
2910.09
2903.79
2905.69
2906.54
2907.40
2903.68
2900.25
2902.50
2900.82
2906.36
2900.50
2907.40
2901.75
2895.00
2889.22
2848.92
2871.48
2838.77
2849.57
2853.70
2853.95
2856.86
2863.80
2858.32
 nan
2856.00
 nan
2962.96
2909.43
 nan
2920.74
 nan
2940.18
2941.18
2977.43
2933.12
2953.63
3061.33
3053.87
3092.77
3134.83
3184.92
3146.76
3151.33
3104.56
3180.50
3177.89
3174.17
3064.45
3093.86
3184.92
3186.42
3113.53
3076.82
3368.83
3188.25
3184.15
 nan
3185.67
3152.71
3157.91
3166.39
3172.76
3180.08
3184.50
3185.00
3226.73
3152.46
3150.00
3146.50
3144.00
3137.95
3094.12
 nan
3153.00
3135.67
3132.40
3123.50
3127.91
3128.00
3118.00
3121.56
3158.91
3148.73
3072.29
3069.55
3028.88
 nan
3151.61
3012.87
3004.00
3037.89
3037.87
3606.75
3030.33
3033.92
3033.00
2988.38
2965.44
2954.77
2824.20
3044.60
2918.89
2856.83
3045.20
2929.10
3037.50
3038.18
3034.62
3035.14
3024.75
2995.84
3030.50
2966.35
3023.67
2987.96
2993.94
2975.77
2970.55
2879.54
2974.81
2978.17
2979.00
2981.45
2978.36
2887.27
3123.06
2973.32
2969.27
2900.93
2965.67
2955.18
2886.48
2871.78
2882.97
2891.89
2868.38
2911.07
2909.77
2904.10
2896.20
2893.18
2891.00
2888.56
2892.76
2894.45
2888.50
2855.75
2906.43
2902.93
2906.22
2908.17
2898.93
2917.21
2900.33
2900.81
2900.60
2898.64
2887.56
2894.71
2888.60
2888.00
2873.00
2851.00
2835.03
2845.59
2840.47
2837.07
2847.78
2830.50
2807.17
2840.38
2826.17
2819.80
2852.83
2858.71
2845.10
2849.07
2854.39
2868.22
2856.90
2855.53
2857.41
2857.15
2851.86
2809.35
2854.08
2849.20
2853.62
2853.20
2856.00
2854.23
2856.89
2857.18
2862.40
2634.00
2866.00
2866.00
2867.00
2869.00
2861.29
2857.71
2862.75
2785.33
2861.50
2858.60
2845.92
2843.53
2865.60
2846.36
2836.72
2837.00
2836.55
2839.42
2838.71
2845.38
2846.00
2849.33
2849.29
2844.43
2848.65
2852.44
2851.40
2851.54
2790.87
2854.09
2856.15
2856.90
2858.00
2857.79
2861.62
2862.67
2864.71
2862.60
2864.43
2863.20
2864.14
2861.30
2866.50
2865.89
2861.60
2857.00
2728.50
 nan
2755.95
2765.52
2761.27
2758.88
2773.31
2772.76
2766.09
2775.29
2788.43
2789.73
2785.69
2777.72
2786.07
2790.44
2770.11
2786.20
2823.22
2826.21
2842.71
2846.50
2842.81
2856.19
2780.08
2854.15
2857.07
2860.00
2858.30
2859.13
2859.36
2791.15
2860.50
2866.44
2808.71
2808.29
2869.77
2868.75
2862.91
2873.80
2869.80
2862.00
 nan
2858.15
2789.93
2774.45
2855.79
2793.27
2801.29
2853.75
2857.86
2859.73
2855.38
2862.83
2813.96
2918.25
2935.42
2920.70
2953.48
2953.56
2971.12
 nan
 nan
2990.94
3001.50
2942.91
2871.75
3002.00
3003.80
3007.00
3011.27
3011.15
3009.70
3014.38
3017.83
3013.64
2909.10
3019.17
2920.36
2945.21
2923.45
3019.50
3018.10
3009.71
3011.09
3010.79
3009.20
3007.33
3010.00
3007.20
3008.50
2736.75
3000.00
3002.00
2984.60
2987.56
2926.94
2979.33
2906.67
2973.92
2969.00
2967.86
2967.90
2967.35
2962.08
2960.72
2961.72
2964.81
2957.73
2960.38
2904.32
2950.15
2949.88
2949.44
2948.67
2949.22
2948.38
2949.86
2952.70
2955.74
2959.22
2960.43
2960.25
2961.45
2961.33
2962.10
2963.50
2965.33
2963.40
2891.73
2330.34
2845.00
2951.33
2819.15
2883.34
3065.48
3173.04
3270.33
3100.68
2925.35
2902.33
2909.00
2902.47
2878.15
2867.81
2861.40
2850.95
2824.32
2879.00
 nan
2828.39
2829.49
2863.26
2870.25
2827.88
2826.39
2821.86
2854.14
2842.50
2839.95
2723.38
2797.95
2838.44
2795.59
2764.46
2758.75
2836.00
2834.00
2834.08
2766.31
2834.69
2834.00
2752.18
2767.79
2829.50
2831.60
2827.60
2829.55
2826.33
2823.00
2828.60
2830.33
2833.29
2834.20
2837.27
2836.25
2834.00
2830.00
2829.46
2832.10
2776.38
2781.12
2740.80
2830.78
2676.33
2698.00
2823.00
2826.00
2827.86
2829.00
2822.67
2822.75
2821.25
2827.00
2824.40
2822.50
2817.89
2815.17
2822.57
2809.60
2809.25
2828.44
2816.80
2824.20
2825.71
2828.78
2832.17
2829.67
2826.83
2826.86
2826.00
2648.60
2804.00
2698.00
2824.67
2821.67
2812.89
2827.75
2828.33
2825.25
2826.17
2827.00
2829.90
2828.45
2830.17
2831.14
2821.60
2825.71
2827.33
2827.43
2826.56
2830.67
2830.71
2822.40
2830.62
2831.12
2829.22
2807.40
2803.07
2810.20
2800.54
2795.25
2794.90
2786.39
2794.14
2788.78
2790.29
2790.23
2792.36
2791.71
2788.53
2790.06
2798.25
2798.67
2800.50
2880.49
2911.36
2951.03
2961.81
2981.93
2976.07
2978.94
2995.30
3031.38
3034.44
3032.24
3040.12
3047.50
3048.50
3055.00
3062.57
3055.50
3064.50
3062.50
3071.31
3073.38
3073.92
3073.47
3079.04
3079.14
3081.00
3083.91
3081.20
3081.86
3079.80
3071.93
3069.15
3072.00
3074.00
3067.58
3062.58
3053.19
2972.75
2958.08
3020.79
3022.75
3014.21
2925.31
2994.50
2996.80
2959.16
2991.30
2985.50
2978.50
2978.00
2981.80
2976.22
2976.00
2884.73
2974.82
2902.29
2975.67
2970.61
2968.12
2975.50
2975.57
2946.50
2937.97
2932.74
2915.38
2913.67
2915.83
2916.25
2912.88
2915.50
2917.00
2918.00
2912.75
2915.00
2921.14
2919.40
2797.88
2921.43
2920.29
2921.00
2920.76
2919.06
2922.40
2921.60
2918.94
2810.22
2915.50
2915.41
2868.20
2855.44
2914.22
2915.33
2913.80
2912.00
2910.45
2914.37
2914.75
2911.67
2906.73
2900.20
2911.31
2911.92
2853.17
2913.64
2907.71
2912.07
2903.71
2899.30
2897.00
2903.00
2889.05
2892.86
2893.10
2891.82
2892.00
2887.69
2884.62
2881.80
2859.29
2859.20
2878.50
2841.57
2715.43
2797.35
2795.00
2837.67
2839.06
2834.33
2835.29
2829.33
2815.12
2809.33
2800.90
2805.22
2804.63
2788.41
2791.02
2765.56
2755.78
2784.59
2778.45
2785.76
2777.94
2780.26
2788.53
2784.58
2793.74
2785.30
2796.80
2791.82
2794.93
2790.79
2784.50
2792.44
2781.62
2778.11
2770.62
2773.33
2769.82
2768.40
2708.93
2766.89
2769.60
2762.92
2715.42
 nan
 nan
 nan
 nan
2721.00
2762.45
2754.79
2766.00
2770.70
2770.73
2768.12
2772.20
2773.07
2766.17
2756.26
2755.44
2765.84
2763.11
2702.67
2753.62
2754.69
2750.62
2754.75
2618.33
2758.00
2689.92
2760.17
2764.20
2766.00
2770.40
2770.18
2770.40
2766.17
2768.64
2768.42
2768.25
2769.88
2801.67
2808.61
2812.17
2905.35
2797.75
2789.60
2758.34
2824.91
2841.21
2845.00
2840.06
2841.56
2779.07
2837.06
2832.00
2830.81
2830.07
2830.75
2829.08
2827.20
2827.40
2831.00
2829.06
2833.00
2837.67
2837.60
 nan
2830.50
2832.10
2833.91
2830.77
2840.00
2839.33
2828.80
2829.57
2838.00
2835.00
2838.20
2839.43
2688.50
2730.12
2782.86
2839.79
2840.69
2842.00
2837.83
2795.65
 nan
2836.47
2837.60
2839.30
2829.00
2802.57
2802.46
2802.77
2743.93
2800.18
2798.36
2744.38
2806.90
2805.83
2754.44
2803.88
2805.33
 nan
 nan
2799.15
2797.43
2796.83
2800.77
2804.23
2804.40
2804.50
2797.23
2799.33
2797.67
2799.90
2798.24
2798.93
2797.14
2794.55
2794.64
2683.88
2792.40
2704.70
2782.00
2789.55
2791.40
2794.00
2797.80
2797.33
2791.00
2693.50
2798.00
2799.80
2802.00
2805.80
2818.38
2821.50
2819.06
2815.20
2812.33
2812.20
2813.19
2820.60
2816.18
2820.94
2831.59
2830.19
2825.70
2840.56
2836.42
2844.40
2852.08
2849.57
2850.57
2846.33
2848.35
2846.88
2841.33
2844.25
2840.00
2842.28
2836.79
2837.56
2838.61
2838.56
2837.24
2841.13
2843.73
2844.27
2842.58
2846.13
2832.56
2832.00
2837.86
2833.50
2841.80
2833.60
2839.87
2840.17
2842.40
2840.05
2836.94
2841.95
2846.44
2850.33
2849.50
2849.90
2847.46
2844.25
2844.71
2847.73
2848.88
2848.80
2849.67
2851.42
2852.31
2851.00
2848.10
2846.21
2847.93
2849.21
2842.08
2824.41
2816.41
2807.79
2803.20
2808.58
2807.16
2808.78
2807.79
2802.14
2801.07
2806.75
2813.61
2808.32
2811.96
2821.33
2815.50
2817.50
2823.36
2818.19
2841.35
2821.25
2834.88
2835.93
2850.59
2856.00
2858.00
2857.86
2858.75
2858.80
2862.60
2862.75
2862.75
2863.50
2863.00
2864.57
2864.67
2868.71
2874.00
2873.90
2870.06
2865.76
2864.88
2866.39
2867.45
2866.89
2869.39
2868.53
2870.08
2867.92
2868.12
2869.24
2868.92
2873.23
2879.45
2869.91
2876.12
2866.64
2874.79
2877.70
2880.83
2885.00
2889.50
2907.29
2910.86
2903.82
2911.91
2923.00
2913.96
2921.07
2913.64
2914.29
2910.27
2913.77
2913.94
2912.86
2912.50
2912.92
2912.96
2913.40
2909.89
2904.20
2911.50
2912.50
2909.80
2905.57
2908.36
2912.05
2916.08
2907.62
2905.43
2902.07
2904.78
2899.52
2900.50
2904.55
2902.88
2907.31
2907.68
2904.00
2677.35
2773.36
3030.58
2933.43
2986.59
3113.87
2985.14
3024.00
3016.71
3022.40
3023.00
3025.00
3027.60
2940.75
2933.82
3048.38
3056.96
3061.94
3067.25
3062.32
3060.08
3067.36
3055.67
3064.57
3077.27
3078.29
3072.92
3070.43
3074.88
3073.27
3071.24
3084.56
3076.50
3090.33
3095.00
3121.90
3115.44
3104.50
3119.30
3122.23
3149.74
3166.88
3178.31
3183.20
3188.95
3196.96
3203.92
3210.36
3218.47
3229.00
3223.50
3218.73
3214.31
3214.53
3217.08
3211.00
3210.08
3208.91
3207.57
3208.46
3209.79
3208.58
3210.91
3211.89
3207.42
3204.00
3204.36
3202.09
3208.67
3203.17
3207.06
3209.62
3209.11
3209.83
3208.73
3216.00
3218.67
3175.68
3245.83
3249.29
3264.05
3258.59
3260.07
3211.11
3279.07
3277.00
3313.22
3328.91
3360.87
3364.26
3391.69
3390.09
3390.88
3394.27
3407.80
3407.33
3411.20
3411.67
3276.36
3409.53
3415.36
3414.29
3413.21
3250.56
3412.75
3418.89
3421.07
3419.40
3423.10
3421.67
3420.11
3421.00
3423.50
3421.10
3422.00
3419.20
3414.80
3417.75
3416.07
3421.43
3423.00
3428.25
3541.83
3531.83
3565.85
3561.13
3569.44
3571.67
3597.86
3602.61
3603.97
3606.21
3556.19
3549.93
3544.82
3537.00
3560.43
3553.67
3517.84
3510.56
3485.97
3434.81
3529.43
3529.56
3532.90
3525.50
3524.00
3523.00
3506.48
3519.86
3518.40
3363.13
3371.62
3360.49
3348.90
3338.12
3339.01
3327.72
3368.49
3390.33
3392.82
3412.98
3403.43
3393.07
3381.79
3376.48
3348.89
3358.72
3346.36
3336.57
3339.00
3350.25
3354.50
3353.62
3337.30
3343.72
3346.71
3334.21
3341.36
3352.00
3325.50
3313.26
3321.56
3318.00
3308.50
3299.54
3294.60
3296.00
3296.60
3286.09
3286.76
3292.00
3276.21
3268.82
3264.14
3253.52
3257.75
3255.46
3242.33
3233.43
3219.42
3198.55
3203.69
3202.27
3199.31
3529.12
3204.00
3189.50
3181.86
3179.12
3178.00
3175.33
3178.00
3174.50
3164.43
3172.00
3166.50
3119.65
3142.60
3121.82
3127.12
3100.00
3090.53
3088.36
3086.56
3096.78
3097.71
3092.29
3093.67
3095.67
3095.00
3091.00
3089.67
3086.64
3089.67
3089.00
3091.56
3090.75
3084.71
3028.79
2969.19
2966.11
2983.44
2972.95
2968.07
2938.97
2957.14
 nan
2963.62
2958.35
2948.75
2948.92
2951.83
2949.05
2949.60
2948.33
2948.20
2946.95
2950.28
2948.20
2943.85
2879.56
2951.30
2954.00
2952.83
2948.40
2825.25
2953.29
2957.27
2957.30
2960.50
2956.40
2948.75
2956.00
2958.50
2952.86
2948.62
2954.70
2957.40
2956.62
2954.69
2952.80
2951.64
2948.17
2951.37
2950.00
2949.90
2951.87
2953.46
2941.43
2930.60
2881.00
2885.46
2873.12
2855.96
2863.50
2838.46
2839.38
2833.55
2834.15
2818.74
2813.59
2812.67
2820.93
2823.03
2822.74
2825.31
2817.38
2829.55
2836.71
2846.22
 nan
2854.35
2856.08
2857.28
2860.67
2855.00
2852.90
2842.78
2846.55
2841.40
2845.26
2843.79
2850.16
2851.86
2844.92
2842.06
2806.04
2846.78
2848.71
2852.56
2854.92
2853.30
2853.56
2851.36
2851.12
2753.50
2851.00
2849.00
2846.00
2846.83
2848.67
2845.20
2820.12
2818.07
2819.36
2835.20
2836.45
2844.60
2837.14
2839.50
2849.18
2845.57
2866.31
2884.94
2882.55
2892.00
2895.50
2899.71
2894.38
2897.93
2897.64
2905.39
2903.20
2910.52
2909.81
2927.46
2942.86
2941.22
2882.52
2931.14
2789.71
2927.24
2891.90
2920.56
2919.54
2922.82
2912.93
2916.70
2924.30
2915.56
2918.79
2917.67
2912.50
2915.22
2916.00
2914.00
2915.75
2910.00
2911.33
2912.40
2910.83
2911.00
2912.70
2912.27
2917.86
2912.14
2913.89
2916.50
2915.15
2758.50
2784.43
2801.88
2928.25
2935.33
2941.06
2944.19
2947.68
2871.85
2955.00
2966.00
2955.33
2957.16
2910.00
2956.18
2882.69
2880.25
2822.14
2971.86
2950.39
2980.04
2950.16
2955.15
2959.92
2975.62
3010.54
2980.50
3028.81
3029.95
3040.00
2858.53
3055.03
3015.47
3064.42
3067.91
3069.33
3079.50
3082.29
3081.57
2998.25
3040.95
3092.71
3096.04
3097.29
3104.68
3046.67
3117.93
3006.91
3114.15
3120.09
3166.55
3181.24
3205.58
3206.02
3171.17
3174.54
3195.29
3234.27
3251.29
3254.68
3241.90
3259.35
3249.88
3247.24
3250.43
3249.28
3248.89
3248.68
3252.08
3250.05
3249.11
3250.80
3247.64
3250.43
3098.44
3244.83
3237.62
3236.56
3229.20
3237.14
3228.33
3059.25
3221.08
3221.23
3214.00
3208.88
3207.21
3207.21
3205.15
3142.90
3141.65
3196.09
3199.77
3198.05
3202.70
3195.77
3202.94
3192.79
3187.59
3193.17
3197.83
3193.38
3206.83
3202.50
3196.06
3135.50
3090.30
3102.20
3102.36
2993.67
3018.62
3087.50
3092.50
3087.00
3089.40
3088.67
3094.71
3095.86
3090.86
3086.09
3081.67
3027.44
3075.97
3079.14
3079.40
3080.86
3081.42
3077.28
3021.12
3060.31
3056.46
3055.00
3060.89
3059.09
3064.70
3058.45
3060.71
3064.35
3058.33
3060.67
3067.67
3077.53
3080.25
3075.88
3077.88
3077.89
3084.79
3088.83
2978.80
2942.38
2699.33
2940.88
3089.29
3089.17
3027.17
3079.08
3066.31
3058.48
3073.00
2974.68
3029.71
3022.62
3029.67
3031.67
2973.29
3017.34
2997.07
2996.79
2991.10
3004.53
3003.62
3000.32
2997.88
2931.71
3007.83
3004.88
3001.55
3005.92
3005.00
3003.00
2995.13
2995.20
2999.19
3000.12
2996.32
2992.94
2980.93
2972.75
2970.64
2966.57
2837.38
2949.30
2968.25
2939.57
2936.58
2938.10
2922.96
2924.00
2921.26
2920.90
2924.89
2929.83
2939.00
2935.33
2937.75
2939.50
2935.20
2936.00
2936.50
2937.00
2936.00
2935.17
2935.50
2935.50
2940.50
3348.64
3023.08
3022.81
3038.50
3250.64
2888.62
2890.70
2891.11
2887.88
2899.80
2906.20
2913.69
2917.34
2923.45
2929.68
2922.83
2914.31
2897.50
2898.17
2901.89
2905.25
2896.21
2900.77
2903.14
2902.74
2890.96
2903.46
2904.45
2905.20
2910.64
2915.00
2916.88
2914.20
2914.36
2908.09
2903.81
2910.35
2912.92
2900.41
2894.93
2909.40
2899.44
2908.29
2913.56
2912.50
2908.00
2905.73
2916.92
2911.40
2929.69
2942.58
2941.38
2939.20
2943.40
2949.62
2948.08
2939.75
2883.94
2927.82
2939.29
2943.33
2937.32
2943.71
2886.22
2946.59
2952.22
2958.05
2954.09
2949.86
2962.90
2975.18
2966.28
2973.00
2963.00
2959.87
3084.04
2954.67
2952.15
2953.20
2952.00
2947.95
2943.53
2941.79
2939.89
2864.85
2947.26
2946.55
2956.00
2952.47
2949.42
2952.35
2883.07
2954.12
2890.88
2954.10
2951.89
2952.14
2959.10
2957.53
2954.32
2956.12
2955.82
2959.53
2953.75
2958.50
2964.40
2963.93
2964.67
2967.00
2968.33
2967.93
2968.67
2969.85
2969.15
2836.00
2962.62
2967.45
2966.00
2965.10
2961.83
2965.14
2965.24
2965.70
2961.50
2960.50
2965.75
2964.73
2959.12
2959.73
 nan
2959.60
2959.50
2960.00
2957.20
2962.62
2962.00
2963.67
2965.00
2965.69
2964.93
2964.36
2965.00
2997.55
2972.33
3020.33
3020.43
2961.50
3027.40
3025.83
3030.71
3031.83
3032.00
3035.00
3030.20
3026.50
3335.44
3028.64
3027.50
3029.58
3030.86
3026.60
3022.38
3023.56
3027.33
3026.76
3030.67
3039.50
3038.20
3039.17
3037.33
3038.00
3042.00
3039.50
3043.00
3072.90
3073.46
2986.66
3124.56
3148.90
3151.63
3154.19
3160.29
3176.50
3167.74
3163.50
3165.08
3106.38
3082.20
3161.23
 nan
3166.64
3041.80
3164.60
3166.62
3165.22
3163.33
3166.35
3170.40
3182.33
3181.33
3185.00
3214.80
3204.49
3199.17
3238.24
3262.18
3186.68
3236.65
3239.36
3279.80
3244.45
3288.00
3309.07
3316.67
3315.87
3315.79
3315.92
3314.92
3314.57
3321.92
3320.33
3125.29
3325.83
3326.00
3242.69
3248.35
3330.91
3330.33
3329.75
3345.65
3352.57
3358.00
3362.08
3383.61
3385.92
3387.30
 nan
3404.80
3389.00
 nan
 nan
 nan
1949.00
3449.69
3443.78
3386.41
3462.99
3391.67
3365.16
3428.79
1932.00
 nan
 nan
3587.09
3619.00
3533.70
3486.25
3555.35
3507.22
3619.50
3601.68
3703.84
3594.34
3643.83
 nan
3673.78
3681.00
3508.44
3704.11
3696.26
3699.95
3696.68
3697.30
3697.88
3700.20
3701.57
3702.23
3709.36
3713.56
3708.17
3707.20
3705.62
3707.55
3713.33
3712.33
3706.25
3708.86
3710.57
3710.07
3708.71
3709.33
3707.44
3706.60
3709.38
3710.12
3706.00
3714.22
3708.50
 nan
 nan
3723.50
3720.78
3709.89
3712.85
3680.68
3678.20
3687.72
3677.69
3657.87
3766.20
3654.80
3655.14
3656.62
3657.14
3500.00
3647.38
3648.94
3658.67
3641.03
3624.56
3627.83
3631.31
3617.64
3608.05
3599.79
3595.17
3596.50
3584.50
3583.88
3585.83
3585.00
3581.00
3587.00
3586.75
3587.12
3586.91
3588.85
3588.70
3581.31
3580.19
3582.83
3590.46
3585.67
3579.07
3587.38
3580.09
3552.07
3517.51
3473.90
3450.64
3457.21
3473.91
3450.54
3446.79
3447.89
3448.28
3448.38
3426.83
3433.00
3417.79
3415.69
3250.67
3403.00
3387.24
3377.91
3379.00
3321.75
3272.79
3337.46
3331.91
3301.92
3300.88
3280.52
3302.16
3286.44
3274.33
3271.67
3274.86
3277.32
3278.90
3281.86
3289.09
3294.00
3292.64
3294.00
3287.15
3288.32
3193.21
3191.14
3286.85
3286.42
3272.88
3271.27
3255.70
3244.64
3246.22
3246.56
3218.10
3243.27
3241.09
3215.11
3208.67
3207.07
3204.47
3198.90
3202.82
3195.88
3202.14
3193.50
3027.38
3185.79
3164.62
3151.35
3113.07
3124.02
3123.29
3113.66
3088.88
3129.71
3127.92
3126.88
3131.29
3131.12
3114.81
3103.96
3108.10
3096.25
3103.57
3093.52
3084.67
3083.82
3079.25
3077.79
3076.40
3065.40
3059.36
3069.44
3066.44
3066.62
3069.93
3065.81
3055.67
3056.15
3059.45
3057.38
3061.43
3060.27
3064.22
3065.78
3066.57
3062.00
3063.50
3060.33
3067.89
3067.57
3070.00
3069.50
3071.80
3074.50
3074.00
3070.50
3069.67
3061.00
3068.67
3058.89
3063.27
3064.67
3061.56
3058.93
3060.80
3047.74
3038.12
3034.00
3036.50
3032.67
3038.67
3037.83
3035.33
3029.81
3031.00
3029.33
3028.38
3030.88
3027.30
3023.18
3028.64
3021.00
3020.23
3023.25
3014.91
3025.62
3023.62
3027.75
3023.06
3025.57
3042.77
3030.25
3029.67
3051.92
3053.23
3051.03
3048.24
3052.43
3052.86
3050.65
3050.61
3046.34
3046.63
3050.84
3067.00
3067.88
3068.37
3067.04
3072.17
3072.80
3067.42
3066.52
3080.27
3090.05
3098.57
3089.57
3106.58
3112.40
3109.71
3111.23
3116.46
3116.85
3133.81
3131.94
3124.62
3132.94
3125.33
3130.12
3141.78
3138.35
3134.93
3141.89
3140.38
3137.31
3140.42
3141.25
3141.05
3142.04
3142.88
3139.25
3141.25
3142.00
3146.50
3144.29
3140.43
3140.30
3137.44
3137.73
3137.50
3130.25
3120.83
3129.50
3124.21
3127.00
3130.25
3123.05
3126.40
3130.14
3127.15
3118.21
3113.91
3110.53
3124.00
3124.65
3125.43
3127.36
3127.48
3122.70
3127.17
3120.85
3123.11
3118.60
3098.82
3090.11
3072.64
3083.92
3076.50
3073.40
3072.89
3084.00
3085.36
3066.46
3069.05
3069.91
3074.14
3086.28
3093.64
2542.87
2661.26
3046.64
2951.27
2963.15
3075.50
3123.81
3091.83
3137.44
3130.27
3085.37
3083.76
3078.00
3078.09
3080.40
3078.24
3004.60
3087.25
3088.50
2993.15
3089.00
3089.75
3094.00
3087.89
3089.71
3100.96
3090.25
3087.29
3084.75
3087.00
3090.00
3083.06
3084.00
3085.56
3083.31
3083.33
3085.00
3077.67
3078.00
3077.79
3074.53
3071.94
3071.05
3070.23
3067.74
3068.00
3067.33
3060.11
3062.67
3055.54
3056.83
3050.67
3062.39
3057.17
3056.44
3034.89
3034.44
3022.09
3021.35
3026.00
3013.52
3016.58
3004.41
2999.90
3002.75
3002.71
3000.17
3003.75
3001.40
3004.45
3004.55
3004.09
3001.42
2999.60
2997.00
2994.83
3004.00
2998.75
2993.50
2992.50
2983.07
2980.69
2981.59
2977.64
2978.88
2978.14
2976.71
2975.77
2977.25
2974.46
2974.10
2967.54
2963.37
2963.07
2955.69
2955.17
2959.73
2947.19
2942.63
2933.65
2933.81
2914.67
2913.16
2910.33
2906.83
2904.67
2906.25
2898.45
2898.08
2895.12
2898.00
2895.25
2898.68
2906.20
2909.65
2914.18
2922.29
2909.82
2919.76
2896.13
2942.62
2937.62
2895.04
2937.93
2935.56
2931.07
2932.61
2935.78
2926.22
2912.00
2898.25
2898.10
2898.28
2890.67
2882.24
2883.69
2885.00
2886.00
2885.00
2886.27
2885.46
2884.07
2882.15
2881.60
2882.53
2879.04
2870.09
2870.03
2871.16
2869.08
2866.88
2865.57
2622.50
2851.22
2851.50
2853.00
2854.10
2855.75
2860.73
2868.55
2866.86
2881.97
2885.56
2885.50
2840.30
2891.92
2857.28
2911.21
2911.75
2920.12
2839.83
2847.62
2863.88
2920.14
2933.89
2936.27
2932.70
2936.88
2940.25
2939.57
2939.23
2939.67
2939.88
2943.80
2937.82
2942.25
2934.44
2935.46
2935.21
2928.83
2940.50
2944.73
2944.92
2950.75
2950.20
2946.09
2941.50
2940.31
2861.46
2847.91
2860.92
2942.93
2943.83
2940.67
2941.33
2938.57
2935.45
2936.10
2938.82
2941.42
2943.91
2942.78
2942.50
2941.18
2943.88
2948.50
2962.56
2975.65
2972.87
2971.78
2970.61
2930.06
2931.41
2954.59
2952.63
2960.33
2951.10
2952.24
2955.67
2950.25
2948.29
2945.93
2942.80
2944.67
2943.42
2942.42
2941.10
2943.36
2942.91
2939.06
2939.00
2939.00
2938.50
2935.38
2928.64
2942.22
2922.82
2915.35
2919.33
2934.47
2936.17
2936.50
2935.43
2939.61
2944.50
2939.37
2939.20
2945.82
2959.92
2961.50
2964.60
2965.50
2966.27
2966.18
2964.12
2960.50
2958.50
2955.08
2956.84
2942.70
2954.00
2957.11
2957.29
2946.86
2886.77
2864.59
2843.42
2927.70
2842.58
2923.58
2844.38
2852.47
2847.64
2826.67
2908.20
2902.62
2813.58
2821.31
2849.85
2872.72
2875.32
2866.12
2872.23
2873.96
2868.64
2878.30
2889.39
2857.83
2861.64
 nan
 nan
 nan
 nan
2950.80
2905.85
2963.40
2962.33
2960.00
2964.00
2792.33
2874.18
2821.00
2967.60
2967.50
2838.00
2972.80
2879.00
2975.33
2974.25
2628.33
2976.60
2971.93
2823.43
2974.67
2960.50
2966.60
2967.00
2966.90
2969.50
2962.00
2962.14
2964.73
2975.62
2963.88
2984.90
2988.67
2994.24
3001.87
3054.54
3022.55
3022.09
3022.50
3020.29
3020.10
3027.44
3027.62
3027.71
3025.92
3027.64
3023.00
3025.38
3022.12
3014.00
3006.29
3008.18
3009.68
3000.25
3002.14
3003.55
3003.56
3002.96
3005.63
3006.59
3003.47
3004.38
3005.39
3006.20
3003.95
3005.42
3005.12
3002.00
3013.80
3008.75
3013.13
3006.82
3011.90
3006.67
3002.90
3010.51
3015.83
3006.79
3150.11
2988.50
2989.25
2991.00
2982.86
2980.33
2983.71
2998.62
2989.33
3000.50
3000.52
3007.42
3009.21
3015.27
3016.20
3019.60
3000.36
3018.76
3014.38
3008.63
3002.75
3003.71
3001.73
3009.65
3010.21
2994.31
2988.12
2980.97
2900.86
2897.29
3136.27
2971.54
2968.75
2973.75
2975.17
2976.06
2977.50
2978.57
2975.50
2974.20
2976.10
2976.70
2978.22
2971.40
2972.00
2973.00
2977.75
2976.36
2973.70
2978.40
2978.70
2978.20
2980.29
2985.12
2976.50
2980.60
2979.41
2977.58
2983.78
2977.42
2984.22
2987.29
2991.23
2992.00
2995.20
3003.70
3005.00
3016.80
3016.25
3018.75
3015.53
3014.50
3014.38
3016.42
3015.38
3012.77
3013.45
3011.47
3017.13
3016.31
3035.20
3033.79
3034.10
3051.75
3448.00
3052.00
3052.73
3047.15
3054.11
3054.60
3052.50
3049.33
3050.33
3049.50
3050.50
3050.43
3055.75
3053.08
3055.46
3054.75
3052.42
3057.00
3077.19
3197.56
3082.58
3109.83
3112.50
3111.33
3111.40
3169.46
3190.80
3293.88
3189.44
3218.43
3217.44
3215.86
3211.69
3210.71
3207.33
3210.40
3214.08
3210.93
3210.00
3207.43
3209.22
3208.54
3208.35
3533.38
3203.43
3200.67
3206.67
3203.67
3195.91
3192.77
3192.59
3193.93
3197.00
3196.12
3195.64
3193.50
3187.00
3182.20
3179.20
3171.00
3176.64
3172.86
3169.29
3158.74
3301.94
3149.75
3152.80
3152.45
3150.38
3158.09
3156.75
3159.82
3167.77
3173.66
3181.40
3179.73
3184.71
3194.22
3189.65
3188.96
3185.33
3190.32
3184.44
3174.64
3175.67
3175.33
3172.79
3171.33
3170.33
3163.67
3167.14
3168.20
3171.82
3172.50
3171.56
3169.50
3014.00
3172.38
3172.64
3169.87
3172.86
3179.00
2930.80
3182.00
3182.50
3181.75
3184.12
3005.29
3183.25
3186.25
3185.00
3186.00
3185.00
3268.11
3286.16
3281.65
3285.87
3292.62
3284.00
3291.90
3301.27
3286.48
3287.68
3282.44
3278.50
3269.67
3273.50
3278.62
3274.12
3271.25
3273.08
3273.12
3274.36
3274.00
3271.50
3244.22
3317.11
3525.37
3315.75
3404.60
3215.55
 nan
3344.33
3345.70
3348.38
3350.00
3350.83
3470.44
3353.38
3353.18
3354.60
3355.78
3353.60
3353.56
3230.17
 nan
3354.08
3352.07
3348.86
3296.44
3364.78
3357.70
3385.50
3380.92
3409.00
3403.60
3404.50
3404.50
3408.50
3406.21
3402.44
3401.45
3395.80
3392.15
3393.12
3384.56
3384.73
3280.57
3383.83
3382.36
3388.17
3381.60
3384.33
3388.60
3388.70
3390.00
3409.57
3397.87
3993.00
 nan
4174.67
3424.60
3428.90
3883.60
 nan
 nan
3934.22
3428.40
3428.17
3429.00
3638.09
3433.56
3595.86
3435.83
5700.00
3430.20
3438.69
3690.22
3437.83
3443.50
3723.25
3442.33
3440.33
3444.53
3560.05
3446.43
3944.67
 nan
3815.72
3447.32
3453.09
3455.75
3451.00
3450.00
3450.33
3447.67
3447.50
3722.88
3438.91
3442.71
3439.00
3442.67
3441.60
3440.50
3439.21
3440.38
3666.50
3446.17
3447.73
3444.43
3445.14
3635.92
3447.76
3444.90
3447.77
3448.46
3448.50
3448.17
3449.20
3446.86
3441.33
3441.00
3444.57
3441.67
3443.20
3443.50
3442.00
3444.33
3418.56
3409.14
3407.88
3407.60
3407.88
3411.91
3414.00
3418.30
3416.42
3416.33
3418.00
3416.94
3412.89
3412.08
3418.90
3413.20
3411.33
3699.75
3413.67
3414.60
3416.67
3538.50
3442.36
3442.57
3440.73
3449.23
3452.08
3451.27
3452.94
3449.67
3453.00
3457.67
3454.50
3802.69
3716.28
3474.88
3464.43
3478.29
4099.50
4823.20
4651.73
4450.58
4531.22
4447.54
3998.49
3967.18
4480.20
5083.94
4594.28
4974.40
4751.83
4489.26
4168.03
4143.67
4365.70
5518.42
5061.55
4552.82
4181.29
4393.26
4903.72
 nan
 nan
4746.94
4670.68
4791.29
4796.43
4760.82
4785.92
4928.20
4990.93
5060.12
5151.28
5279.14
5278.11
5282.46
5280.62
5289.80
5286.27
5288.55
5297.22
5312.86
5310.00
5311.00
5312.92
5311.27
5322.38
5322.88
5322.40
5324.33
5326.88
5328.50
5333.33
5339.07
5345.88
5345.48
5350.53
5342.85
5347.33
5345.15
5352.33
5352.27
5353.21
5352.50
5348.00
5343.67
5346.21
5343.15
5342.37
5344.47
5333.60
5330.67
5335.38
5311.18
5302.36
5298.10
5297.28
5266.08
5267.12
5293.60
5262.83
5243.00
5252.17
5251.93
5249.86
5243.55
5245.20
5246.75
5249.71
5250.33
5253.56
5257.62
5266.09
5262.20
5271.33
5272.07
5275.43
5274.80
5275.73
5281.33
5311.00
5276.08
5272.89
5270.67
5260.25
5263.00
5261.47
5271.00
5257.50
5253.33
5252.84
5252.20
5254.71
5254.40
5255.31
5253.07
5256.43
5254.69
5260.67
5262.38
5267.38
5267.10
5263.42
5263.40
5260.78
5261.43
5264.00
5258.90
5256.56
5256.10
5256.70
5258.00
5257.47
5252.43
5253.17
5252.12
5251.40
5257.67
5255.00
5259.00
5260.00
5263.70
5272.07
5278.83
5278.17
5283.62
5271.67
5285.17
5280.13
5282.00
5282.89
5284.43
5285.60
5291.30
5288.54
5291.31
5296.27
5301.77
5299.60
5304.75
5304.43
5304.85
5311.00
5307.00
5306.60
5306.27
5307.76
5308.10
5308.00
5302.00
5303.75
5303.79
5309.44
5308.33
5309.67
5314.15
5311.54
5312.78
5310.79
5316.67
5313.20
5313.25
5312.71
5310.30
5309.76
5307.64
5306.58
5307.77
5300.20
5307.50
5301.00
5299.67
5303.44
5301.50
5303.29
5304.00
5304.33
5297.11
5293.53
5298.91
5283.21
5286.31
5283.50
5277.82
5270.56
5272.50
5264.72
5261.33
5261.47
5260.00
5258.75
5259.89
5253.95
5249.38
5255.88
5252.56
5266.00
5267.20
5265.80
5265.07
5283.00
5277.88
5281.90
5302.82
5302.67
5302.67
5307.00
5306.23
5303.18
5303.55
5301.67
5314.00
5308.00
5311.00
5314.14
5307.20
5303.50
5303.50
5303.00
5304.80
5309.00
5301.33
5301.70
5301.00
5299.50
5298.40
5300.50
5298.20
5295.14
5300.43
5300.00
5301.00
5295.00
5296.50
5305.33
5322.42
5306.60
5304.40
5326.25
5310.75
5307.50
5311.87
5316.39
5317.50
5306.69
5304.17
5304.00
5306.75
5303.00
3693.00
2596.00
 nan
2774.80
5308.00
3419.50
3302.50
4115.50
4253.30
3988.00
4648.20
4460.43
5153.00
5537.33
3369.33
3033.77
5661.00
2431.30
2184.04
2073.85
2203.36
2003.93
1968.80
5309.00
4055.00
 nan
1881.00
1207.43
1704.87
1886.73
1935.62
2236.91
2256.54
2288.24
2311.27
1993.86
1850.14
2202.23
2294.64
2436.65
2524.29
2401.86
2478.76
2417.09
2120.76
2049.75
2151.90
2103.96
2557.52
2448.63
2412.05
1946.63
1976.32
2657.92
2809.66
2284.00
2309.15
2517.01
2284.57
2529.44
2493.37
2490.59
2459.75
2572.93
2621.53
2770.49
2263.87
2101.34
2111.22
2253.75
2418.07
2537.02
2346.20
2144.23
2164.98
2081.84
2085.94
2481.08
2448.73
2446.27
2392.69
2362.17
2148.10
1967.35
1798.21
2224.55
2449.86
2536.01
2529.85
2161.96
2150.89
2077.39
1941.82
1944.78
1991.63
2192.45
2171.56
2101.28
2179.40
1868.96
1898.64
2046.53
1896.47
2050.17
2249.02
2129.39
2139.13
2097.28
1694.65
2322.77
2209.12
2405.36
2172.03
2045.97
2069.61
2010.30
2082.31
2008.68
2120.78
2211.47
2289.79
2317.38
2192.72
2136.80
2028.71
2265.01
2263.81
2272.65
2400.49
2265.42
2134.13
2056.76
1908.60
1995.54
2249.40
2222.31
2221.48
2440.15
1988.75
1909.91
1751.02
1820.16
1873.23
1717.08
1997.19
2053.14
2133.98
2046.88
1785.37
1717.00
1584.48
1355.81
931.51
654.62
640.76
699.26
802.91
929.01
1066.39
1324.03
1534.33
1773.54
1971.00
2159.40
2398.32
2394.11
2745.19
2848.06
3016.12
3223.93
3434.00
3557.48
3660.32
3630.53
3731.70
3794.56
3928.86
4168.04
4055.20
4114.47
4282.91
3861.22
3483.92
3568.16
3196.06
3127.10
3760.69
3107.52
2595.32
1713.59
2490.13
2555.13
2313.34
2303.91
2324.65
2257.59
2167.20
1975.22
2153.55
2116.32
2333.31
2388.90
2307.15
2067.43
1967.30
2050.66
2300.19
2328.33
2181.94
2045.15
2246.90
2076.96
2164.21
2303.94
2335.45
2252.74
2315.91
2072.22
2232.97
2307.63
2312.19
2372.43
2432.75
2293.34
2257.63
2424.52
2436.32
2329.52
2555.07
2338.61
2276.89
2373.13
2189.44
2183.55
2307.57
2213.63
2073.19
1807.64
2142.14
1818.87
2457.17
2712.90
2773.84
2331.42
2316.01
2485.60
2595.67
2340.63
2483.18
2636.83
2659.85
2040.34
2052.24
2096.34
2372.96
2500.39
2369.21
1970.63
1972.08
2378.11
2421.76
2002.82
1893.49
1975.70
1836.38
1944.24
1834.41
1718.71
1975.38
2268.16
2319.45
2213.12
2117.99
1976.97
2004.79
2329.23
2359.72
2103.77
2181.12
2221.22
2151.47
2150.25
2330.98
2390.68
2548.69
2135.09
1983.07
2063.04
2402.03
2212.20
2492.42
2589.17
2327.60
1888.50
2033.10
2210.41
2136.88
2118.77
2073.81
2181.48
2206.80
2175.94
2154.58
2114.68
2124.72
2276.06
2410.29
2276.30
2411.45
2161.90
2181.67
2530.79
2499.30
2623.17
2585.33
2388.01
2441.97
2415.67
2548.00
2770.97
2672.38
2766.66
2513.79
2495.38
2286.06
2521.38
2434.49
2562.35
2552.71
2433.99
2200.54
2126.12
2347.78
2421.48
2340.28
2427.33
2380.37
2374.78
2481.76
2381.29
2231.52
2373.70
2599.37
2633.04
2368.65
2298.63
2106.74
2274.67
2530.53
2018.31
1972.00
2148.68
2104.73
2014.68
2198.57
2020.24
2323.59
2028.87
2579.45
2266.65
2101.82
2193.68
2159.50
2054.80
1950.74
2204.24
2197.27
2050.53
2180.96
2180.36
2148.48
2240.48
2188.65
2441.31
2321.05
2207.90
2310.75
2284.07
2221.99
2033.33
1814.27
1835.17
2199.87
2075.85
1995.50
2287.11
2192.55
2242.46
2100.57
1735.66
1898.27
1942.37
2172.56
2232.21
2294.94
2105.52
1857.70
1986.89
1804.91
2122.73
2165.38
2162.54
2018.92
2302.43
2545.44
2287.65
2356.61
2280.77
2296.73
2313.68
2653.93
2478.96
2485.15
2508.43
2585.31
2134.19
2214.91
2253.77
2501.67
2388.83
2391.16
2030.92
2196.42
2237.74
2218.31
2276.79
2264.82
2289.09
2289.76
2427.29
2396.19
2712.47
2418.89
2491.85
2526.25
2253.43
2346.66
2252.94
1954.27
2225.24
1894.02
2011.81
2213.40
2549.56
2559.90
2348.64
2731.14
2517.50
2339.39
2270.44
2187.78
2244.74
2123.59
2496.09
2359.94
1719.35
1037.61
1119.41
1407.43
1553.06
1570.24
1588.64
1783.89
1925.16
2013.57
2121.59
2324.11
2367.17
2571.33
2901.87
3058.25
3186.70
3217.23
3202.54
3096.77
3081.28
3020.08
3379.98
3246.53
3191.47
2495.70
2304.24
2311.61
2236.44
2071.77
2067.70
2059.48
2324.01
2197.20
2198.56
2256.30
2252.68
2393.64
1778.57
1945.40
2205.58
1994.41
2230.63
2279.63
2050.24
2379.73
2214.70
2130.67
2388.41
2260.80
2080.46
1933.35
1885.56
1901.88
2020.21
2348.62
2521.55
2357.25
2583.37
2750.61
2223.60
2213.30
2301.38
2113.04
2005.72
1902.82
1846.79
1789.27
2024.06
2253.24
2688.47
2608.06
2452.71
2249.72
2258.37
2027.06
1995.00
2337.52
2358.98
2538.51
2513.59
2261.99
2423.66
2420.01
2675.53
2777.15
2619.08
2731.98
2527.82
2468.86
2217.83
2414.05
2507.52
2532.83
2616.77
2627.59
2562.70
2572.92
2530.82
2556.67
2131.64
2335.20
2374.07
2279.95
2342.55
2098.40
2064.74
2050.11
2380.75
2381.39
2337.85
2132.97
1969.79
2011.62
2037.84
2183.72
2190.78
2207.33
2137.31
2144.56
2190.37
2235.43
2134.58
2258.06
2525.91
2375.29
1868.62
2216.62
2461.10
2606.63
2582.63
2341.83
2329.18
2296.77
2046.96
1820.83
2117.51
2274.99
2271.62
2466.36
2345.07
2223.47
2216.60
2443.21
2483.30
2486.33
2094.76
2713.65
2524.30
2198.01
2343.36
2341.40
2256.65
2407.20
2209.59
2334.34
2068.95
1885.57
2187.72
2202.15
2267.02
2418.46
2491.94
2284.35
2076.40
2203.62
1765.42
2379.78
2376.68
2203.50
2333.16
2389.38
2490.11
2397.01
2434.57
2471.84
2419.92
1849.85
2100.49
2384.65
2421.38
2457.94
2364.88
2321.07
2215.65
2378.91
2521.99
2309.12
2511.39
2591.30
2209.78
2165.74
2465.76
2088.42
2268.92
2236.15
2619.40
2590.83
2409.09
2762.34
2307.08
2521.80
2281.58
2329.83
2476.52
2423.68
2217.02
2433.36
2590.63
2136.15
2536.88
2877.39
2711.91
2478.39
2241.00
2211.94
2353.50
2393.51
2444.06
2427.34
2239.05
2347.43
2177.98
2126.97
1439.39
1023.60
1858.50
2374.67
2400.53
1718.95
2236.11
2337.47
2159.07
2258.98
2319.08
2358.36
2301.76
2061.31
1960.46
1992.94
1811.86
1929.15
2071.10
1815.27
1529.19
1590.70
2070.64
2257.00
1873.82
1828.94
1894.15
1847.65
2031.00
1704.39
2130.42
2175.61
2111.54
1903.63
2036.19
2466.05
2529.97
2430.17
2381.80
2215.84
2215.48
2180.86
2435.87
2271.69
2013.80
2162.62
1974.92
2404.78
2296.78
2349.16
2439.04
2365.90
2580.26
2375.11
2273.69
2299.95
1522.27
1756.14
2373.18
2344.26
2630.93
2430.32
2811.01
2400.38
2410.38
2387.95
1869.60
2353.89
2119.21
1652.92
1031.14
871.53
530.33
527.28
607.20
814.25
1057.50
1263.01
1452.42
1618.01
1816.50
1996.15
2203.07
2448.06
2662.23
2898.33
3201.50
3407.15
3508.94
3651.05
3671.82
3708.51
3846.95
3989.95
3990.62
4265.93
3926.70
4000.47
4160.35
4408.76
4460.56
4340.30
3559.10
3292.54
2404.66
2236.33
2486.15
2314.29
2001.37
1282.92
2058.04
2088.99
2281.26
2257.04
2167.21
2300.02
1870.12
1670.96
1488.31
1818.44
2089.87
2583.42
2185.07
1907.54
1933.99
2258.73
2337.07
2521.71
2278.33
2521.64
2687.24
2073.52
2042.79
2018.24
2175.34
2336.68
2511.67
2400.53
2084.52
1973.16
2233.80
2108.17
2283.56
1749.77
2332.15
2348.29
2497.74
2182.72
2107.79
1936.31
1854.60
1904.54
1834.59
1800.23
2159.78
2493.28
2198.04
2084.17
1785.94
1630.82
1817.14
2169.78
2275.99
2251.46
2116.69
2232.47
2157.60
2099.14
2075.87
2421.26
1804.58
1957.05
2216.98
2600.65
1976.03
1741.59
2290.04
2509.67
2099.69
2098.90
2193.94
1977.81
2125.23
2231.35
2257.64
2021.59
1881.79
1968.33
1958.35
2137.45
2093.24
1970.15
1717.03
1628.94
1785.42
2040.08
2497.88
1805.05
2479.43
2114.92
2244.98
1504.48
1659.71
2210.97
2544.18
2463.83
2198.20
2271.60
2293.94
2356.51
2201.67
2308.47
2211.08
2410.99
1801.45
1741.67
1876.22
1810.94
1795.52
1621.07
1696.66
1844.47
1549.89
1412.46
1668.79
1777.00
1823.66
1756.91
1994.94
1892.35
2403.81
2165.89
1976.69
1974.79
1909.47
2245.55
2323.57
2264.75
1904.91
2244.88
2232.16
2125.08
1966.03
2195.70
2274.73
2349.56
2612.13
2439.66
2713.59
2554.65
2681.46
2579.97
2536.12
2231.63
1951.22
1993.24
2211.24
1970.48
2640.86
2266.51
2351.92
2600.17
2328.18
2575.32
2501.82
2190.40
2375.67
2225.89
2274.89
2467.15
2391.57
2012.25
2060.49
2092.45
2378.61
2542.20
2623.58
2382.68
2168.40
2409.06
2243.13
2205.90
2142.22
2262.94
2443.10
2172.52
2282.63
2261.10
2313.19
2329.02
1976.28
1932.71
1982.99
2121.73
1972.54
1984.41
2064.82
2055.86
2033.56
2188.85
2037.99
1936.90
1836.51
2180.14
2309.18
2469.57
2588.53
2668.02
2483.10
2229.18
2390.58
2456.81
2409.05
2253.12
2020.47
2106.55
2194.06
2329.54
2174.63
2105.44
2243.19
2057.52
2102.71
1961.91
2424.31
2566.65
2499.52
2454.17
2082.46
2025.68
2005.26
2406.01
2201.76
2209.79
2164.21
2319.29
2451.83
2316.95
2441.69
2354.58
2359.05
2437.26
2322.00
2025.67
2195.33
2609.81
2368.18
2196.23
2203.91
2194.99
2429.43
2352.17
2479.31
2405.67
2380.19
2550.78
2312.24
2439.00
2406.39
2481.97
2750.20
2680.84
2657.36
2340.75
2428.42
2448.65
2437.42
2037.73
1266.30
866.92
948.70
1099.77
1391.99
1462.09
1422.27
1601.95
1740.80
1841.93
2095.77
2245.21
2236.26
2432.14
2339.63
2615.53
2810.97
3016.35
3229.51
3113.37
2927.12
3089.39
2105.94
2639.94
3519.06
3536.73
3594.13
3218.43
3023.97
2998.00
3440.70
3333.33
2807.83
2265.09
2124.15
2171.91
2586.17
2578.71
2067.38
2081.69
2278.26
2060.90
1964.88
1959.49
1988.52
2321.24
2030.40
2182.98
2070.39
2081.79
2251.23
2359.23
2497.88
2380.39
2247.73
2230.23
2364.80
2443.18
2331.64
2500.13
2223.45
2269.78
2085.94
2144.16
2078.39
2116.00
2155.54
2280.05
1961.19
1860.95
2222.92
2282.54
2501.33
2483.89
2701.77
2473.86
2519.92
2185.06
2339.44
2219.32
2025.63
2058.01
2004.47
1735.62
2008.80
1897.26
2170.27
1936.40
1915.86
2065.22
1999.64
2237.90
1456.69
1479.88
2448.54
1990.48
1919.95
2072.15
1966.43
1862.56
1657.69
1662.79
1994.63
2061.14
1823.17
1862.73
2129.09
2344.52
2042.10
2022.76
2167.29
2204.86
2191.29
1956.59
2261.65
2173.10
1982.53
2068.10
2251.03
2432.56
2365.80
2119.19
2331.28
1997.64
2105.95
2078.16
2212.24
2054.32
2135.14
2137.61
2239.53
2132.31
2257.19
2303.30
2012.30
2028.60
2088.60
2108.47
2168.93
2147.38
1942.10
1541.48
2038.59
2323.42
2299.60
2180.32
2124.26
1990.78
1959.72
1935.20
2108.84
2192.54
2187.95
2265.27
1870.89
2228.32
2475.70
2288.60
2173.29
2162.82
2256.67
2222.41
2175.81
2272.10
2362.77
2114.74
2175.10
2315.82
2421.93
2220.56
2254.85
2192.79
2264.59
2274.50
2071.18
2426.17
2293.02
2378.86
2595.17
2258.92
2173.79
2092.87
2590.69
2273.27
2499.93
2315.66
2144.74
2139.79
2159.68
2339.05
2081.62
2092.23
2215.90
1713.72
1691.17
2117.67
1953.96
2206.46
2207.80
2223.82
2389.51
2372.25
2326.25
2386.10
2393.61
2350.91
2367.44
2283.89
2410.88
2517.39
2488.10
2292.80
2303.05
2131.86
2223.24
2259.62
2166.48
1542.33
2466.65
2167.10
2419.09
2425.49
2225.87
2196.90
2184.23
2329.55
2578.35
2400.14
1978.28
1909.68
2103.19
2384.72
2424.25
2531.64
2522.75
2133.31
2236.81
2186.11
2036.42
2231.37
2564.41
1941.31
1933.07
1913.63
2105.11
2336.59
1974.53
2329.31
2297.16
1982.23
1680.16
2250.87
2441.88
2365.39
1764.00
1804.03
1780.44
1885.36
2018.78
1905.69
1657.44
2045.73
2035.47
2069.47
2185.22
2140.00
2474.43
2307.06
2166.12
2083.05
2018.93
2172.32
2483.30
2114.03
2086.93
1962.58
1948.88
2295.00
2067.65
2142.05
2025.94
1985.24
2010.48
2238.03
2229.65
2247.56
2379.79
2172.32
2186.09
1969.36
2396.25
2003.42
2224.40
2224.31
2330.38
2333.75
2355.56
2118.57
1852.59
1079.08
747.42
756.54
769.22
955.04
1257.81
1475.88
1642.65
1853.04
2067.47
2229.37
2424.03
2530.46
2704.48
2848.70
2986.46
3316.23
3453.57
3565.39
3755.60
3806.94
3862.81
3978.34
3204.81
3347.78
3442.90
3785.75
4165.45
4145.67
3989.33
3320.70
3060.90
2667.28
2621.17
2127.39
2311.87
2483.09
2643.34
2260.05
1982.09
1695.36
2536.88
2495.88
2114.91
2280.09
1799.30
2379.60
2317.97
2067.18
2210.45
2519.85
2567.51
2401.50
2199.43
2294.26
2662.45
2520.43
2560.20
2330.22
2100.75
2229.83
2146.29
2464.12
2581.87
2514.36
2093.66
1946.58
2449.07
2553.05
2509.54
2472.18
2555.69
2344.68
2320.54
2091.54
2081.29
2262.29
2297.29
2345.72
2323.02
2129.86
2146.34
2257.06
2297.76
1815.04
2259.63
2157.94
2333.82
2164.45
2055.46
1814.67
1836.42
1825.20
2214.65
1743.86
2115.71
2262.08
2521.17
2458.39
2388.70
2442.09
2456.68
2738.18
2746.18
2558.74
2388.11
2154.91
1939.78
2366.43
1965.04
2251.99
1750.83
1926.80
1923.07
1814.13
1976.38
2217.48
2110.73
2253.79
2227.57
2272.40
2142.53
2136.11
2107.91
2118.22
2232.26
1993.33
2025.04
2364.42
2238.78
1947.36
2518.59
2053.97
2623.17
2377.50
2175.38
2221.33
2051.33
2085.57
2195.51
2125.77
1995.02
2221.54
2617.94
1838.42
2036.43
1900.44
2032.71
2022.57
2196.99
2255.69
2167.36
2127.64
2466.32
2129.12
2066.16
2075.14
2620.89
2724.53
2510.47
2320.54
2312.12
2402.62
2748.42
2883.90
2949.94
2853.75
2560.60
3180.63
2663.41
2121.09
2845.56
2796.89
2860.43
2579.29
2670.24
2893.79
2937.97
3132.34
2970.94
2743.33
3056.50
2733.94
2560.54
3062.46
2694.56
2489.93
2675.42
2813.21
2776.17
3091.61
2591.79
2352.35
2267.76
2382.67
2058.30
2324.98
2658.99
2780.77
2642.88
2791.82
2289.78
2243.01
2316.64
2490.04
2584.68
2723.74
2517.39
2651.79
2737.25
2143.38
2601.58
2292.76
1895.37
2563.93
2411.21
2298.84
2255.72
2151.21
2250.41
2172.06
2313.78
2106.85
2320.22
2546.23
2337.39
2115.05
1822.63
2134.55
1961.37
2122.33
2152.91
2229.87
2235.30
1957.86
2266.99
2358.29
2422.02
1837.51
1882.79
2127.47
2329.94
2344.72
1932.93
2412.15
2259.87
2272.20
2268.00
2280.05
2059.14
2111.36
2105.86
2281.71
2004.63
2025.51
2044.82
2056.73
2207.48
2260.84
2062.54
2117.07
2158.84
2007.98
2065.44
2000.29
1988.69
1938.51
1911.87
1975.14
1842.78
1932.11
2280.15
2190.14
2270.42
2200.70
2236.26
1805.90
2369.67
2228.84
2333.62
2429.26
2320.19
2495.09
1915.09
2092.64
2313.84
2595.51
2673.50
2654.54
1738.14
1914.89
2176.37
2173.40
2348.96
1819.17
2093.84
1894.46
1658.03
1192.65
940.13
1119.56
1354.36
1584.68
1905.05
1840.03
2049.02
2261.50
2235.41
2276.06
2477.01
2464.90
2385.91
2606.52
2852.15
2928.02
3228.72
3248.52
3050.07
3139.06
3250.11
3731.46
3704.43
3778.93
2608.32
2547.31
2314.38
2234.79
2218.77
2378.89
2334.97
2266.77
2166.81
2258.27
2252.74
2304.27
2448.90
2465.29
2532.12
2272.97
2251.94
2325.35
2582.92
2623.33
2688.07
2541.60
2184.37
2327.98
2392.65
2678.14
2498.76
2772.23
2744.82
2870.59
2554.27
2160.11
2251.47
2085.49
2428.09
2416.24
2658.07
2275.43
2266.57
1570.84
2323.64
1952.58
2160.99
2441.05
2179.73
2267.33
2294.88
1801.81
2131.29
2244.14
2241.34
2249.11
2311.55
2376.86
2133.14
2315.05
2271.25
2348.38
1973.32
1960.32
2270.69
2063.09
2146.82
1615.37
2045.84
2215.03
2184.43
2570.23
2265.56
2385.91
2378.26
2356.11
2314.21
2424.15
2380.76
2602.37
2653.12
2005.87
2392.67
2488.15
2228.24
1935.06
2210.30
1868.81
1791.14
1903.58
2232.00
2081.30
2346.13
2288.03
2255.52
2365.30
2544.13
2408.96
1951.19
2056.45
2072.42
2470.29
2520.85
2492.00
2232.44
2259.16
2177.24
2250.71
2269.16
2360.30
2487.04
2588.37
2614.99
2816.72
2280.36
2122.27
1934.22
2239.00
2430.26
2240.01
2006.11
2288.27
2272.71
2406.55
2021.48
2465.06
1989.67
2133.90
2286.27
2383.12
2221.93
2361.17
2585.29
2553.19
2321.73
2301.59
2378.32
2453.00
2553.45
2520.16
2127.74
2164.62
2228.58
2574.53
2541.82
2758.26
2523.39
2440.84
2276.08
2198.75
2080.94
2145.22
2676.34
2412.07
2484.51
2147.69
2392.18
2331.38
2533.21
2331.66
2360.10
2064.73
1879.71
2034.49
2642.75
2469.57
2631.52
2625.59
2640.22
2679.16
2675.92
2484.76
2739.83
2416.38
2469.37
2408.79
2430.30
2617.30
2452.82
2552.98
2859.61
2704.76
2709.47
2429.12
2311.35
2447.21
2203.31
2493.12
2669.02
2973.90
2625.53
2811.85
2739.29
2434.68
2281.56
2436.82
2338.85
2401.47
2409.42
2427.48
2428.00
2520.93
2468.54
1672.60
2332.54
2378.44
2459.99
2102.78
1822.59
1981.96
1922.58
2154.78
2165.12
2052.60
2328.43
2288.09
2457.93
2389.89
2268.73
2175.36
2133.61
1847.25
1763.39
1769.67
1916.46
1636.68
1927.78
1874.05
1599.98
1647.59
1740.67
1613.89
1682.33
1691.00
1744.98
1826.70
1898.96
1872.85
2169.35
1891.88
2010.55
2194.07
2245.56
2100.55
1800.49
1708.33
1648.93
2253.92
2195.17
1776.95
1965.79
2355.77
2143.08
2349.85
2361.54
2156.67
1959.00
1992.37
2201.49
2419.87
2290.72
2017.26
2041.67
2464.53
2245.29
2280.33
2336.66
2017.71
2303.43
2331.52
2233.68
2143.22
2087.44
2211.39
1981.21
2130.28
1685.48
1828.66
1155.77
844.55
705.92
755.31
864.69
978.39
1194.05
1394.01
1623.12
1894.49
2041.41
2219.38
2359.05
2634.23
2849.90
3248.74
3425.97
3521.94
3578.96
3615.33
3742.80
3832.69
3856.98
3878.85
3992.74
3933.15
3900.16
3329.07
3499.51
3629.36
3916.03
3771.35
3753.02
3840.39
3672.31
3157.71
2242.01
2180.16
2107.89
2221.86
2494.04
2150.86
2228.35
2332.01
2304.20
2289.06
2312.96
2297.10
2067.95
2322.84
2487.10
2470.62
2406.03
2251.91
2045.74
2178.34
2481.86
2485.75
2551.54
2725.93
2416.21
2481.77
2683.26
2459.91
2373.28
2557.73
2683.70
2623.79
2439.57
2251.41
2694.60
2363.85
2012.65
2226.50
2189.16
2564.11
2278.70
2042.08
2077.60
2280.49
1796.64
2046.73
2113.04
1794.05
1810.31
1751.29
2622.95
2277.59
2374.53
2277.08
2517.12
2079.27
2215.82
2192.28
2001.80
2026.96
2401.48
2140.59
2280.72
2513.87
2087.03
2023.29
2098.77
2007.04
2238.42
2408.48
2357.60
2264.66
2083.16
1644.91
1836.39
2049.28
2364.94
2525.94
2794.57
2979.50
2742.31
2599.32
2792.58
2805.82
2945.82
2671.11
2501.58
2339.79
2140.35
2317.52
2330.97
2381.32
2254.02
2216.40
1508.47
1630.95
2038.30
2034.92
2277.77
2320.81
1908.95
1939.16
1924.47
2166.38
1660.26
1716.64
1503.82
1442.73
1380.82
1568.08
1591.71
1888.00
1626.74
1641.48
1225.71
1563.32
1357.79
1409.90
1837.58
1566.78
1407.86
1898.58
2010.40
1778.87
1799.33
1628.37
1912.52
1896.49
1887.62
1895.91
2028.84
2121.92
2072.04
2003.21
1921.54
1964.17
1973.10
1868.33
1973.15
1717.10
1934.82
1934.79
1981.70
2623.23
2194.91
2357.72
2477.71
1673.61
1911.74
1881.35
1851.03
2197.30
2093.62
2020.44
2116.03
2168.19
2371.26
2344.83
2470.49
2698.95
2569.00
2385.22
2295.42
2212.77
2248.13
2116.06
2059.28
2528.64
2151.19
2488.12
2486.47
2648.32
2510.78
2434.14
2479.03
2473.38
2410.51
2257.32
2315.56
2501.72
2695.22
2679.67
2862.60
2692.50
2575.97
2088.57
2409.06
2035.72
1764.96
1932.97
2075.62
2151.02
1962.81
1876.42
1919.11
2084.77
2057.83
2042.84
1951.61
1984.27
1999.44
1970.43
2028.48
2343.42
2162.88
2127.08
2349.51
2258.68
2028.54
1628.33
1628.80
1627.67
1723.89
1631.33
1737.62
1862.30
2176.49
2239.48
1764.40
1944.38
2061.64
2129.57
1880.43
1937.13
2320.19
2701.49
2199.15
2654.34
2127.64
2199.03
2199.47
1644.50
2097.00
2064.75
1691.50
1734.12
1642.93
1784.18
1935.85
1823.63
1744.08
1770.50
1657.11
1631.31
1786.62
1970.13
1892.06
1855.53
1845.42
1727.06
1562.89
1560.49
1601.16
1607.81
1618.58
1884.09
1980.62
1821.67
1983.57
1898.66
1920.38
1332.53
1063.02
1128.22
1309.78
1320.20
1488.94
1594.91
1742.90
1982.66
2215.34
2319.08
2496.60
2621.54
2745.19
2685.49
2841.39
3044.23
2840.45
2449.91
2296.87
2688.42
3236.95
3183.41
3622.09
3064.74
2920.54
2983.07
2207.20
2272.66
2377.83
2197.77
2106.64
2030.21
2237.91
2297.09
2248.78
2511.13
2415.14
2185.26
2155.94
2136.36
2394.17
2258.22
2377.03
2409.93
1884.40
1895.83
1926.49
1573.67
2000.47
2189.98
1956.20
1870.99
1662.00
1407.38
1620.50
1523.05
1783.05
1991.23
2056.95
2271.60
2020.85
1996.89
1537.06
1446.00
2011.89
2150.18
2198.43
1668.38
1983.28
2091.81
2359.39
2217.56
2149.35
1987.16
1867.73
1793.98
2079.72
2263.07
2317.24
2130.53
2065.80
2240.86
2003.25
2195.53
2114.41
2313.33
2030.39
1842.76
1897.90
1940.94
1878.96
1692.15
1865.23
1954.76
2014.53
1993.55
1916.14
1965.32
2098.66
1586.26
1846.95
2014.02
1973.59
2138.86
2142.47
1917.43
1957.95
1956.88
1979.03
2084.75
2136.53
2264.86
2226.06
2245.25
1796.12
1285.50
1563.31
1362.80
1405.96
1378.38
1468.70
1660.60
1601.15
1957.99
1747.26
1660.55
1725.52
2077.86
1983.87
1917.50
2158.57
2285.20
1985.11
2244.11
2223.06
2396.93
2091.09
2317.22
1933.00
1709.16
2342.97
2214.79
2367.66
2221.37
2181.76
2288.89
2111.84
2178.11
1903.90
1980.62
2137.69
1963.31
2008.14
2149.94
1984.92
1966.07
2084.50
2055.88
2223.38
2146.73
2206.59
2332.98
2237.48
2031.31
2507.47
2539.61
2247.32
2201.79
2427.78
2533.15
2459.91
2289.53
2293.48
2356.53
2484.54
2334.81
2077.69
2116.83
2414.98
2308.11
2514.01
2509.34
2430.64
2491.91
2547.75
2303.81
2533.64
2451.52
2309.24
2300.25
2537.73
2489.93
2338.88
1478.50
1483.00
1130.00
2352.21
2576.05
2608.37
2325.19
2240.99
2391.66
2398.82
2404.06
2201.32
2277.01
2146.35
2118.16
2145.84
2220.32
2129.94
2033.56
1843.57
1939.24
1969.62
2278.63
2254.34
2372.82
2431.34
2699.70
2305.15
2625.19
2076.12
2286.07
2424.07
2255.59
2085.70
2187.45
2066.83
2045.85
2047.59
2149.03
2398.38
2360.68
2364.47
2153.07
2227.68
1986.22
2122.85
2330.72
2190.15
2445.56
2647.46
2393.49
2477.85
2278.26
1992.99
1851.99
1736.33
1996.60
2176.96
2146.23
1884.62
2027.62
2346.08
2235.95
2217.78
2143.59
2088.30
2023.99
1909.29
1937.28
1943.15
2114.67
2345.56
2420.36
2599.05
2605.05
2356.37
2394.09
2406.83
2353.13
2047.77
2146.75
2187.57
2325.64
1964.71
2480.56
2007.18
2272.49
2273.20
2163.10
1807.45
1760.04
2080.00
2127.90
2053.54
2182.95
1992.71
1814.97
1478.22
1195.38
1697.77
2164.32
2083.02
1936.36
1891.89
1654.57
1230.61
1097.47
557.48
556.77
703.79
841.78
1069.68
1316.63
1723.16
1942.56
2328.46
2432.83
2898.43
3126.29
3436.57
3506.38
3633.71
3711.70
3770.42
3878.24
3873.10
3843.89
3776.85
3614.03
3362.48
2872.33
3148.94
1780.68
1748.55
1648.88
1306.00
1555.64
1724.39
1658.73
1815.96
2033.70
2115.85
2101.51
2163.02
2264.62
2362.81
2161.13
2169.72
2357.86
2128.88
2172.12
2363.05
2377.20
2357.49
2458.41
2310.48
2500.89
2176.63
2058.69
2245.33
1728.67
2070.02
2188.47
2097.28
1979.40
2101.81
2107.29
2102.90
2150.58
1977.56
1729.79
1768.02
1946.21
2137.33
2171.58
1999.85
2042.25
2183.09
1994.09
1948.54
1869.35
1792.97
1791.96
1886.77
2128.82
2072.49
1737.17
2044.76
1817.80
1720.86
1695.67
1594.91
1938.49
1786.63
1405.74
1770.69
1639.37
1742.52
1727.53
1743.95
1616.49
1774.22
1874.83
1911.38
2030.07
1706.60
1767.01
1931.43
1940.34
2036.79
2164.96
2008.80
1877.74
1934.86
2153.68
2227.01
2082.38
2138.29
2236.49
1966.68
2216.81
2098.83
1707.95
1787.89
1934.14
2125.13
1953.06
2338.55
2122.67
2177.95
1877.35
1364.85
1643.30
1638.42
1460.76
2031.36
1943.68
1790.09
1816.84
1933.28
1572.12
1315.43
1336.08
1468.00
1447.92
1491.72
1255.94
1558.10
1539.28
1557.50
1645.28
1237.00
1045.77
997.00
997.00
1370.35
1509.43
1477.87
1326.96
1660.89
1763.07
2011.06
2087.38
2143.71
2171.96
1684.76
1734.87
1948.10
2457.30
1896.43
2109.69
2032.46
1978.02
1992.63
2115.49
2047.10
2260.77
2108.76
1846.78
1967.68
1599.00
2018.42
2015.53
1470.07
1701.39
2150.73
1911.59
1962.82
2212.51
2287.99
2334.40
1859.81
2071.58
2291.71
2361.16
2326.33
2177.45
2200.50
1923.00
1396.67
1687.11
2203.28
2142.65
2394.39
2062.48
2561.97
2397.32
2287.33
1915.96
1595.08
1463.43
1519.89
1511.18
1820.34
1970.71
1971.67
2094.23
2216.90
2246.51
2232.96
2173.07
1802.35
1789.50
2046.15
2077.00
2441.97
2173.47
2065.50
2152.88
2178.93
1715.96
1932.70
2130.98
2047.41
1909.40
1732.27
1632.69
1959.90
2153.94
1731.82
2042.43
1945.17
1997.94
2111.67
1975.10
2137.68
2321.38
1872.21
2027.98
2004.88
2397.20
2223.11
2254.99
2245.89
2324.42
2782.04
2041.53
1603.11
1226.20
1570.67
2354.70
2384.98
2217.19
2272.40
2030.46
2404.42
2035.14
2133.88
2457.66
2281.92
2370.10
1757.97
2122.40
2272.18
2616.12
2677.16
2722.83
2772.27
2626.59
2394.79
2516.25
2229.32
2266.30
2102.10
2142.11
2493.84
2435.06
2852.03
2816.33
2752.61
3094.82
2931.51
2970.52
2762.83
2718.24
2582.38
2512.05
2520.06
2693.66
2459.73
2823.31
2808.75
2315.02
1888.08
1603.53
1613.90
1771.20
1513.57
1450.56
1364.85
1646.40
1663.06
2136.49
2435.62
2670.98
3009.59
3039.59
3084.28
3264.16
3552.80
3541.33
3702.02
3493.40
3768.13
3258.14
3115.84
3113.85
3448.80
3848.12
3626.64
3414.64
2623.16
2360.07
2261.42
2542.57
2921.38
2802.80
2517.94
2436.15
2412.64
2632.27
2556.12
2440.59
2736.45
2748.68
2657.80
2379.23
2464.13
2523.00
2766.98
2981.34
2986.54
2943.71
3044.41
3027.55
3072.40
3088.30
3120.52
3020.46
2948.01
2803.57
2919.73
2834.94
2841.20
2896.63
2995.94
2740.86
2998.98
2860.40
2759.62
3251.96
3329.28
2967.41
2517.63
2302.22
2575.93
2384.60
2520.48
2675.03
2894.98
2685.74
2724.66
2686.12
2668.46
2609.37
2346.74
2634.26
2992.65
2700.96
2554.68
2680.50
2715.22
2696.33
2748.58
2843.90
2624.08
2522.09
2411.75
2371.32
2504.04
2546.19
2679.60
2765.96
2864.07
2853.64
2448.91
2474.24
3034.98
2995.41
3021.64
2951.22
2710.40
2667.60
2745.05
2678.18
2519.44
2440.41
2398.84
2739.76
2743.09
2728.97
2658.84
2828.49
2623.82
2451.99
2588.38
2797.87
2569.71
2580.39
2254.17
2284.77
2513.71
2581.54
2789.94
2924.82
2852.73
2710.70
3049.13
2806.50
2838.52
2833.39
2835.61
2787.36
3154.34
2685.92
3023.90
2751.75
3160.47
2955.12
2269.03
2127.33
2360.82
2553.14
2963.03
2330.75
2253.91
2424.52
2953.14
2955.27
2974.21
2973.55
2654.23
2781.34
2819.50
2790.56
2960.63
3040.40
2867.99
2608.83
2517.35
2197.49
2248.30
2244.74
2405.40
2801.26
2621.36
2199.76
2678.34
2599.07
2969.30
3004.49
2982.26
2742.84
2643.56
2760.68
2859.41
2742.74
2711.01
2717.24
2944.74
2852.32
3141.82
3454.59
3166.24
3143.58
2679.12
3101.02
2940.68
2606.50
2702.85
2996.28
2973.01
2757.06
2841.07
2876.53
3055.15
3069.14
3290.27
3371.45
2969.29
2568.29
2534.16
2616.35
2896.68
3246.47
3453.48
3400.75
3325.85
3293.95
2980.83
3048.37
3044.23
3449.19
3268.38
2797.86
2621.59
2476.39
2823.73
2470.37
3166.40
2704.48
2555.11
2263.11
2961.66
2598.79
2350.68
 nan
 nan
 nan
 nan
 nan
 nan
 nan
 nan
 nan
 nan
 nan
 nan
 nan
 nan
 nan
 nan
 nan
 nan
 nan
 nan
 nan
 nan
 nan
 nan
 nan
 nan
 nan
 nan
 nan
 nan
 nan
 nan
 nan
 nan
 nan
 nan
 nan
 nan
 nan
 nan
 nan
 nan
 nan
 nan
 nan
 nan
 nan
 nan
 nan
 nan
 nan
 nan
 nan
 nan
 nan
 nan
 nan
 nan
 nan
 nan
 nan
 nan
 nan
 nan
 nan
 nan
 nan
 nan
 nan
 nan
 nan
