1204.53
1197.31
1193.26
1184.47
1174.52
1176.16
1172.08
1166.46
1161.11
1136.76
1153.17
1148.93
1147.83
1145.75
1145.67
1146.41
1144.90
1140.47
1136.83
1136.36
1134.72
1129.75
1130.55
1131.15
1138.89
1119.81
1106.97
1097.14
1086.83
1076.65
1075.62
1072.05
1069.88
1050.29
1040.80
1034.98
1033.60
1020.52
1017.67
1010.50
1005.75
995.56
973.55
982.11
958.99
961.35
957.77
950.88
942.46
935.52
931.78
931.81
930.52
929.88
924.00
923.50
921.34
919.36
917.48
917.00
916.13
916.48
916.72
916.50
916.89
917.00
918.37
917.22
917.04
917.50
916.08
915.04
908.52
906.62
904.66
900.45
900.05
900.32
900.63
896.89
890.19
881.48
877.40
870.68
857.18
856.84
858.67
857.12
856.11
851.44
849.84
844.85
838.00
837.59
834.00
833.62
831.55
831.14
831.09
831.00
830.82
831.10
831.50
831.50
830.60
827.50
823.00
823.79
823.00
823.89
821.50
821.23
820.63
819.89
817.16
810.57
807.86
804.57
798.60
798.22
794.43
790.02
783.98
781.96
776.14
773.95
774.50
774.30
772.12
771.51
772.32
771.69
772.00
772.00
772.59
773.00
776.83
778.88
781.96
783.65
782.00
782.88
782.92
783.29
783.95
784.00
785.00
784.86
785.00
785.50
785.50
785.61
785.50
786.58
786.50
787.00
785.31
785.44
784.29
783.16
783.00
781.63
781.10
777.82
776.75
775.30
771.90
772.10
771.52
773.20
773.00
773.57
772.89
775.00
776.74
777.00
783.00
784.00
784.50
784.83
782.71
792.76
804.41
805.73
807.62
809.83
816.83
818.45
819.79
820.32
818.65
822.14
823.50
823.50
824.00
822.50
821.55
820.00
819.00
817.52
815.55
813.10
807.49
800.03
798.88
796.71
794.96
791.00
785.91
780.04
779.50
779.61
779.03
779.50
779.40
779.65
780.54
783.83
785.50
786.00
786.62
787.22
947.78
812.05
947.50
853.09
891.64
961.26
817.93
820.10
820.89
821.03
822.42
823.83
827.98
827.38
827.72
831.38
835.27
845.94
856.84
859.11
860.81
847.81
871.32
883.14
869.36
886.08
889.59
890.61
893.53
896.15
897.50
898.25
899.33
899.50
900.00
899.68
896.84
897.57
897.23
896.13
895.50
893.13
892.40
891.50
891.50
891.50
892.67
893.85
897.62
898.52
900.57
900.50
903.79
906.18
907.20
911.35
912.37
912.50
913.97
913.31
915.15
910.89
911.72
910.86
906.62
918.04
912.71
919.43
954.76
973.35
980.49
975.59
995.42
1008.30
1032.54
1040.12
1040.27
1044.42
1057.21
1063.28
1071.77
1073.36
1077.70
1079.48
1084.54
1085.47
1083.84
1083.38
1076.46
1081.93
1078.89
1078.23
1072.67
1072.00
1063.77
1062.00
1062.00
1060.57
1061.76
1068.35
1070.05
1072.66
1073.00
1073.49
1072.86
1074.58
1075.64
1083.58
1081.64
1094.25
1108.12
1109.30
1113.93
1116.57
1122.85
1166.35
1143.43
1153.68
1193.38
1163.80
1174.98
1185.54
1195.28
1195.42
1206.90
1225.04
1212.59
1221.06
1222.23
1222.76
1228.09
1235.68
1238.81
1240.50
1241.50
1242.50
1243.50
1243.80
1244.50
1245.50
1245.50
1247.00
1247.00
1248.67
1249.33
1250.71
1259.08
1260.20
1266.13
1271.54
1271.47
1275.64
1276.89
1280.92
1283.16
1279.42
1292.71
1301.78
1308.02
1308.45
1310.50
1311.63
1311.09
1312.28
1310.59
1309.52
1307.83
1307.50
1306.32
1305.07
1301.66
1296.34
1294.58
1292.82
1289.38
1287.50
1282.65
1279.63
1279.91
1277.80
1276.85
1277.35
1276.75
1277.07
1281.77
1293.57
1293.62
1297.53
1293.50
1295.74
1299.06
1294.93
1299.39
1309.15
1304.50
1304.25
1303.25
1302.92
1302.00
1304.45
1302.62
1302.77
1304.70
1306.18
1295.41
1287.45
1304.00
1306.11
1297.67
1292.42
1293.39
1286.63
1291.20
1293.88
1281.00
1302.30
1299.49
1299.46
1299.19
1297.88
1295.00
1290.96
1290.73
1282.78
1285.00
1266.67
1276.62
1258.59
1256.57
1253.70
1252.56
1247.67
1242.45
1239.87
1238.50
1236.76
1236.73
1237.00
1239.19
1240.09
1242.05
1241.12
1239.74
1239.00
1237.50
1237.52
1236.50
1233.31
1231.97
1228.56
1228.12
1223.80
1226.24
1217.06
1207.18
1204.63
1202.76
1200.00
1197.88
1196.35
1196.55
1196.00
1194.17
1195.42
1194.84
1195.00
1190.65
1188.36
1179.68
1180.88
1164.21
1156.33
1154.24
1148.77
1152.91
1140.27
1123.24
1120.42
1115.22
1104.72
1100.64
1087.56
1084.67
1081.42
1120.98
1072.55
1093.86
1056.16
1052.61
1050.71
1049.86
1048.51
1046.27
1040.28
1063.57
1135.07
1124.07
1089.80
1241.47
1272.66
1195.51
1090.64
998.46
905.52
935.35
989.00
990.13
990.50
989.50
987.58
979.31
976.57
970.88
965.80
964.73
971.32
963.53
970.29
955.30
943.57
932.97
921.77
910.75
903.54
897.27
892.45
888.63
885.09
885.47
883.85
878.41
871.84
863.70
856.84
848.89
842.65
838.20
833.80
828.53
824.76
820.70
818.28
803.65
811.70
803.74
795.47
793.23
785.50
777.97
772.73
766.07
757.06
750.93
748.29
732.37
739.88
734.57
725.42
719.96
707.34
702.34
695.34
691.32
685.38
683.78
679.00
674.00
673.00
672.00
670.50
669.50
669.00
668.00
667.00
665.00
664.61
663.00
662.00
658.46
655.92
651.23
645.94
646.50
645.11
645.09
639.20
631.90
626.57
621.32
614.17
608.09
599.76
597.75
597.04
593.71
591.36
586.08
582.16
576.12
575.69
573.53
571.00
570.03
569.00
568.41
563.40
559.47
556.81
553.89
552.10
549.84
547.72
548.67
541.84
535.10
533.00
532.64
531.50
528.77
529.25
530.00
532.15
533.50
539.88
539.76
539.76
539.62
540.50
540.95
542.62
544.50
544.19
547.58
547.97
550.48
550.29
549.50
549.50
550.53
551.11
552.50
553.31
553.50
553.00
554.00
553.50
554.00
553.29
552.00
551.82
549.80
546.50
544.74
542.50
541.57
539.58
539.44
537.16
535.90
532.62
531.71
529.05
525.82
521.38
512.10
518.18
509.44
511.64
513.67
523.06
528.30
517.98
520.66
520.77
521.61
518.32
521.19
523.46
524.80
523.83
520.57
519.63
509.48
504.94
501.06
496.03
493.74
486.17
481.11
479.50
478.42
477.52
478.49
480.57
478.42
479.52
478.42
477.68
480.50
480.00
482.05
479.80
481.10
482.10
482.21
482.00
482.05
482.59
481.16
480.48
480.91
481.42
479.79
477.52
479.51
480.46
479.28
478.59
478.38
480.00
482.07
479.82
482.25
483.40
485.28
483.38
483.94
485.60
484.18
483.42
483.50
484.18
481.00
479.50
477.19
479.00
479.33
479.00
480.00
480.36
481.00
482.18
488.09
484.75
495.26
495.60
495.00
503.85
511.18
512.91
514.41
517.50
523.49
529.50
532.50
532.50
532.50
533.95
532.32
532.00
531.00
529.00
528.00
527.00
524.46
525.00
524.53
523.00
521.12
521.00
519.44
518.12
517.38
516.00
510.21
513.33
506.00
508.79
504.76
515.95
520.15
519.67
521.56
527.38
524.19
526.40
526.04
526.45
527.00
527.32
526.56
525.12
525.71
523.57
522.50
522.00
522.00
522.00
522.00
523.83
524.33
523.25
543.18
523.87
522.80
523.56
522.50
522.50
524.00
522.27
521.00
517.47
510.79
505.38
503.03
502.46
495.48
494.03
493.85
488.88
485.59
485.00
484.73
484.00
483.97
490.91
499.80
504.35
507.67
509.95
511.37
512.86
514.95
514.88
518.56
532.27
534.00
536.42
534.02
533.50
535.27
534.48
533.00
533.22
534.00
536.82
541.63
543.02
545.33
549.53
551.37
551.47
554.63
561.16
568.63
576.14
584.10
585.03
587.50
588.08
590.00
591.00
592.00
590.90
597.12
574.41
557.18
587.13
558.16
569.90
567.15
564.92
583.13
585.01
561.65
568.24
594.30
617.84
628.32
637.00
636.63
638.00
638.00
637.50
642.58
651.56
658.02
663.51
661.87
669.15
670.12
673.84
676.81
682.75
687.76
697.75
699.86
717.60
721.91
725.00
724.83
726.83
726.15
731.75
743.37
739.88
728.11
746.62
749.43
752.20
756.64
762.59
763.79
765.50
766.12
745.59
766.32
766.97
769.41
777.00
782.68
784.86
790.08
794.22
798.72
802.33
805.56
806.69
808.52
814.96
825.00
828.32
827.47
828.83
830.35
833.00
835.50
838.60
842.83
851.20
867.46
867.15
871.93
869.42
885.63
891.44
892.07
905.14
926.69
923.03
938.69
940.02
943.24
951.55
953.92
959.00
961.26
962.82
967.26
971.51
971.81
973.92
974.33
977.05
982.31
984.29
985.20
984.50
987.36
989.38
993.20
999.12
1002.23
1009.58
1007.98
1010.46
1010.84
1010.50
1011.50
1012.00
1015.80
1018.39
1024.32
1027.73
1031.24
1035.46
1037.95
1043.06
1043.74
1041.94
1043.80
1049.19
1054.30
1034.71
1068.97
1072.42
1079.12
1079.21
1079.49
1081.74
1081.03
1092.68
1127.35
1125.06
1131.43
1133.06
1133.44
1142.31
1138.86
1141.38
1137.20
1141.83
1149.58
1148.83
1151.49
1151.58
1146.55
1147.09
1142.97
1141.32
1140.11
1139.06
1137.81
1138.39
1134.43
1133.86
1130.73
1121.00
1119.39
1118.55
1118.50
1119.07
1118.50
1118.50
1118.07
1117.00
1117.67
1118.50
1117.00
1115.00
1114.39
1111.65
1109.50
1111.25
1105.77
1096.79
1091.13
1080.28
1069.48
1068.58
1056.00
1054.19
1052.36
1063.56
1057.33
1053.41
1046.00
1039.80
1030.67
1029.28
1027.60
1025.91
1025.38
1026.00
1022.75
1020.48
1017.23
1017.22
1014.74
1012.94
1012.10
1003.33
993.60
989.91
984.64
976.94
971.78
963.41
958.09
949.44
952.61
949.73
941.49
934.25
930.48
929.25
928.90
925.78
930.31
927.23
923.80
919.25
922.33
1134.83
1063.80
1000.93
985.98
872.04
789.24
685.95
779.47
873.07
874.67
873.04
864.31
859.67
856.69
847.57
836.38
859.82
821.31
813.98
843.15
808.82
812.16
799.61
793.53
788.09
774.58
767.68
757.30
744.91
740.65
816.84
737.47
730.09
732.71
731.97
733.22
728.47
725.76
723.35
722.50
721.50
718.62
714.45
709.15
705.16
704.39
704.77
706.18
705.76
705.18
701.62
700.13
696.68
686.27
682.56
678.69
676.31
669.66
667.14
658.38
652.79
650.14
643.90
644.32
637.33
630.72
632.16
624.32
618.03
608.43
604.43
600.37
598.27
595.86
597.50
598.14
597.90
598.78
598.74
597.97
599.00
600.51
599.41
600.28
601.22
599.59
599.21
595.00
592.09
591.77
590.50
589.00
588.15
586.42
585.81
585.52
584.50
584.00
584.00
584.50
584.27
594.00
594.05
593.65
593.00
592.79
594.09
584.20
595.09
598.89
599.67
600.93
599.56
598.62
599.00
599.33
599.80
600.85
602.00
604.00
605.16
609.00
609.93
611.50
611.67
612.60
613.50
614.50
617.09
620.34
622.50
622.64
623.73
623.50
622.81
625.50
624.19
620.70
616.78
612.79
613.76
609.48
610.38
608.61
605.50
606.50
605.65
606.75
606.11
607.15
611.61
618.56
619.89
624.00
625.43
629.79
629.00
629.69
630.74
634.04
635.48
641.79
643.00
643.67
643.77
644.96
645.36
645.31
646.50
647.76
649.00
649.00
650.50
650.50
650.00
649.22
646.85
646.00
645.16
643.60
642.88
641.88
641.32
641.11
648.26
654.12
677.54
684.15
673.42
688.58
686.38
682.38
680.58
695.90
704.28
721.50
726.18
734.05
735.93
735.67
736.24
734.43
730.81
730.59
728.88
728.14
727.47
727.33
726.80
726.06
725.74
723.88
725.39
724.43
725.32
732.14
738.05
739.57
743.30
742.76
745.61
746.11
747.38
748.48
749.89
756.49
759.86
764.04
763.94
767.00
787.75
766.93
759.66
748.36
747.14
750.47
748.33
753.20
754.60
753.88
751.48
748.92
754.52
776.56
782.11
779.45
786.00
785.33
783.29
789.77
785.05
791.57
788.39
790.27
783.09
776.81
780.35
780.24
780.50
780.18
780.73
778.51
777.29
773.30
766.31
763.36
766.32
765.41
765.73
767.86
790.64
773.95
777.00
779.00
778.00
778.93
779.00
780.06
781.09
784.00
785.38
786.10
786.78
790.13
792.60
794.82
797.80
796.83
799.08
799.75
800.29
800.69
801.21
799.80
795.17
791.00
789.38
787.39
784.38
782.44
778.12
887.47
747.47
887.20
777.40
774.36
774.23
774.50
774.00
774.39
775.12
776.30
775.50
776.44
778.46
781.50
781.80
783.50
788.84
790.00
791.43
791.00
791.12
760.31
782.61
777.95
780.00
776.66
778.13
778.55
775.66
773.64
771.60
764.64
761.57
749.16
747.17
746.28
744.09
740.90
736.78
729.65
730.00
731.35
728.35
726.50
725.00
725.00
725.00
724.50
724.00
728.10
739.18
745.84
746.85
747.30
747.87
747.53
747.56
750.84
753.84
754.91
755.37
756.61
754.81
758.37
760.23
760.00
765.00
764.70
764.73
767.03
768.50
769.94
770.50
770.31
772.32
772.90
775.31
775.03
777.03
780.00
779.09
779.50
779.50
778.65
778.39
777.58
775.74
773.48
769.00
764.82
762.33
769.69
772.23
774.18
773.00
774.23
774.61
771.88
775.20
778.17
779.69
780.25
780.61
781.39
781.15
782.19
782.18
781.73
782.50
783.93
785.58
786.61
786.50
786.69
787.43
788.88
790.70
792.38
793.55
805.69
835.25
846.37
854.53
854.80
858.64
857.48
862.50
912.97
876.52
891.59
902.60
912.30
932.39
932.67
938.25
936.25
939.07
942.43
943.39
952.12
959.31
964.25
971.55
976.37
980.64
980.24
982.90
985.90
990.15
994.93
1002.56
1003.61
1039.75
1004.00
1004.50
1005.63
976.36
1020.55
1030.32
1043.46
1046.61
1056.36
1057.24
1050.98
1049.54
1058.81
1051.75
1062.18
1063.53
1066.07
1069.00
1071.29
1070.36
1071.00
1070.52
1071.32
1072.52
1076.77
1078.89
1079.44
1082.91
1085.50
1085.90
1086.24
1092.69
1097.94
1103.83
1114.08
1125.84
1133.12
1129.82
1142.10
1136.73
1139.00
1140.64
1143.98
1148.14
1145.21
1155.88
1157.50
1155.32
1154.03
1160.00
1150.50
1155.36
1146.88
1147.08
1145.83
1145.09
1144.00
1144.09
1142.48
1142.00
1142.26
1138.50
1141.00
1141.00
1142.04
1143.61
1147.96
1150.88
1151.45
1151.50
1152.00
1154.70
1161.50
1161.93
1167.83
1167.81
1169.00
1171.30
1172.70
1172.43
1175.75
1177.67
1179.50
1179.50
1180.05
1179.48
1181.04
1265.11
1182.50
1182.74
1180.17
1169.79
1168.97
1170.84
1162.65
1164.35
1160.02
1157.78
1159.58
1143.05
1136.78
1131.45
1122.70
1121.12
1117.38
1116.22
1111.08
1109.21
1108.44
1104.83
1099.84
1096.00
1095.50
1094.94
1090.85
1083.86
1078.89
1079.97
1064.72
1060.91
1057.24
1057.68
1053.78
1049.16
1042.58
1033.47
1015.19
1013.82
998.75
987.71
1002.89
977.67
974.23
968.75
969.71
960.73
984.23
976.59
1258.15
1408.13
1305.33
1360.72
1267.45
1140.12
1087.19
962.20
880.60
711.17
701.29
821.91
908.26
906.85
907.79
906.68
903.97
901.06
897.54
891.37
888.26
885.46
882.71
882.22
876.64
876.23
879.61
876.92
879.65
877.90
880.83
881.64
883.11
881.86
886.95
890.00
890.65
894.36
898.21
898.80
898.50
899.50
900.32
903.58
902.86
904.81
904.73
904.62
904.62
908.81
905.00
916.00
1039.60
1068.05
1092.41
1134.97
1185.88
1243.49
2199.58
3421.11
3424.97
3411.67
3427.09
3387.70
3402.62
2932.91
3446.18
3423.92
3458.91
3505.85
3506.22
3506.91
3506.58
3509.26
3513.86
3515.83
3519.30
3521.10
3518.70
3519.93
3523.04
3524.09
3530.51
3535.43
3539.10
3538.45
3538.45
3537.21
3535.20
3532.96
3532.64
3530.70
3526.64
3526.84
3524.50
3523.61
3517.95
3519.35
3518.52
3518.00
3518.41
3518.14
3518.00
3519.84
3519.04
3521.67
3518.14
3518.24
3516.15
3515.00
3509.38
3507.06
3504.94
3502.62
3496.88
3504.11
3507.25
3508.23
3512.58
3511.20
3510.58
3510.94
3512.43
3515.84
3520.80
3515.16
3515.75
3516.57
3515.77
3515.06
3512.39
3511.46
3504.57
3500.55
3499.60
3498.69
3497.00
3496.45
3497.00
3497.00
3497.73
3498.55
3499.75
3507.24
3509.80
3514.57
3510.77
3518.32
3522.14
3522.00
3528.07
3529.38
3534.00
3539.31
3545.60
3544.47
3549.06
3547.33
3542.26
3537.10
3536.17
3536.38
3535.51
3534.31
3532.06
3527.49
3523.08
3518.19
3516.04
3515.64
3515.17
3514.43
3515.00
3516.15
3518.00
3518.31
3520.32
3520.20
3520.72
3520.93
3520.60
3518.39
3518.19
3516.55
3515.84
3515.69
3514.90
3513.87
3513.59
3514.00
3514.79
3514.59
3514.88
3528.33
3519.35
3519.23
3522.11
3520.38
3523.77
3525.31
3522.38
3523.44
3521.52
3521.50
3519.43
3517.44
3518.35
3517.04
3517.76
3518.04
3519.89
3522.71
3521.88
3522.39
3526.77
3525.05
3524.14
3523.04
3524.48
3523.40
3537.30
3537.30
3537.34
3538.58
3539.10
3539.20
3537.91
3534.27
3530.26
3530.30
3529.51
3531.43
3531.93
3532.09
3532.28
3538.37
3533.22
3536.64
3538.23
3539.02
3543.65
3543.26
3548.07
3552.38
3552.81
3553.52
3557.11
3556.45
3556.45
3556.45
3556.45
3556.05
3556.45
3556.67
3555.95
3555.21
3555.82
3555.05
3553.74
3553.39
3552.83
3551.44
3550.73
3551.15
3550.33
3550.50
3550.50
3549.24
3547.53
3547.32
3545.03
3543.53
3543.06
3544.31
3543.36
3542.73
3542.50
3542.50
3541.67
3542.00
3540.80
3540.69
3537.83
3535.95
3536.83
3536.83
3537.35
3537.50
3536.52
3536.52
3536.27
3536.28
3536.00
3536.67
3536.13
3536.41
3536.08
3536.45
3536.62
3536.04
3536.00
3536.00
3536.00
3536.29
3537.72
3536.05
3536.32
3537.04
3537.04
3538.24
3539.00
3540.12
3537.62
3536.54
3536.14
3536.35
3536.09
3536.24
3536.57
3534.83
3534.15
3534.15
3534.25
3533.00
3533.00
3533.10
3527.38
3526.79
3525.40
3525.06
3523.52
3523.27
3522.94
3523.41
3523.10
3522.21
3520.78
3517.17
3514.88
3520.94
3523.10
3521.73
3523.45
3525.70
3525.66
3525.47
3525.55
3526.19
3526.78
3526.72
3529.59
3531.40
3527.97
3528.05
3528.83
3528.83
3529.48
3528.58
3528.00
3528.77
3528.94
3528.38
3528.71
3530.43
3530.31
3530.39
3533.84
3533.00
3537.74
3538.80
3536.00
3533.70
3533.29
3533.69
3533.64
3533.75
3533.73
3533.68
3534.19
3533.76
3533.42
3533.69
3533.41
3533.17
3533.03
3532.45
3532.05
3531.44
3530.39
3528.83
3529.33
3529.46
3528.38
3526.21
3522.57
3519.55
3520.00
3518.14
3517.72
3518.00
3517.60
3516.50
3515.72
3516.69
3515.69
3515.50
3515.00
3515.00
3515.50
3514.45
3514.45
3514.50
3515.00
3515.17
3515.00
3515.00
3515.11
3515.47
3515.69
3516.76
3516.67
3516.45
3517.09
3516.50
3516.50
3519.97
3523.28
3524.93
3525.61
3527.43
3527.16
3527.80
3532.16
3532.57
3532.57
3534.57
3532.15
3528.77
3533.70
3535.08
3536.32
3541.21
3542.02
3540.49
3540.27
3450.62
3537.44
3538.44
3538.88
3540.42
3545.34
3543.04
3541.95
3543.27
3546.97
3549.11
3550.72
3553.17
3553.87
3556.24
3559.19
3560.37
3561.41
3562.31
3561.46
3561.44
3562.30
3564.18
3441.76
3563.17
3563.19
3562.03
3561.50
3561.06
3557.97
3557.35
3556.26
3553.66
3479.40
3552.38
3552.05
3551.52
3553.06
3551.64
3551.64
3551.24
3551.37
3551.43
3488.82
3551.30
3550.47
3480.72
3550.87
3550.06
3549.98
3547.10
3542.91
3542.66
3542.06
3540.22
3537.97
3536.35
3536.19
3535.26
3534.65
3534.04
3533.96
3534.00
3533.64
3365.67
3533.10
3533.17
3533.10
3373.14
3532.43
3533.00
3533.00
3533.00
3533.00
3533.61
3533.95
3534.36
3535.70
3536.00
3536.00
3536.04
3536.08
3536.88
3537.48
3538.27
3538.32
3538.36
3538.37
3538.20
3538.00
3539.07
3538.72
3538.50
3538.50
3538.93
3539.76
3539.36
3538.60
3538.35
3537.93
3536.39
3536.27
3535.94
3536.19
3535.57
3536.04
3535.46
3534.55
3534.81
3533.90
3534.00
3533.45
3533.28
3533.44
3533.00
3532.90
3532.38
3531.87
3531.87
3531.97
3531.50
3531.41
3531.69
3531.67
3531.50
3532.00
3532.03
3531.69
3532.79
3532.94
3533.19
3532.59
3532.70
3532.78
3532.88
3533.67
3540.75
3546.33
3539.25
3535.96
3537.35
3536.55
3536.23
3537.32
3439.31
3537.88
3540.11
3540.11
3540.32
3539.28
3538.72
3540.32
3542.52
3541.33
3541.96
3543.50
3543.53
3541.60
3540.38
3540.38
3539.90
3541.44
3541.82
3540.05
3539.75
3539.52
3540.36
3540.36
3539.50
3537.78
3537.78
3537.43
3536.21
3536.00
3535.44
3534.85
3536.00
3536.35
3536.17
3535.04
3535.04
3535.07
3535.22
3535.76
3535.84
3536.59
3536.38
3536.30
3537.32
3537.32
3537.64
3538.39
3539.40
3540.45
3538.59
3539.31
3540.76
3540.76
3540.82
3541.09
3541.91
3541.38
3544.77
3544.53
3543.05
3543.05
3542.76
3542.36
3542.14
3541.28
3541.00
3541.04
3540.81
3541.15
3543.15
3542.48
3541.58
3541.40
3540.64
3539.55
3539.55
3538.68
3536.94
3537.60
3536.20
3535.93
3534.62
3533.94
3532.44
3533.10
3531.75
3531.10
3531.29
3530.24
3530.00
3529.17
3530.50
3531.34
3529.22
3529.75
3529.88
3531.64
3526.96
3525.29
3524.37
3520.63
3515.00
3511.87
3516.43
3516.53
3515.67
3515.50
3510.67
3506.88
3505.56
3505.43
3505.00
3505.32
3504.97
3398.27
3401.38
3503.50
3502.50
3502.52
3502.50
3385.80
3501.50
3501.96
3402.09
3501.80
3501.64
3501.28
3456.84
3429.41
3430.45
3409.45
3422.21
3394.36
3402.62
2932.91
3446.18
3423.92
3458.91
3505.85
3506.22
3506.91
3506.58
3509.26
3513.86
3514.65
3515.47
3416.63
3514.83
3514.97
3516.47
3519.03
3524.69
3529.07
3532.91
3532.50
3533.00
3532.50
3531.50
3529.00
3528.50
3526.96
3523.50
3525.70
3523.43
3523.00
3517.95
3519.35
3518.52
3518.00
3518.41
3518.14
3518.00
3519.84
3519.04
1272.53
1275.49
1279.25
1281.31
1314.49
1287.71
1255.85
1289.03
1292.24
1297.40
1298.50
1299.50
1300.91
1302.00
1303.93
1306.11
1308.88
1309.74
1311.00
1315.18
1321.54
1328.68
1330.55
1302.49
1334.00
1336.40
1339.00
1339.97
1342.00
1344.34
1347.09
1354.30
1364.42
1343.92
1373.69
1374.12
1374.96
1373.96
1375.04
1375.50
1376.41
1382.87
1390.59
1395.71
1406.35
1413.78
1373.43
1414.57
1415.75
1417.12
1418.92
1419.70
1420.50
1419.50
1348.85
1420.25
1416.61
1414.96
1411.77
1403.00
1400.20
1395.18
1388.94
1384.58
1380.94
1377.86
1377.50
1375.81
1373.83
1373.04
1370.98
1370.48
1371.62
1371.20
1374.17
1374.08
1376.98
1380.18
1384.11
1386.00
1390.49
1397.60
1402.31
1407.03
1411.76
1415.27
1421.91
1420.72
1420.27
1421.91
1419.50
1419.76
1418.81
1413.84
1410.34
1405.47
1399.87
1402.96
1361.00
1390.50
1382.98
1350.85
1375.24
1345.38
1356.09
1343.67
1336.16
1327.04
1317.63
1312.79
1301.45
1290.27
1288.29
1282.70
1284.52
1276.16
1266.04
1257.85
1255.75
1253.72
1253.36
1253.50
1253.56
1252.32
1255.18
1254.11
1254.24
1256.21
1253.83
1252.58
1244.82
1233.38
1230.50
1223.85
1309.72
1221.76
1217.33
1210.83
1209.71
1209.42
1205.55
1169.05
1193.50
1190.07
1189.50
1188.50
1189.00
1185.62
1186.97
1182.70
1180.48
1174.56
1173.62
1167.75
1166.88
1158.71
1154.32
1150.00
1146.40
1140.26
1125.77
1121.12
1101.03
1100.21
1113.94
1105.29
1093.76
1091.12
1087.23
1085.37
1083.50
1084.19
1083.94
1083.37
1084.87
1085.88
1086.00
1090.12
1093.32
1095.00
1096.50
1097.50
1098.00
1097.75
1098.50
1099.00
1096.29
1095.04
1091.83
1091.10
1088.50
1083.70
1073.94
1071.24
1052.91
1063.62
1049.00
1045.10
1045.51
1034.26
1032.29
1029.50
1027.13
1018.41
1013.00
1011.64
981.08
1008.89
1006.41
1003.73
998.07
1004.24
996.98
994.04
996.62
994.46
995.58
1000.10
999.26
1004.05
1001.16
1003.88
1006.70
1006.32
1005.97
1005.89
1004.83
1004.47
1003.36
1001.88
998.57
997.86
995.13
990.12
988.33
984.83
984.67
982.65
981.24
978.77
974.93
972.23
971.44
969.51
969.50
970.03
967.50
966.19
965.97
963.72
963.00
963.41
963.50
964.89
965.50
966.00
966.00
966.00
964.56
965.00
964.80
964.29
963.50
963.50
963.25
963.10
966.14
968.30
968.50
968.88
940.74
974.26
978.54
981.03
973.76
981.97
944.28
983.88
991.38
994.13
1003.09
1008.59
1018.10
1023.50
1030.62
1028.08
1029.95
1030.91
1031.16
1034.50
1037.85
1039.60
1039.34
1039.90
1044.18
1049.02
1053.70
1058.02
1059.29
1058.29
1060.11
1059.25
1062.38
1071.30
1074.48
1078.84
1081.68
1083.50
1084.50
1085.50
1085.92
1085.77
1083.37
1081.23
1081.50
1159.06
1079.83
1080.50
1083.00
1083.23
1085.00
1087.55
1091.29
1093.88
1096.66
1098.00
1099.50
1099.00
1100.21
1100.00
1100.00
1097.38
1090.73
1086.40
1085.86
1085.84
1084.71
1085.38
1085.48
1086.19
1086.83
1088.26
1086.82
1088.53
1089.38
1089.80
1088.89
1089.41
1092.00
1097.50
1099.00
1099.35
1099.91
1101.00
1100.50
1100.53
1099.00
1099.50
1098.50
1098.50
1097.94
1098.50
1098.50
1098.00
1098.50
1103.68
1101.47
1100.15
1100.97
1107.65
1100.39
1112.67
1112.42
1107.60
1110.93
1113.11
1113.06
1133.06
1152.53
1152.03
1150.70
1149.86
1146.93
1146.50
1123.32
1144.55
1144.17
1143.70
1144.26
1143.00
1143.00
1143.27
1142.50
1143.17
1142.50
1143.68
1142.50
1142.49
1144.02
1150.12
1148.68
1155.50
1151.47
1151.36
1150.37
1148.77
1151.83
1156.44
1167.71
1169.79
1168.79
1170.21
1168.78
1170.35
1170.62
1170.55
1169.79
1132.29
1164.86
1163.47
1151.09
1144.17
1143.00
1140.08
1138.40
1054.43
1132.07
1068.84
1119.07
1115.62
1118.67
1119.16
1119.78
1118.74
1119.04
1123.77
1123.00
1120.56
1120.53
1117.23
1116.94
1114.95
1111.93
1108.68
1101.50
1101.14
1101.27
1101.33
1100.86
1101.75
1101.60
1101.50
1102.00
1102.18
1101.50
1101.33
1101.79
1102.11
1102.22
1100.00
1096.96
1095.06
1093.03
1093.41
1099.25
1094.18
1086.07
1088.10
1094.50
1087.11
1086.71
1084.11
1089.23
1088.80
1086.62
1085.98
1084.86
1085.83
1090.17
1093.00
1097.04
1098.50
1101.00
1103.50
1103.00
1103.50
1026.00
1116.53
1123.75
1124.71
1124.15
1124.97
1126.28
1128.05
1127.69
1127.76
1129.12
1127.96
1126.62
1124.75
1122.75
1122.43
1126.10
1127.11
1127.80
1128.00
1127.24
1128.50
1131.39
1133.50
1132.72
1131.53
1133.39
1132.50
1133.60
1133.50
1134.00
1133.17
1133.00
1135.73
1133.22
1133.00
1131.53
1130.69
1132.20
1131.00
1133.92
1139.00
1139.97
1138.28
1143.19
1144.57
1145.46
1147.24
1149.91
1150.83
1155.21
1157.89
1160.96
1164.30
1118.92
1165.96
1166.75
1167.56
1169.00
1169.04
1130.30
1160.49
1160.56
1160.80
1157.41
1158.00
1158.45
1154.04
1153.33
1155.89
1156.25
1154.02
1159.44
1164.57
1154.54
1161.63
1161.62
1226.11
1161.24
1172.19
1184.40
1190.58
1200.22
1230.22
1232.47
1232.14
1210.85
1212.18
1300.60
1255.05
1259.93
1227.97
1224.81
1266.41
1267.21
1268.00
1271.68
1280.95
1288.00
1294.10
1295.17
1296.14
1297.54
1298.76
1299.94
1305.14
1311.09
1321.08
1321.54
1327.78
1329.52
1333.09
1336.65
1337.32
1340.68
1342.06
1345.10
1347.83
1351.38
1356.96
1366.21
1365.50
1368.06
1371.28
1337.16
1376.20
1373.82
1373.87
1340.31
1378.10
1380.63
1381.29
1383.87
1383.50
1383.50
1385.42
1388.00
1389.11
1389.90
1392.58
1393.78
1391.36
1392.70
1391.85
1393.00
1392.32
1390.71
1385.15
1388.02
1384.96
1384.39
1383.45
1379.35
1380.03
1375.56
1373.44
1374.76
1374.83
1380.20
1383.26
1385.68
1387.07
1388.30
1391.85
1397.91
1400.60
1400.43
1404.82
1411.65
1416.53
1420.00
1419.50
1419.00
1418.50
1417.00
1413.24
1414.62
1407.71
1404.59
1398.90
1393.66
1387.45
1384.78
1356.42
1379.56
1378.36
1375.16
1368.79
1364.65
1355.77
1343.95
1338.47
1305.10
1321.39
1321.62
1318.75
1315.57
1314.67
1315.77
1301.78
1271.38
1277.37
1275.69
1268.39
1265.56
1263.51
1258.94
1259.04
1255.81
1253.78
1247.68
1243.09
1241.17
1240.00
1238.33
1240.00
1240.50
1241.00
1239.50
1239.50
1239.40
1237.00
1231.56
1224.10
1226.00
1220.62
1219.70
1225.43
1217.00
1214.50
1213.84
1209.87
1204.00
1197.45
1191.13
1190.55
1189.00
1217.63
1178.89
1139.35
1206.70
1205.70
1174.50
1271.87
1305.03
1211.30
1149.82
1143.52
1134.68
1127.37
1123.51
1119.47
1111.00
1112.26
1082.67
1105.25
1104.86
1103.97
1104.57
1069.12
1093.24
1085.06
1082.74
1078.84
1073.36
1070.56
1070.67
1079.76
1075.64
1131.07
1047.91
1038.76
1123.75
1025.10
1016.26
1050.90
1015.91
1015.25
1013.74
1013.22
978.43
1009.75
1007.65
996.52
984.87
961.56
957.53
969.03
963.94
962.07
955.98
954.45
947.00
940.27
936.00
923.07
928.45
924.23
923.36
921.50
1058.95
921.11
919.50
918.50
916.00
912.62
909.85
907.00
906.50
905.08
900.65
896.03
896.15
894.18
865.47
885.45
882.07
878.12
874.88
873.93
869.88
865.83
858.33
856.47
852.12
850.43
848.92
848.62
848.19
846.35
845.00
839.13
832.28
824.83
818.18
813.51
804.14
800.68
797.47
784.10
797.97
774.01
751.59
780.32
788.90
790.88
790.83
795.27
790.10
786.21
794.44
803.98
807.64
825.33
831.50
832.50
833.00
833.22
832.80
821.18
814.98
817.76
814.64
828.86
813.11
809.14
807.97
804.89
803.69
806.55
802.29
805.77
779.18
804.47
806.19
806.30
806.83
805.84
804.31
800.97
796.93
792.46
789.47
787.57
783.65
780.74
779.86
778.98
777.55
770.55
765.15
761.53
755.45
750.91
749.09
746.60
747.06
746.06
746.60
745.67
744.86
801.43
745.64
754.32
766.70
771.88
778.20
782.42
784.26
785.46
784.60
785.94
787.98
789.38
792.16
793.89
793.00
793.18
792.89
791.62
792.00
790.03
787.76
786.00
784.50
785.00
784.50
785.50
786.15
786.83
786.50
787.88
787.00
787.00
787.69
786.50
786.47
786.06
786.64
787.50
792.89
793.94
794.50
795.81
795.50
797.21
797.33
800.26
802.08
806.62
808.68
815.43
820.47
819.81
820.30
820.39
819.60
819.00
818.33
924.68
814.12
782.53
800.45
796.89
797.16
793.95
790.12
793.89
792.35
791.60
792.73
791.02
791.45
790.51
792.67
796.30
792.41
794.20
793.48
795.91
796.45
803.17
808.33
812.12
822.80
825.70
827.09
828.07
827.07
825.50
822.23
815.56
812.13
815.62
811.00
810.79
807.65
805.00
799.43
794.81
789.86
787.00
786.86
769.17
768.16
782.50
779.73
778.70
779.00
778.00
756.11
776.47
776.26
777.44
777.50
778.19
779.71
783.23
783.36
786.26
792.09
792.42
767.81
775.12
793.56
794.03
792.86
794.55
799.63
806.79
817.27
836.04
851.07
857.48
860.73
859.64
871.60
876.49
854.50
860.96
1143.95
965.95
1049.47
966.98
885.82
895.90
893.94
892.60
892.19
892.00
891.50
893.31
892.12
891.30
891.27
892.00
892.17
892.50
894.46
895.59
898.50
899.48
900.36
901.04
901.88
901.91
902.53
900.71
904.00
904.00
904.72
905.00
903.93
903.32
900.97
902.00
902.31
901.71
900.65
902.00
901.45
876.41
904.28
904.73
905.78
906.18
906.28
909.00
913.72
915.07
914.82
916.50
917.00
929.44
937.72
942.26
937.83
946.10
947.32
954.45
958.04
958.47
960.78
964.03
969.00
970.43
971.56
973.11
971.19
972.08
974.41
981.51
995.44
998.48
1005.42
1005.01
1006.52
1010.95
1001.93
1007.27
1024.84
1034.92
1041.29
1043.00
1043.50
1043.00
1043.38
1043.81
1043.00
1041.53
1042.50
1044.38
1041.95
1047.12
1049.43
1056.64
1067.97
1037.93
1076.86
1078.62
1061.73
1089.52
1111.88
1074.38
1103.55
1113.61
1106.76
1126.60
1132.39
1147.72
1182.10
1169.79
1205.37
1228.30
1247.76
1228.76
1237.59
1237.52
1238.84
1248.09
1246.50
1250.42
1250.61
1250.50
1250.00
1251.43
1250.74
1249.67
1249.63
1249.75
1246.88
1249.17
1247.40
1247.75
1246.87
1249.78
1248.67
1249.50
1250.37
1250.38
1251.50
1254.00
1251.64
1253.95
1256.00
1256.00
1256.35
1258.00
1260.50
1263.10
1262.87
1265.91
1269.83
1266.47
1285.44
1278.89
1294.71
1297.21
1303.80
1312.41
1283.05
1284.08
1319.34
1320.44
1324.35
1327.60
1331.00
1333.10
1335.00
1337.57
1338.43
1339.50
1342.04
1342.26
1348.40
1351.64
1353.86
1354.30
1361.75
1368.96
1372.58
1379.06
1381.87
1385.30
1387.41
1388.02
1390.02
1390.51
1390.79
1393.30
1398.41
1399.82
1401.00
1400.70
1401.76
1492.57
1401.00
1401.00
1401.00
1401.00
1401.00
1401.06
1401.00
1400.50
1400.40
1401.00
1490.16
1406.88
1405.81
1408.63
1404.90
1405.67
1411.32
1402.50
1409.85
1408.50
1415.67
1416.89
1420.06
1419.86
1417.50
1413.88
1412.90
1407.85
1406.91
1402.50
1474.73
1402.00
1399.04
1392.89
1389.94
1389.51
1379.71
1373.20
1362.13
1353.73
1351.35
1342.47
1339.40
1311.59
1327.98
1301.61
1313.70
1313.22
1304.05
1290.07
1284.08
1276.16
1275.00
1272.78
1271.37
1237.16
1268.56
1267.32
1265.90
1266.46
1266.00
1263.88
1252.72
1210.72
1246.78
1203.91
1222.19
1192.50
1203.09
1193.37
1205.57
1191.84
1171.44
1180.33
1208.74
1211.02
1211.50
1210.61
1208.02
1208.00
1204.50
1196.39
1186.43
1178.23
1173.23
1169.88
1164.68
1146.19
1163.96
1162.56
1160.89
1132.29
1155.83
1151.50
1150.50
1150.19
1150.33
1150.93
1151.00
1112.55
1153.50
1155.11
1157.50
1157.46
1157.50
1153.07
1153.25
1152.15
1147.27
1145.48
1145.78
1149.00
1144.22
1142.59
1130.06
1127.02
1112.83
1104.86
1099.16
1094.61
1094.11
1094.08
1094.21
1092.95
1063.26
1093.00
1091.78
1091.43
1090.15
1089.39
1088.00
1088.00
1086.53
1084.30
1082.50
1077.32
1076.23
1074.17
1072.12
1067.70
1065.29
1064.27
1059.77
1053.40
1111.97
1045.97
1016.79
1039.79
1039.00
1035.43
1031.50
1002.80
1024.00
1019.87
989.03
1015.84
1016.71
1012.91
1013.35
1011.67
1006.84
1004.32
999.57
1057.76
1053.75
975.55
971.18
970.75
970.00
967.92
961.46
952.02
944.09
931.80
924.19
909.41
916.12
951.14
913.21
908.45
908.52
905.96
900.77
902.56
900.62
902.00
901.50
901.71
906.29
904.00
905.50
909.08
1016.64
918.93
920.00
920.50
920.00
921.00
922.58
921.86
922.48
919.91
918.00
914.37
913.00
911.50
911.50
910.50
911.00
910.04
908.49
900.50
898.50
895.50
895.73
893.50
893.00
893.00
892.29
890.27
890.50
888.61
889.50
890.00
893.00
892.88
895.00
894.94
896.00
895.41
896.50
895.88
895.79
891.63
888.26
887.19
883.92
884.05
881.94
879.51
877.86
853.46
871.86
870.50
869.50
868.83
870.83
870.00
870.00
870.62
872.20
873.42
875.06
875.54
818.93
876.40
878.40
879.58
880.57
880.14
880.50
878.27
875.94
872.72
872.62
869.55
864.70
861.62
859.27
858.44
854.55
850.35
845.43
845.14
845.00
843.81
843.00
844.00
842.83
844.00
845.08
847.11
847.50
847.50
846.60
847.76
846.07
848.22
848.72
847.38
847.52
848.84
850.27
857.50
852.77
853.26
854.69
854.38
855.45
855.85
858.83
862.55
862.50
863.58
863.62
863.68
864.00
863.92
860.66
855.82
854.76
853.37
851.64
848.87
847.36
848.33
846.74
846.21
846.50
846.42
846.39
846.50
846.08
846.56
846.50
846.06
846.00
844.50
844.00
842.90
840.50
838.71
837.50
836.50
835.00
832.04
829.26
826.29
825.33
824.41
823.56
825.08
823.83
822.82
822.57
822.67
822.81
822.33
822.00
822.27
821.84
821.05
819.84
819.00
819.06
824.43
830.57
830.97
837.11
833.42
835.40
844.65
852.31
855.64
855.62
857.30
863.46
866.93
868.51
870.12
867.07
871.80
872.32
873.17
873.33
871.44
872.52
869.29
869.88
868.45
866.50
865.50
864.78
864.00
862.43
861.83
860.96
860.46
861.00
864.06
865.53
867.25
867.73
868.24
868.08
868.68
865.81
846.38
863.85
865.56
865.75
866.87
869.50
897.64
897.14
886.55
856.47
1004.54
871.58
873.00
871.74
870.32
871.43
870.57
869.78
870.26
868.88
868.81
870.28
870.18
873.80
877.21
879.52
879.55
880.71
881.73
882.33
886.00
885.00
890.15
890.16
891.50
892.00
894.29
893.74
892.50
892.50
892.35
893.76
894.39
896.50
897.88
899.69
900.03
901.92
904.42
903.76
906.00
906.89
908.50
913.65
919.44
921.00
921.53
924.16
927.73
928.35
928.41
933.00
933.80
934.30
936.41
932.57
933.14
941.94
909.16
950.76
960.77
969.33
974.20
961.57
975.84
977.69
983.28
988.96
993.44
997.53
1004.00
1015.93
1023.98
1034.23
1038.78
1051.44
1057.75
1062.64
1071.19
1077.09
1077.81
1082.45
1086.37
1079.08
1079.02
1102.80
1111.31
1119.14
1212.37
1130.79
1133.00
1136.33
1133.50
1134.88
1064.19
1134.88
1136.33
1137.40
1141.60
1145.11
1147.11
1148.00
1148.63
1149.35
1149.50
1151.40
1157.29
1159.30
1163.56
1171.15
1177.50
1180.03
1182.00
1186.21
1186.04
1161.01
1129.56
1132.37
1138.95
1155.51
1146.47
1165.65
1161.25
1156.10
1145.83
1127.96
1140.41
1168.71
1175.74
1180.00
1180.09
1180.69
1182.00
1182.24
1181.14
1188.33
1191.82
1193.85
1191.74
1200.58
1187.35
1209.80
1212.07
1212.55
1214.74
1219.61
1233.65
1245.38
1240.77
1248.46
1251.79
1254.00
1212.00
1258.82
1263.44
1268.13
1272.57
1250.69
1276.34
1252.57
1251.38
1284.29
1284.38
1289.76
1297.51
1267.97
1304.15
1308.50
1325.00
1325.20
1326.00
1316.71
1312.58
1316.82
1309.41
1305.76
1302.31
1298.97
1294.00
1291.25
1288.46
1283.17
1276.53
1274.31
1269.24
1264.87
1261.81
1259.38
1255.15
1251.14
1248.69
1247.61
1245.07
1237.00
1236.71
1234.90
1229.95
1227.74
1223.57
1221.72
1221.03
1217.89
1214.06
1210.88
1204.31
1205.92
1212.22
1210.05
1187.55
1170.72
1164.82
1163.63
1155.56
1144.41
1141.44
1138.98
1137.91
1112.55
1131.66
1125.85
1121.00
1109.56
1108.56
1106.50
1104.89
1104.29
1104.00
1101.00
1179.50
1095.50
1093.50
1091.00
1089.65
1087.79
1085.53
1082.13
1121.00
1080.00
1077.50
1074.50
1073.76
1071.69
1071.15
1070.50
1016.05
1151.52
1052.03
1047.18
1043.63
1018.07
1038.13
1014.40
1024.67
994.06
994.74
1001.11
979.95
980.08
972.98
974.37
972.95
971.31
969.90
962.70
956.00
955.00
954.41
954.00
952.50
952.00
951.00
951.00
907.86
912.74
956.23
956.55
958.00
958.47
958.53
958.50
958.00
957.50
958.00
958.73
955.54
956.32
949.08
951.33
947.83
952.29
938.43
928.92
894.67
909.15
1004.42
844.42
819.00
889.88
880.48
877.48
875.31
871.38
871.26
865.97
862.17
863.00
863.26
864.00
864.50
864.50
865.04
865.00
864.89
865.80
865.50
867.00
866.80
866.70
867.00
865.50
858.09
854.17
858.45
855.41
846.71
846.18
844.13
847.97
839.92
831.60
823.64
810.20
809.05
808.38
807.00
806.23
805.50
804.47
804.11
804.50
805.50
806.18
806.55
807.58
807.19
807.00
807.76
807.50
807.95
807.55
807.08
806.39
803.50
801.36
799.91
798.06
794.61
789.63
787.40
786.13
785.64
784.50
784.31
784.00
783.00
782.50
782.00
782.97
783.50
783.62
783.79
783.37
785.00
784.43
784.85
786.43
785.76
784.13
784.87
784.00
784.00
784.93
782.42
781.68
780.70
777.85
778.46
778.45
771.92
772.03
768.76
763.82
757.14
749.25
721.26
743.50
742.87
742.00
740.50
739.50
738.21
736.82
736.88
736.96
736.96
736.56
737.68
738.72
741.50
742.17
742.50
743.64
744.89
746.54
747.39
748.08
752.80
751.95
752.39
753.52
753.92
751.90
753.90
755.67
756.19
755.85
755.86
729.14
753.84
750.27
747.31
740.69
739.18
739.50
739.78
739.85
739.19
735.30
730.50
729.00
728.00
728.00
727.00
727.26
727.14
729.00
729.71
730.22
732.19
731.74
732.50
733.00
734.00
734.00
735.00
734.50
734.67
733.88
