690.07
691.69
692.50
698.00
700.96
676.52
704.24
705.00
705.50
706.42
707.00
712.29
716.08
713.82
719.94
720.94
711.00
722.21
720.97
715.39
717.05
716.69
711.06
706.58
707.12
707.63
698.81
696.83
700.33
698.72
696.04
690.60
689.21
688.91
686.55
684.53
681.32
677.31
676.23
671.13
671.68
662.32
647.60
661.64
658.12
653.83
655.33
654.74
653.75
658.34
663.88
666.35
666.32
664.09
665.98
675.80
674.97
673.20
678.50
678.00
679.44
660.85
678.91
678.97
679.50
679.00
679.50
660.68
679.33
681.11
682.15
682.78
691.25
692.73
698.33
699.74
704.17
712.43
715.94
718.63
731.16
710.43
710.10
736.00
739.00
739.00
739.31
737.40
735.18
735.00
734.50
733.50
733.87
734.16
735.81
736.00
737.00
738.48
738.67
738.33
740.12
739.23
740.33
741.39
745.50
748.00
750.07
710.59
752.00
753.00
754.00
754.00
754.00
754.89
755.00
755.82
756.50
756.85
755.94
755.18
755.50
755.50
757.09
764.64
762.10
771.88
774.53
775.67
774.72
780.82
784.85
787.93
792.46
801.14
802.68
804.50
805.50
808.00
776.62
808.57
808.50
809.00
809.80
810.00
962.50
810.50
809.47
808.75
808.50
808.06
808.00
809.00
809.00
809.00
809.23
810.50
813.63
815.38
817.04
827.40
831.68
818.92
837.36
840.40
834.90
843.74
851.38
860.00
860.98
871.00
875.00
876.50
883.65
886.03
888.24
887.19
889.20
894.73
893.94
902.29
906.97
908.64
908.47
912.57
914.15
914.67
915.62
916.00
916.68
916.50
915.44
914.34
913.50
913.32
911.64
912.68
912.08
912.00
915.74
917.45
919.22
917.16
917.71
934.84
928.32
931.51
939.39
935.57
960.53
972.04
1011.96
981.93
1001.12
1011.21
1013.82
1022.42
1042.42
1042.84
1042.85
1046.33
1047.11
1048.00
1048.05
1045.97
1046.50
1044.08
1047.05
1046.92
1045.30
1047.55
1045.97
1047.70
1046.89
1055.16
1056.49
1059.28
1061.84
1072.48
1079.78
1092.95
1095.33
1094.86
1094.50
1095.53
1099.00
1101.38
1103.00
1107.17
1116.83
1117.00
1123.38
1126.39
1130.41
1136.29
1140.47
1143.52
1140.87
1145.52
1150.88
1163.73
1185.24
1181.60
1183.77
1187.33
1191.45
1163.06
1197.21
1195.86
1197.00
1198.80
1204.50
1207.50
1208.50
1209.00
1208.76
1209.00
1208.00
1206.94
1207.91
1207.60
1210.19
1211.17
1209.00
1210.22
1221.64
1216.68
1214.61
1220.60
1218.17
1219.17
1194.78
1230.76
1190.18
1195.48
1233.48
1234.00
1234.50
1194.70
1235.50
1240.54
1249.59
1257.13
1261.03
1263.06
1228.91
1265.25
1266.63
1268.48
1265.79
1269.94
1272.80
1274.50
1274.00
1274.50
1274.00
1274.00
1273.46
1273.80
1272.50
1271.65
1265.08
1225.47
1260.40
1257.81
1259.39
1257.73
1258.71
1247.26
1260.00
1243.61
1232.77
1225.67
1224.00
1156.06
1215.54
1209.53
1208.08
1207.55
1200.95
1197.88
1199.38
1190.83
1191.05
1190.08
1178.85
1163.68
1153.58
1128.57
1141.14
1129.52
1135.02
1125.97
1131.67
1129.38
1122.63
1116.41
1113.11
1109.50
1109.00
1108.00
1106.68
1106.50
1070.24
1105.71
1104.00
1102.58
1099.50
1097.00
1095.00
1091.50
1090.00
1089.50
1088.50
1088.00
1083.65
1084.13
1081.93
1195.71
1076.89
1071.65
1155.89
1061.81
1056.70
1053.21
1048.80
1043.68
1069.32
1041.61
1039.31
1034.56
1030.49
1027.66
1024.82
1022.18
1021.06
1022.06
993.86
948.39
955.49
959.14
958.66
938.65
929.84
916.64
934.97
928.95
917.46
918.64
952.94
962.86
938.68
961.31
956.10
952.69
944.77
940.25
936.52
932.83
927.94
923.28
922.17
918.24
910.41
907.25
881.81
893.46
892.74
868.88
885.23
882.28
879.94
875.00
871.00
870.00
865.36
859.73
851.51
842.40
839.25
824.44
834.12
837.04
832.32
826.97
824.81
803.64
809.53
795.00
794.45
792.71
781.70
780.13
779.00
776.29
771.80
767.82
765.71
759.08
757.58
751.12
748.70
743.50
743.00
741.50
741.00
740.50
741.00
742.57
746.79
748.07
748.11
747.95
749.00
750.50
750.74
751.71
753.53
753.53
754.00
749.97
747.74
745.76
743.72
736.34
728.15
721.49
712.44
712.89
708.66
705.49
695.80
693.88
689.72
689.02
688.50
687.50
685.50
685.05
686.16
686.57
683.00
683.05
682.31
682.82
681.15
678.61
680.50
682.15
679.73
676.05
669.72
669.00
663.50
657.09
664.70
665.04
665.65
668.12
667.39
666.94
670.31
671.50
671.41
671.50
670.32
670.25
669.86
666.32
666.44
660.42
653.54
649.00
643.34
642.53
640.43
634.42
632.55
629.00
625.31
618.65
615.84
603.61
593.92
586.27
582.80
579.93
575.75
573.66
570.44
570.51
569.00
566.17
558.97
557.00
556.00
555.50
555.50
552.00
554.62
555.50
555.26
555.00
554.96
555.00
554.50
554.09
553.10
552.50
552.50
553.25
554.15
554.50
556.00
556.50
557.00
557.52
558.50
559.04
560.30
561.44
563.33
537.15
587.35
562.90
562.84
562.00
562.66
562.97
562.09
563.00
563.52
563.19
563.73
563.81
563.00
560.50
557.03
552.61
549.65
547.46
545.54
544.19
530.11
541.21
536.86
534.20
531.83
530.26
527.57
528.16
525.38
524.20
521.70
521.50
521.05
520.50
520.80
520.33
519.50
518.97
518.79
517.85
501.71
519.00
518.33
519.00
519.35
530.38
532.91
545.33
559.07
562.29
564.16
567.80
571.00
567.81
568.64
575.43
584.25
580.54
587.66
588.40
588.36
588.86
588.42
589.00
587.73
585.46
587.80
664.64
591.20
593.09
592.11
591.93
595.43
575.29
590.95
590.57
585.53
583.00
582.20
582.00
582.50
582.50
582.00
581.46
582.00
581.58
586.11
593.90
590.86
595.42
586.67
600.84
608.58
619.09
622.06
624.00
634.76
644.37
648.91
652.15
652.40
654.80
668.00
673.52
676.71
671.13
674.73
675.77
697.63
699.40
708.09
709.18
717.95
706.82
727.49
726.41
733.92
734.63
738.62
743.33
747.92
753.54
741.35
819.31
764.37
765.44
767.52
769.59
770.58
783.79
792.50
795.10
799.03
801.97
803.00
780.79
780.41
809.65
810.39
813.38
817.30
802.97
832.59
825.04
844.22
849.27
854.65
919.73
864.50
866.25
869.73
874.24
862.97
884.91
893.84
879.39
901.67
865.41
905.06
903.93
906.62
907.52
909.50
911.00
912.95
911.56
912.91
914.00
921.11
902.18
926.90
908.79
939.71
932.39
949.44
960.30
966.00
968.65
975.52
981.41
989.89
995.92
978.12
999.69
1020.73
1032.11
1014.20
1038.76
1039.35
1019.80
1041.00
1044.36
1034.88
1019.83
1047.61
1020.53
1052.09
1053.19
1056.63
1054.88
1036.73
1066.45
1065.86
1060.28
1084.52
1097.23
1106.14
1109.28
1153.53
1091.76
1114.37
1120.45
1102.61
1095.42
1153.80
1130.95
1164.24
1164.84
1174.11
1216.12
1181.48
1183.51
1177.75
1188.51
1194.69
1204.27
1210.25
1213.84
1216.00
1164.95
1221.60
1175.87
1230.39
1230.34
1233.88
1241.77
1264.84
1248.38
1251.02
1233.28
1254.05
1259.93
1271.46
1274.90
1275.32
1276.41
1282.32
1287.00
1290.78
1296.44
1299.68
1302.50
1302.26
1304.52
1305.16
1306.12
1310.94
1316.20
1320.79
1324.12
1327.37
1297.13
1330.54
1332.06
1332.59
1331.77
1334.21
1336.00
1338.39
1341.46
1344.00
1346.00
1290.35
1346.41
1345.95
1345.38
1345.30
1343.45
1343.50
1342.00
1339.21
1332.54
1302.15
1245.41
1269.64
1258.51
1272.21
1295.54
1275.25
1261.06
1244.46
1229.58
1217.59
1236.38
1255.17
1386.09
1404.89
1486.07
1632.96
1465.04
1284.00
1284.94
1283.35
1284.07
1288.55
1248.97
1288.97
1289.16
1290.76
1253.65
1290.39
1287.00
1283.82
1282.19
1282.00
1281.81
1280.49
1279.81
1278.44
1274.77
1273.30
1269.79
1267.00
1213.57
1265.50
1266.00
1263.17
1263.55
1265.00
1258.85
1257.03
1266.67
1251.14
1262.39
1248.00
1238.46
1233.17
1226.45
1184.29
1225.50
1163.10
1217.50
1216.50
1215.50
1215.50
1169.08
1172.36
1209.08
1199.62
1191.00
1187.41
1186.82
1182.86
1167.62
1176.96
1170.12
1144.60
1147.06
1139.44
1125.47
1122.43
1120.14
1119.79
1114.30
1113.00
1111.88
1110.30
1110.20
1109.96
1111.50
1110.52
1110.50
1111.00
1111.00
1110.50
1108.00
1104.88
1101.41
1104.06
1100.76
1100.00
1100.79
1093.97
1091.07
1069.35
1057.08
1054.07
1043.39
1031.92
1026.20
1017.88
1016.22
1000.84
986.56
992.92
991.71
990.71
989.42
988.41
988.12
988.53
989.50
990.34
990.00
965.39
989.50
987.76
983.78
983.81
984.53
984.00
961.92
955.82
966.63
968.38
939.05
916.71
916.71
914.05
913.30
905.10
900.40
893.40
883.95
880.23
877.50
876.42
874.03
871.50
869.82
867.52
866.23
863.50
861.50
861.50
861.50
859.89
856.39
856.00
856.04
848.29
842.55
835.02
830.85
824.88
823.23
820.02
813.89
805.91
806.08
802.83
799.93
801.88
798.25
800.41
799.92
802.21
802.00
803.15
803.33
804.50
807.42
807.44
809.62
810.50
811.50
811.73
812.27
811.77
811.24
809.34
808.90
809.00
807.11
803.80
800.74
799.44
788.76
797.54
755.89
756.87
727.08
722.71
725.43
705.00
703.92
705.36
699.92
695.03
696.63
694.24
693.50
692.97
692.50
688.25
687.85
688.33
687.95
688.11
689.00
690.00
692.06
691.18
697.20
696.35
696.00
695.96
695.50
695.50
695.48
694.50
693.57
690.83
687.50
680.74
679.50
678.00
677.27
677.00
677.50
677.50
677.50
678.13
677.85
678.50
679.71
679.25
679.91
679.50
678.09
676.12
674.78
672.97
671.53
670.60
660.63
659.46
656.80
667.25
646.26
641.17
634.74
634.50
634.03
634.43
633.00
633.43
635.38
637.53
648.64
654.48
662.84
671.09
668.57
672.43
675.05
677.33
677.39
676.44
678.02
668.74
651.95
655.09
651.86
646.41
641.08
638.02
620.63
628.54
604.83
605.87
600.33
596.16
588.76
586.22
581.33
579.98
580.30
578.64
580.15
582.06
583.83
588.11
588.00
588.64
589.78
590.93
592.60
595.45
598.28
600.80
601.95
602.47
602.53
602.93
601.50
602.29
603.50
600.33
603.21
601.82
600.00
602.75
599.79
600.29
599.00
600.94
598.50
600.50
603.88
609.07
610.71
613.58
611.04
614.89
614.03
614.82
617.19
617.51
621.11
619.94
616.75
618.44
622.57
620.71
619.80
616.32
618.24
612.21
616.54
616.48
613.38
611.81
611.73
612.52
617.67
622.42
626.81
626.21
624.29
625.39
623.06
633.22
635.85
646.00
645.90
649.24
650.34
644.25
650.54
652.25
650.32
651.14
651.57
652.70
649.41
650.61
654.70
656.18
658.50
658.73
659.04
659.28
657.41
657.00
655.00
649.33
646.52
641.12
641.50
640.50
639.67
640.50
640.50
641.43
641.50
641.04
641.86
641.50
641.50
643.17
643.71
643.14
643.00
643.94
643.31
646.67
648.92
646.38
648.79
650.58
648.67
661.05
662.95
665.00
666.69
670.00
670.86
675.14
681.49
681.74
672.40
682.72
688.51
697.80
700.95
707.20
711.16
716.90
712.60
736.91
740.72
730.27
747.02
753.50
763.74
783.50
773.60
773.92
786.64
781.20
782.10
790.72
788.09
790.36
790.07
790.50
791.50
792.00
792.50
792.50
792.00
792.45
791.24
793.86
796.50
799.00
804.30
803.81
803.97
803.77
806.39
804.50
799.31
806.40
811.44
835.14
832.14
832.03
840.10
821.78
822.85
836.29
857.37
906.94
912.50
914.39
918.29
921.43
922.22
925.71
924.75
927.03
937.56
939.31
935.85
950.04
952.63
935.48
935.78
967.16
966.50
966.50
967.00
970.50
972.21
974.55
974.36
976.33
978.80
982.02
984.74
986.35
990.82
1001.70
1008.37
1032.88
1013.21
1071.07
1032.88
1036.90
1039.00
1042.10
1089.86
1048.72
1051.05
1053.97
1063.71
1069.70
1081.18
1082.96
1085.10
1094.81
1098.97
1101.26
1101.39
1107.27
1115.33
1118.28
1125.78
1112.98
1133.99
1139.40
1149.83
1150.70
1157.39
1169.06
1245.86
1314.42
1295.11
1296.48
1284.24
1283.05
1283.20
1286.98
1304.17
1325.23
1340.53
1357.00
1275.60
1364.00
1365.71
1366.75
1367.38
1367.83
1366.33
1367.25
1367.44
1366.12
1366.36
1257.00
1336.73
1314.62
1314.47
1306.75
1306.14
1290.67
1297.67
1301.60
1306.74
1311.62
1318.26
1319.11
1327.15
1326.59
1328.82
1336.50
1340.69
1338.68
1341.77
1344.66
1345.36
1350.33
1359.55
1366.71
1369.83
1376.41
1381.06
1386.13
1386.83
1388.71
1388.56
1390.58
1391.59
1392.79
1391.81
1407.89
1425.46
1431.65
1434.70
1437.25
1437.02
1437.63
1439.22
1443.10
1446.20
1444.64
1445.50
1445.44
1443.31
1441.79
1441.13
1441.10
1222.84
1433.28
1498.36
1851.30
1440.50
1492.57
1443.00
1445.00
1388.00
1448.17
1450.00
1451.00
1452.00
1452.00
1452.00
1452.45
1452.50
1453.50
1454.64
1455.50
1456.50
1457.45
1458.23
1458.32
1457.00
1455.30
1451.72
1448.39
1417.80
1436.67
1440.85
1442.88
1448.41
1440.26
1444.25
1422.30
1418.61
1424.57
1423.79
1418.46
1411.97
1414.60
1413.72
1420.29
1427.62
1427.41
1428.06
1427.25
1419.57
1413.58
1406.71
1393.22
1389.58
1388.33
1384.74
1385.22
1382.02
1378.03
1346.60
1340.83
1346.50
1336.58
1331.52
1329.41
1327.50
1320.47
1315.35
1309.04
1305.59
1277.46
1288.39
1281.76
1281.31
1281.54
1282.23
1278.02
1274.50
1273.00
1271.85
1270.00
1270.84
1270.08
1270.77
1270.00
1270.00
1269.50
1269.50
1269.00
1268.38
1267.33
1266.00
1262.59
1257.41
1250.52
1248.57
1244.88
1240.20
1242.93
1239.96
1242.15
1231.84
1226.80
1220.03
1213.14
1212.77
1210.00
1208.00
1207.08
1206.00
1204.83
1199.74
1196.26
1195.84
1199.96
1192.71
1182.31
1173.96
1168.32
1166.10
1156.42
1131.02
1146.76
1145.87
1146.27
1143.15
1141.69
1135.33
1135.18
1130.57
1127.78
1129.08
1219.07
1131.86
1134.00
1133.79
1132.53
1125.13
1122.75
1115.37
1107.66
1107.25
1105.98
1104.42
1103.05
1101.34
1099.80
1094.50
1090.97
1080.92
1072.05
1042.19
1068.39
1067.50
1040.51
1041.07
1062.25
1027.41
1055.13
1052.50
1050.28
1046.50
1044.09
1042.40
1039.46
1036.24
1031.07
1033.00
1032.50
1030.59
1028.07
1029.12
1027.50
1026.50
1023.50
981.46
1015.52
1014.00
1011.80
1009.52
1007.62
1005.57
1003.40
1002.91
964.62
996.12
994.50
992.04
991.50
988.81
985.24
985.50
983.84
983.50
976.21
974.68
968.56
966.59
966.16
960.58
958.16
958.20
962.67
961.19
957.64
956.08
959.63
958.05
959.93
958.42
956.72
957.82
957.71
956.55
955.05
956.61
951.87
948.97
946.08
941.31
936.95
937.47
931.83
930.55
929.00
930.00
904.31
929.49
930.03
933.52
932.18
930.93
931.00
931.41
935.23
932.89
931.00
929.88
923.67
923.17
921.00
921.84
920.00
920.12
920.09
918.61
915.08
907.07
902.04
893.56
892.05
890.04
889.50
890.23
892.53
901.65
896.88
902.09
909.48
909.62
906.27
910.37
911.18
912.68
913.94
918.12
917.13
917.00
917.50
917.16
916.58
915.82
914.03
911.50
907.00
904.79
904.00
903.00
902.81
903.50
904.11
903.00
903.25
903.36
903.50
903.00
903.50
903.50
904.00
903.50
905.78
909.00
915.44
918.00
916.15
913.31
917.15
917.51
918.80
906.54
927.70
929.16
934.92
933.67
933.79
930.88
927.96
928.88
927.67
929.95
929.42
931.36
919.27
923.10
923.30
929.46
930.57
925.88
927.20
926.18
922.51
929.05
926.00
929.05
932.18
932.77
931.71
932.57
931.31
929.50
928.91
926.50
923.50
923.00
923.31
922.68
923.50
924.90
927.47
926.19
926.06
930.18
932.50
935.08
935.31
915.85
962.48
969.11
968.69
970.85
975.34
979.70
981.43
983.49
986.16
987.83
989.67
990.89
989.78
987.42
985.64
985.89
985.75
984.59
985.45
984.70
983.80
985.14
985.97
986.54
988.39
988.46
989.07
991.83
991.46
994.44
1003.86
1001.69
1028.81
1041.10
1050.56
1056.11
1057.50
1058.48
1062.69
1061.57
1078.50
1076.76
1085.96
1087.50
1086.96
1087.00
1086.65
1087.20
1087.22
1089.71
1096.54
1098.16
1100.12
1097.47
1100.14
1098.86
1099.02
1102.17
1109.93
1122.90
1129.85
1133.14
1099.86
1139.71
1143.24
1143.40
1155.82
1157.71
1165.70
1169.63
1172.42
1173.02
1176.09
1175.61
1178.78
1183.44
1246.53
1201.45
1207.03
1210.42
1211.00
1213.00
1219.03
1223.54
1224.26
1224.17
1226.45
1229.29
1234.03
1241.64
1239.80
1259.77
1269.70
1272.92
1277.93
1276.82
1278.15
1283.74
1287.00
1294.40
1302.32
1307.89
1311.67
1359.68
1301.45
1326.90
1331.06
1324.01
1348.48
1350.78
1366.90
1348.59
1386.76
1385.18
1403.02
1416.68
1421.33
1427.60
1461.87
1433.35
1435.52
1476.96
1484.17
1444.22
1478.95
1489.64
1501.67
1473.14
1511.52
1510.50
1512.45
1516.50
1524.44
1503.14
1535.88
1548.29
1556.85
1560.01
1568.76
1580.77
1568.93
1593.37
1598.71
1605.83
1588.41
1622.05
1625.98
1627.89
1630.29
1639.33
1644.50
1645.74
1653.50
1663.30
1669.39
1672.23
1673.35
1690.31
1705.59
1705.02
1734.99
1799.47
1790.02
1786.99
1786.94
1788.83
1798.55
1805.15
1809.76
1817.68
1825.02
1832.04
1842.79
1853.84
1858.02
1862.24
1864.10
1867.84
1873.17
1883.56
1891.62
1903.12
1907.92
1914.63
1932.87
1916.03
1928.33
1959.44
1969.04
1985.40
2008.71
2016.62
2021.60
2030.75
2029.60
2033.30
2042.23
2057.06
2069.43
2078.01
2058.92
2097.03
2119.88
2130.26
2151.16
2140.68
2147.95
2143.62
2161.22
2162.77
2165.97
2164.51
2165.44
2172.00
2175.50
2176.52
2177.90
2176.96
2184.19
2180.08
2204.43
2195.89
2197.84
2224.94
2265.09
2268.19
2287.02
2310.99
2318.91
2334.00
2351.84
2356.32
2366.49
2391.38
2386.67
2399.60
2416.85
2421.14
2435.87
2438.54
2445.62
2449.72
2459.81
2430.22
2470.93
2473.93
2478.78
2497.88
2515.89
2492.51
2535.58
2541.78
2467.18
2545.51
2247.09
2238.10
1917.21
1891.49
2097.61
2552.10
2601.45
2535.81
2635.29
2645.41
2650.70
2630.24
2663.00
2642.24
2682.78
2691.56
2698.57
2708.12
2720.96
2729.40
2735.59
2751.52
2767.33
2772.81
2775.68
2779.74
2791.27
2801.90
2822.05
2835.65
2850.92
2855.18
2862.30
2860.57
2877.16
2878.52
2885.86
2887.24
2891.78
2900.16
2905.13
2827.18
2918.13
2773.05
2927.77
2928.00
2933.34
2939.19
2941.93
2939.29
2947.98
2959.48
2971.17
2993.11
2991.68
2998.68
2993.47
3010.11
3004.03
3006.00
3009.86
3011.27
3015.33
3019.90
3024.78
3026.05
3025.55
3026.97
3026.66
3021.78
3026.07
3020.04
3021.11
3021.15
3022.44
3018.28
3020.46
3020.06
3013.75
3026.16
3026.41
3028.33
3027.89
3031.11
3030.00
3038.19
3046.57
3049.64
3054.50
3057.27
3060.22
3063.14
3065.20
3066.42
3074.83
3079.24
3079.36
3084.85
3086.06
3097.46
3101.61
3109.78
3111.85
3117.40
3119.95
3123.50
3127.00
3128.43
3130.50
3133.63
3133.46
3134.50
3135.33
3133.75
3132.22
3129.33
3125.62
3127.24
3127.75
3127.77
3127.86
3127.00
3123.46
3121.50
3118.53
3116.75
3115.94
3113.65
3112.50
3112.88
3113.06
3112.00
3111.89
3112.00
3112.00
3110.96
3109.00
3099.60
3091.85
3088.89
3096.31
3091.48
3088.51
3087.39
3083.60
3070.78
3066.89
3061.73
3055.04
3047.04
3041.73
3040.59
3039.00
3039.05
3033.75
3032.31
3032.15
3030.60
3029.91
3030.44
3028.07
3020.25
3016.31
3014.41
2928.80
3013.50
3012.14
3007.67
3008.11
3001.26
2989.88
2967.00
2958.50
2953.97
2954.94
2955.18
2949.99
2952.89
2925.47
2833.60
2824.00
2817.90
2813.91
2805.95
2814.15
2822.83
2806.09
2834.89
2821.65
2793.94
2818.49
2832.08
2832.60
2829.49
2834.24
2832.24
2829.33
2825.00
2824.00
2817.57
2808.89
2734.11
2735.43
2801.82
2791.76
2782.36
2777.11
2776.08
2771.97
2770.26
2763.04
2759.12
2753.81
2743.38
2734.43
2726.56
2719.68
2712.39
2698.33
2687.33
2645.24
2661.00
2617.08
2618.92
2611.25
2596.23
2587.65
2569.66
2562.68
2536.70
2538.69
2545.13
2541.94
2540.76
2530.45
2527.24
2524.90
2519.24
2520.07
2517.22
2516.15
2512.88
2512.64
2509.92
2507.07
2506.69
2506.19
2505.96
2506.40
2507.59
2509.30
2506.26
2505.63
2506.36
2497.30
2491.88
2501.70
2497.67
2504.95
2506.94
2442.23
2380.28
2361.01
2342.33
2329.07
2311.06
2316.56
2301.59
2292.38
2290.49
2285.90
2269.15
2255.86
2244.66
2243.14
2227.47
2211.65
2202.92
2190.29
2169.81
2168.30
2147.42
2117.34
2119.93
2111.80
2108.68
2103.82
2094.29
2087.09
2061.68
2052.45
2052.17
2050.56
2048.05
2040.69
2036.57
2035.16
2032.38
1979.22
2018.04
2013.92
2006.07
2002.00
1936.52
1994.83
1970.98
1983.36
1980.57
1980.40
1982.92
1966.94
1963.03
1955.21
1949.89
1952.00
1925.47
1910.80
1903.49
1896.49
1894.40
1891.82
1882.89
1869.80
1855.22
1845.04
1829.88
1813.90
1800.07
1769.75
1783.24
1780.22
1755.60
1764.33
1756.91
1753.88
1724.91
1783.21
1727.05
1714.00
1632.47
1629.98
1623.97
1621.61
1616.96
1619.71
1615.89
1611.86
1572.50
1599.24
1595.61
1589.45
1582.80
1574.66
1568.08
1565.07
1558.07
1556.78
1551.80
1524.17
1532.78
1530.34
1528.21
1514.78
1511.82
1503.88
1499.74
1493.78
1482.66
1478.94
1476.73
1469.32
1442.02
1501.51
1449.87
1444.83
1439.94
1434.75
1428.99
1416.35
1413.09
1407.04
1373.63
1386.27
1388.81
1410.59
1369.05
1344.05
1363.18
1359.67
1355.08
1355.04
1353.27
1339.22
1338.71
1333.00
1330.15
1269.30
1322.74
1320.94
1406.48
1316.63
1308.50
1300.11
1298.41
1298.20
1295.13
1293.11
1291.96
1289.98
1290.24
1288.15
1285.79
1284.43
1281.14
1280.81
1279.44
1279.43
1280.77
1274.44
1272.14
1271.90
1270.28
1270.38
1269.00
1268.75
1265.43
1264.38
1264.29
1263.67
1266.32
1264.56
1266.35
1264.07
1265.11
1265.67
1262.61
1261.62
1259.42
1261.95
1257.91
1257.49
1256.97
1255.11
1246.82
1246.19
1243.03
1240.14
1239.00
1236.93
1237.71
1238.71
1243.24
1244.45
1249.00
1251.69
1254.92
1256.40
1258.16
1264.60
1267.91
1268.92
1269.35
1272.30
1276.72
1277.22
1277.52
1277.86
1278.96
1283.12
1283.79
1284.36
1286.00
1288.12
1294.17
1295.86
1296.50
1296.32
1299.36
1304.00
1305.03
1305.64
1307.00
1304.25
1306.77
1305.50
1305.83
1304.11
1303.26
1297.61
1294.34
1291.61
1291.50
1289.53
1290.00
1289.78
1289.09
1286.67
1285.00
1284.96
1283.50
1283.50
1282.77
1282.57
1285.00
1285.46
1287.32
1288.00
1288.96
1287.63
1288.41
1288.56
1288.97
1289.43
1289.00
1291.26
1293.22
1297.84
1311.20
1301.87
1302.14
1317.94
1313.56
1317.31
1316.88
1338.60
1351.13
1356.22
1364.00
1375.18
1378.17
1380.76
1382.97
1386.05
1385.80
1387.00
1387.67
1390.45
1397.20
1400.67
1402.37
1404.73
1412.60
1416.20
1413.26
1415.25
1421.50
1422.96
1463.60
1437.41
1441.42
1443.97
1449.53
1451.05
1452.48
1456.25
1463.91
1464.95
1468.03
1466.88
1487.02
1476.61
1474.18
1478.58
1479.21
1480.30
1486.40
1487.36
1489.10
1485.00
1484.38
1483.67
1482.50
1481.50
1483.71
1475.00
1470.46
1469.96
1468.83
1422.66
1467.74
1467.31
1467.50
1468.47
1468.90
1469.00
1478.57
1472.08
1472.56
1474.55
1483.27
1484.80
1485.35
1484.64
1508.24
1481.30
1478.50
1481.09
1476.21
1475.22
1473.52
1471.26
1466.18
1464.74
1460.76
1455.75
1448.89
1447.05
1444.32
1441.00
1441.25
1431.62
1429.50
1428.54
1428.00
1427.48
1426.77
1425.00
1424.00
1423.00
1425.92
1427.96
1428.90
1427.31
1388.94
1428.22
1371.62
1355.75
1386.43
1375.90
1361.24
1374.40
1379.81
1364.44
1378.40
1333.19
1319.31
1332.95
1334.48
1333.52
1326.59
1292.56
1308.07
1304.00
1303.85
1303.73
1304.56
1307.15
1308.35
1305.74
1306.34
1307.46
1307.95
1306.58
1305.49
1302.28
1299.00
1299.22
1301.24
1301.24
1298.00
1297.26
1262.75
1290.34
1289.85
1282.76
1274.77
1273.21
1268.88
1266.00
1262.83
1260.73
1259.14
1257.89
1255.20
1256.44
1252.52
1250.23
1247.53
1243.00
1242.97
1239.35
1237.76
1234.44
1240.71
1232.36
1230.37
1225.00
1210.88
1200.79
1194.88
1191.75
1186.53
1182.88
1182.23
1177.30
1123.00
1172.79
1172.00
1170.50
1110.45
1165.50
1160.53
1159.69
1158.00
1158.57
1155.03
1153.40
1144.97
1141.02
1137.98
1133.07
1128.72
1125.08
1124.55
1092.92
1121.00
1118.05
1115.03
1111.25
1108.05
1104.79
1105.45
1212.94
1150.15
1080.43
1050.65
1033.86
1064.63
1058.08
1055.46
1086.35
1048.67
1044.76
1034.46
1022.98
1007.62
1004.66
1001.10
1001.71
1000.52
998.84
994.82
989.34
979.94
947.62
967.67
965.79
965.17
964.20
961.17
959.94
956.94
955.28
944.78
913.05
909.65
932.97
964.47
932.27
934.68
928.21
925.62
920.28
916.79
904.71
899.50
896.67
895.27
895.50
894.76
894.50
893.50
893.50
892.21
892.48
890.50
888.09
888.74
888.50
884.08
882.67
882.85
872.33
860.92
843.31
840.06
839.01
827.81
832.73
829.66
826.98
825.61
801.65
815.66
807.52
801.86
798.29
795.78
794.89
794.25
793.50
794.40
796.18
797.43
797.39
797.81
797.21
796.68
796.41
791.38
787.89
786.59
783.84
779.70
779.29
774.45
772.67
768.04
763.97
753.97
746.36
739.30
734.37
732.31
731.42
729.65
728.52
728.11
720.66
717.76
710.11
709.00
707.67
706.50
707.04
707.00
705.81
707.00
710.34
711.31
712.22
711.72
712.46
712.03
713.73
716.51
716.00
717.00
717.91
718.09
716.96
715.90
714.50
712.95
693.51
705.05
779.36
699.50
697.79
696.15
695.96
693.55
692.00
689.00
685.67
681.70
680.00
679.12
679.06
676.86
675.93
674.50
671.64
671.92
671.00
671.10
672.09
673.93
674.33
675.40
675.38
674.89
673.00
674.19
675.67
674.87
674.76
809.90
674.44
672.77
676.87
678.36
654.36
1204.11
1204.09
841.89
860.23
705.95
708.81
708.48
709.92
709.57
703.71
688.36
690.76
686.35
686.38
684.39
682.19
679.80
674.52
672.62
667.76
651.14
644.58
638.92
638.37
637.85
635.76
629.36
635.29
634.83
630.55
629.74
627.45
625.69
623.92
609.45
632.64
632.15
635.86
632.71
635.14
635.44
634.93
631.76
631.15
629.86
628.25
626.50
621.33
614.29
607.72
603.68
602.00
601.50
600.73
600.50
599.90
599.32
599.07
599.00
599.50
600.50
601.67
601.50
602.25
603.00
604.86
607.00
609.00
608.70
610.71
611.54
612.94
617.90
620.13
621.43
621.86
623.24
623.78
622.21
624.59
626.83
627.85
630.44
630.00
632.50
634.50
635.70
636.50
636.00
636.50
636.04
634.36
635.79
635.64
631.29
631.97
634.33
631.68
634.05
631.69
629.67
634.00
635.17
635.50
635.12
635.45
634.50
634.50
634.50
635.00
637.59
637.11
637.77
637.95
638.28
639.29
639.39
638.60
639.87
656.00
686.67
701.62
701.21
716.10
745.23
755.87
761.00
763.95
757.40
771.21
774.63
773.89
777.93
779.98
782.19
785.90
787.58
791.56
791.25
791.00
794.11
793.05
793.85
792.58
790.29
789.93
789.30
788.18
788.23
784.90
784.67
785.00
784.50
783.33
783.50
784.00
784.00
784.50
786.00
786.86
786.64
786.50
787.46
785.08
787.60
789.88
797.33
812.04
848.21
876.82
879.01
878.62
905.97
896.49
915.30
901.66
910.40
913.49
918.79
928.82
931.16
935.00
938.12
943.95
944.47
950.75
942.49
941.59
942.47
944.02
946.06
949.18
953.19
951.31
953.58
944.50
941.45
973.67
1008.42
1008.22
1009.67
1016.45
1017.97
1024.84
1025.00
1029.35
1031.78
1036.06
1079.38
1082.65
1058.27
1061.48
1064.38
1068.87
1092.30
1072.58
1072.96
1077.18
1085.62
1064.86
1098.70
1106.36
1110.86
1113.71
1119.10
1123.23
1133.09
1132.91
1134.19
1141.97
1133.21
1156.69
1165.22
1164.33
1168.81
1177.56
1190.90
1196.86
1197.70
1202.22
1210.12
1214.21
1219.94
1226.52
1228.00
1232.00
1232.50
1235.22
1237.58
1241.88
1244.10
1209.53
1251.15
1250.21
1253.00
1253.33
1254.53
1255.20
1258.59
1260.08
1261.20
1264.95
1267.60
1269.81
1274.15
1275.65
1276.28
1276.43
1277.73
1277.88
1279.16
1280.35
1283.53
1287.62
1289.92
1294.30
1297.00
1298.50
1303.00
1303.69
1305.51
1307.78
1310.14
1313.16
1316.77
1315.91
1319.58
1403.41
1324.00
1323.38
1365.73
1324.78
2074.48
1837.49
1937.06
1832.47
1439.54
1369.22
1179.16
1242.18
1245.10
1296.22
1291.32
1288.19
1287.62
1245.67
1291.68
1296.85
1305.12
1313.60
1321.18
1323.23
1322.55
1327.21
1329.49
1330.29
1334.03
1341.33
1345.95
1349.42
1349.84
1348.20
1398.95
1345.10
1342.82
1339.66
1337.48
1340.37
1325.79
1288.07
1312.29
1304.18
1301.22
1299.49
1295.26
1293.08
1289.92
1287.67
1284.34
1277.16
1266.76
1253.23
1250.72
1244.58
1243.02
1244.05
1239.46
1236.19
1233.30
1231.05
1228.18
1223.14
1220.41
1219.48
1216.90
1215.03
1216.91
1216.30
1217.83
1223.30
1223.24
1219.53
1221.86
1225.29
1222.10
1225.22
1222.00
1221.14
1217.48
1213.31
1210.33
1204.40
1211.28
1205.58
1191.92
1187.31
1178.04
1169.80
1165.66
1159.23
1159.68
1155.70
1144.91
1129.38
1126.21
1120.39
1120.28
1118.37
1116.42
1116.73
1116.83
1114.83
1115.84
1114.56
1112.80
1111.50
1110.50
1110.65
1111.00
1113.50
1114.00
1114.50
1117.91
1118.41
1119.50
1119.81
1121.11
1121.12
1121.20
1122.08
1121.00
1120.94
1120.00
1119.64
1118.27
1117.87
1116.50
1114.18
1113.00
1111.50
1108.29
1106.92
1105.81
1104.85
1103.88
1103.50
1103.00
1102.00
1098.32
1094.10
1099.58
1085.05
1088.73
1102.29
1092.20
1096.57
1072.27
1066.68
1064.40
1074.86
1055.72
1049.50
1047.00
1046.00
1045.50
1045.00
1044.00
1037.41
1034.64
1031.95
1031.05
1030.00
1029.00
1028.50
1028.38
1026.61
1019.24
1012.20
1007.81
999.37
994.05
994.91
995.50
993.97
994.50
993.42
992.97
990.15
990.94
990.03
992.88
995.38
1004.12
1003.77
1003.43
1002.20
1003.63
1004.50
1008.10
1010.19
1009.40
1008.52
1009.80
1009.46
1008.69
1010.50
1010.48
1008.93
1011.11
1009.36
1011.42
1011.36
1013.12
1017.00
1018.44
1019.50
1024.03
1027.84
1028.94
1032.00
1031.21
1031.45
1031.64
1032.00
1032.06
1030.94
1031.15
1031.72
1035.52
1036.55
1037.86
1035.94
1040.13
1039.59
1037.75
1040.90
1047.37
1048.36
1055.06
1054.20
1070.23
1073.98
1078.58
1083.47
1089.06
1092.87
1090.00
1097.62
1100.88
1105.03
1122.37
1123.00
1128.00
1129.44
1129.17
1129.81
1130.03
1130.59
1130.97
1131.00
1131.58
1131.05
1130.28
1130.14
1132.97
1136.59
1137.17
1139.35
1139.97
1141.24
1144.00
1148.03
1149.67
1153.05
1157.84
1167.53
1173.49
1182.02
1180.41
1178.58
1183.44
1188.09
1190.35
1195.11
1195.80
1208.66
1219.16
1232.37
1235.70
1238.02
1237.75
1245.50
1250.05
1265.49
1274.66
1280.15
1277.99
1302.98
1312.72
1317.81
1325.78
1340.22
1363.80
1362.48
1371.87
1381.15
1376.16
1391.59
1396.85
1412.85
1424.39
1517.96
1738.77
1769.19
1563.72
1494.45
1358.46
1349.13
1473.38
1454.48
1527.95
1493.02
1505.37
1511.26
1520.06
1519.28
1526.27
1529.54
1500.92
1535.11
1556.35
1563.26
1543.27
1572.45
1579.56
1582.82
1585.11
1586.62
1594.12
1612.90
1611.55
1621.98
1592.50
1626.02
1629.70
1642.05
1645.88
1647.77
1653.21
1662.64
1676.09
1657.66
1689.58
1691.88
1688.70
1697.90
1710.29
1709.17
1724.96
1744.10
1749.51
1747.75
1742.52
1749.13
1746.53
1756.22
1745.91
1733.27
1742.81
1717.70
1765.00
1834.34
1892.88
1869.47
1906.71
1876.64
1883.27
1888.90
1953.55
1962.35
1947.34
1955.78
1958.40
1965.02
1966.98
1973.16
1987.75
1997.26
2004.87
2012.65
1999.03
2032.37
2043.40
2058.08
2062.08
2023.64
2072.38
2092.54
2102.71
2114.33
2125.07
2142.92
2131.42
2137.27
2117.93
2171.33
2174.41
2181.33
2185.14
2204.57
2221.31
2238.98
2235.98
2264.84
2281.91
2319.71
2329.93
2334.18
2341.72
2345.27
2342.27
2354.88
2350.96
2361.08
2370.03
2373.57
2384.56
2389.20
2397.35
2398.77
2410.89
2429.43
2435.78
2441.70
2450.87
2464.21
2472.89
2474.30
2485.20
2493.51
2508.35
2518.90
2523.42
2530.51
2534.95
2539.65
2540.44
2541.06
2544.31
2545.09
2545.74
2557.50
2558.00
2591.67
2557.11
2557.50
2570.14
2583.27
2587.64
2598.03
2595.55
2602.14
2601.50
2605.95
2600.53
2601.68
2608.85
2614.69
2621.48
2625.13
2631.58
2632.40
2635.11
2635.65
2637.00
2637.15
2637.56
2637.21
2639.23
2637.81
2639.69
2637.40
2635.00
2633.95
2631.39
2629.30
2627.54
2625.19
2622.58
2620.50
2617.78
2618.24
2615.34
2614.55
2614.00
2613.53
2613.38
2613.50
2613.66
2613.80
2612.87
2612.00
2608.55
2604.54
2605.53
2606.07
2606.90
2606.52
2607.41
2606.39
2590.27
2582.93
2558.98
2555.18
2554.16
2544.31
2544.00
2547.00
2546.58
2533.94
2531.07
2530.02
2518.78
2521.52
2514.05
2511.18
2503.27
2498.02
2481.00
2476.75
2460.58
2449.62
2439.43
2432.80
2410.69
2425.22
2398.25
2408.00
2338.73
2378.78
2370.61
2350.28
2328.97
2332.68
2319.98
2313.57
2300.06
2274.14
2256.51
2249.29
2224.86
2187.58
2220.96
2210.08
2156.05
2127.10
2147.58
2162.00
2147.96
2138.86
2137.74
2121.98
2117.53
2078.28
2112.41
2100.45
2097.28
2071.90
2084.83
2073.67
2069.42
2047.65
2045.56
2039.78
2028.08
2023.17
2018.91
2008.39
1999.96
1942.76
1951.95
1966.98
1948.99
1941.86
1932.60
1927.60
1898.18
1915.05
1911.87
1900.98
1855.47
1850.83
1862.16
1850.71
1844.56
1839.01
1835.61
1830.94
1828.50
1790.92
1819.00
1825.77
1799.97
1798.24
1788.19
1675.44
1783.09
1915.22
1799.75
2155.80
1825.20
1732.38
1571.99
1323.10
1302.17
1671.60
1612.67
1647.20
1619.65
1656.44
1640.64
1632.38
1625.12
1594.76
1584.07
1570.96
1562.06
1566.17
1519.66
1505.54
1500.02
1492.26
1476.25
1491.26
1447.89
1442.64
1438.75
1420.81
1445.36
1408.19
1425.73
1379.62
1374.97
1349.54
1361.29
1359.53
1357.95
1351.00
1346.95
1339.23
1312.93
1326.89
1319.26
1316.63
1309.02
1303.18
1297.40
1290.76
1283.53
1273.62
1272.79
1275.66
1269.72
1269.25
1267.67
1262.85
1260.50
1260.50
1261.00
1260.50
1260.22
1260.50
1260.67
1256.27
1253.48
1252.43
1252.36
1251.48
1250.47
1249.29
1243.73
1245.46
1239.72
1239.87
1225.72
1215.18
1212.95
1205.21
1199.57
1187.88
1182.11
1180.18
1178.84
1179.26
1177.29
1174.75
1174.28
1173.14
1172.00
1169.67
1170.25
1171.10
1170.50
1170.44
1171.50
1171.44
1172.21
1172.12
1171.85
1172.92
1167.53
1168.67
1161.95
1159.96
1158.72
1156.12
1158.26
1156.10
1153.00
1143.32
1140.97
1135.41
1134.44
1131.00
1124.30
1121.19
1121.50
1118.98
1119.32
1120.63
1121.19
1121.69
1116.82
1109.43
1110.29
1108.97
1111.32
1115.00
1117.25
1118.59
1117.75
1118.74
1118.95
1117.88
1118.67
1114.77
1118.03
1115.41
1085.12
1118.18
1116.56
1116.96
1117.06
1114.48
1111.38
1103.58
1100.05
1098.53
1097.15
1095.53
1095.85
1094.53
1094.74
1094.37
1092.56
1091.74
1090.50
1091.50
1090.39
1087.48
1083.50
1083.67
1082.00
1079.00
1078.89
1076.00
1075.03
1074.30
1074.00
1073.21
1081.85
1081.66
1082.28
1082.73
1082.69
1083.27
1084.60
1084.61
1090.08
1112.81
1121.98
1122.50
1124.35
1125.15
1125.50
1125.96
1126.00
1126.55
1127.18
1129.03
1128.89
1130.00
1130.23
1129.50
1131.00
1130.15
1131.61
1132.63
1134.72
1134.11
1135.80
1135.57
1138.30
1143.88
1145.62
1143.83
1148.59
1145.14
1153.13
1144.11
1144.79
1143.60
1148.65
1144.07
1144.39
1143.38
1157.92
1140.77
1159.54
1156.72
1202.54
1247.23
1246.62
1255.25
1265.16
1266.53
1273.75
1275.74
1279.30
1279.71
1277.28
1281.26
1285.96
1288.00
1289.57
1297.08
1296.89
1302.09
1305.14
1310.06
1314.39
1324.66
1296.65
1351.22
1357.97
1362.96
1385.86
1381.38
1393.41
1393.08
1403.16
1410.06
1420.65
1426.10
1434.72
1442.36
1451.41
1455.94
1458.08
1460.70
1463.03
1415.75
1480.10
1492.51
1498.35
1512.41
1521.56
1529.72
1528.43
1530.06
1542.56
1472.29
1535.93
1539.09
1545.50
1549.70
1561.69
1563.20
1572.22
1572.61
1578.43
1582.58
1565.11
1592.34
1596.82
1616.04
1650.93
1648.55
1655.24
1664.52
1667.05
1652.91
1700.72
1685.77
1709.08
1654.52
1711.44
1723.47
1732.02
1750.28
1719.79
1770.25
1816.29
1777.84
1775.76
1789.16
1810.92
1802.57
1811.93
1824.32
1846.17
1887.04
1862.55
1871.51
1834.39
1882.24
1891.15
1854.24
1904.48
1908.62
1911.87
1913.06
1887.04
1926.28
1932.59
1943.12
1952.79
1963.39
1983.07
1986.79
1978.71
1988.66
1963.24
1995.14
1961.80
2034.82
2043.31
2051.32
2054.42
2089.34
2089.09
2068.09
2089.51
2112.49
2110.08
2126.80
2152.39
2116.96
2145.09
2120.79
2165.24
2182.43
2204.84
2198.81
2210.26
2263.47
2235.19
2269.03
2271.54
2254.43
2287.33
2291.25
2249.73
2256.71
2335.09
2344.45
2352.72
2330.13
2318.79
2365.52
2334.49
2377.78
2404.51
2409.36
2441.82
2427.35
2450.92
2464.41
2478.84
2484.35
2515.64
2512.42
2526.02
2535.62
2528.81
2533.79
2549.73
2563.32
2565.53
2574.16
2583.67
2587.27
2589.40
2591.76
2592.97
2596.71
2549.57
2636.54
2611.30
2619.28
2630.51
2635.81
2645.32
2645.82
2647.62
2649.72
2655.88
2660.07
2666.18
2682.47
2705.22
2706.33
2715.83
2725.25
2728.12
2726.78
2729.25
2737.21
2740.39
2747.57
2757.27
2764.08
2762.16
2771.09
2774.50
2779.23
2784.26
2792.72
2787.26
2787.50
2789.10
2788.54
2792.33
2799.17
2803.18
2812.95
2822.45
2831.45
2832.20
2834.77
2837.04
2837.21
2837.57
2843.31
2843.29
2841.43
2844.00
2844.75
2844.22
2844.04
2845.20
2840.85
2841.43
2840.38
2840.10
2839.00
2839.30
2842.78
2848.48
2852.64
2851.28
2857.43
2855.78
2858.64
2856.58
2856.24
2851.03
2848.31
2848.42
2847.05
2846.49
2849.18
2843.83
2839.87
2836.84
2836.00
2834.82
2832.35
2832.42
2823.10
2812.14
2812.22
2811.34
2809.67
2811.76
2805.06
2796.11
2790.36
2785.74
2781.93
2776.22
2769.31
2765.12
2764.00
2688.16
2761.12
2681.28
2757.87
2756.45
2756.38
2756.52
2756.55
2756.91
2753.57
2746.10
2745.88
2733.83
2724.54
2722.74
2716.86
2708.98
2704.93
2702.69
2669.82
2687.84
2680.69
2675.65
2670.70
2664.12
2579.26
2650.21
2645.76
2641.77
2641.53
2639.40
2639.06
2636.35
2629.20
2624.89
2620.39
2614.88
2610.12
2606.50
2606.00
2598.23
2591.59
2586.04
2579.41
2572.60
2575.54
2564.18
2553.14
2550.67
2494.72
2549.13
2539.38
2492.24
2520.24
2510.75
2438.22
2503.93
2437.27
2490.23
2436.69
2454.84
2447.75
2464.65
2432.50
2452.78
2448.90
2444.64
2408.86
2430.39
2401.69
2404.53
2395.36
2388.53
2333.76
2374.76
2368.03
2362.49
2353.57
2311.18
2265.40
2334.64
2321.55
2276.18
2288.02
2251.75
2254.27
2204.05
2232.84
2188.97
2192.11
2179.60
2173.09
2148.71
2147.00
2134.47
2114.27
2104.63
2075.91
2077.13
2023.51
2038.81
2028.64
2018.27
2021.22
2061.97
2082.39
1941.64
1789.44
1811.59
1759.27
1853.76
1936.77
1933.05
1927.03
1925.33
1916.18
1914.24
1915.23
1909.16
1906.86
1901.59
1898.00
1892.90
1873.96
1876.10
1860.88
1852.66
1822.21
1814.86
1796.84
1787.03
1770.55
1745.58
1735.90
1742.96
1752.76
1714.04
1688.91
1684.84
1641.63
1607.43
1636.85
1610.50
1557.47
1533.82
1597.26
1592.50
1590.76
1570.26
1566.49
1575.45
1560.74
1563.56
1563.65
1554.75
1552.98
1539.86
1514.65
1520.06
1512.12
1510.40
1510.91
1507.12
1505.76
1504.25
1496.17
1487.44
1472.14
1449.81
1454.81
1448.18
1380.56
1369.01
1370.70
1360.15
1359.43
1358.33
1346.36
1350.47
1339.35
1322.55
1309.04
1321.30
1334.53
1334.18
1330.32
1328.34
1326.09
1323.31
1318.71
1318.00
1316.00
1314.50
1312.43
1305.50
1302.03
1296.41
1295.78
1294.03
1290.27
1288.10
1278.64
1271.34
1267.17
1255.09
1234.05
1216.66
1206.50
