735.00
736.50
739.50
741.41
742.08
744.89
747.29
749.44
751.82
753.05
754.71
761.62
763.62
768.48
771.97
775.43
751.44
780.00
783.00
766.10
789.00
790.50
791.70
790.15
797.29
775.29
800.05
799.56
798.26
796.58
795.58
793.50
792.26
788.67
788.65
788.95
784.32
776.96
774.07
773.00
771.87
768.94
767.68
887.00
767.19
766.50
768.42
768.50
768.14
769.92
746.96
784.32
791.84
791.43
777.67
791.57
797.03
796.23
796.98
796.37
797.31
805.29
808.86
819.82
819.73
822.00
782.35
819.64
815.64
808.24
811.64
812.46
812.52
818.08
820.09
823.28
825.85
825.79
888.11
826.51
830.95
831.29
842.83
842.50
843.07
842.50
842.50
842.34
843.00
842.50
841.93
840.55
841.26
843.67
843.21
844.81
849.08
847.25
846.00
847.50
847.50
847.84
851.92
851.77
851.24
851.21
850.11
850.50
850.00
849.14
851.85
853.67
854.50
854.94
854.74
857.00
857.65
857.66
860.93
863.56
876.56
865.62
875.70
865.51
862.47
870.32
866.92
860.70
869.92
872.20
884.08
893.00
949.15
1114.07
1247.60
1177.62
1087.89
974.75
909.52
861.54
804.05
743.81
917.13
821.14
952.00
951.94
952.89
954.50
956.50
957.88
958.81
959.90
968.29
975.34
979.00
1016.33
988.32
991.78
995.24
996.77
999.37
1008.90
1000.58
1030.96
1013.94
1034.48
1037.00
1037.72
1038.22
1040.38
1042.22
1131.00
1054.58
1010.77
1196.67
1015.64
1069.25
1077.40
1083.93
1084.45
1088.29
1092.15
1093.24
1093.14
1092.30
1093.53
1094.09
1098.30
1107.50
1109.06
1109.11
1111.83
1110.00
1109.94
1110.00
1110.37
1110.00
1109.50
1108.44
1108.00
1106.50
1105.50
1104.29
1104.00
1103.50
1103.00
1102.62
1101.50
1099.50
1099.00
1099.00
1098.75
1099.50
1101.50
1103.37
1103.14
1105.21
1105.00
1104.54
1106.29
1108.26
1110.00
1111.50
1113.50
1113.50
1114.00
1117.15
1115.58
1119.82
1121.88
1126.10
1131.83
1127.00
1133.90
1140.05
1145.94
1129.31
1154.94
1157.53
1158.54
1157.88
1161.08
1165.89
1166.30
1170.77
1179.61
1183.38
1158.23
1185.53
1185.41
1186.91
1190.41
1196.95
1211.36
1225.70
1229.10
1230.64
1230.31
1229.04
1231.84
1231.75
1217.07
1245.84
1259.03
1259.03
1259.29
1258.47
1255.23
1252.52
1247.50
1245.13
1240.72
1241.03
1237.65
1234.32
1233.31
1231.62
1226.74
1227.19
1224.50
1224.39
1228.00
1224.00
1223.26
1224.00
1224.59
1224.79
1226.36
1224.96
1224.62
1224.69
1223.04
1224.50
1224.46
1225.36
1224.50
1225.00
1225.29
1225.90
1225.00
1186.91
1223.40
1220.45
1218.44
1188.79
1218.50
1219.39
1218.50
1219.41
1217.85
1218.95
1222.81
1216.00
1219.69
1221.73
1220.63
1220.41
1214.78
1206.94
1200.95
1197.71
1194.13
1190.51
1185.22
1178.02
1170.12
1167.00
1163.16
1162.14
1158.73
1154.00
1151.00
1147.26
1146.62
1147.83
1146.19
1115.92
1146.50
1143.90
1141.00
1138.00
1136.67
1136.50
1136.50
1136.00
1136.50
1056.64
1136.40
1133.91
1134.50
1130.30
1127.71
1128.08
1122.05
1119.53
1115.65
1115.11
1116.92
1120.70
1132.00
1102.75
1072.56
1068.54
1061.13
1040.04
1034.47
1076.25
1028.22
1009.98
1020.52
1013.91
1012.51
1010.06
1007.95
1004.50
1074.76
993.72
989.71
986.50
984.89
983.21
982.69
981.67
979.07
977.65
977.00
976.05
975.50
975.50
933.26
973.50
970.21
968.44
968.22
968.46
957.82
961.86
952.03
958.65
955.20
916.72
934.52
926.32
922.59
919.47
915.50
913.78
910.38
907.50
902.76
898.55
874.04
888.70
886.39
885.29
882.98
882.66
862.74
869.17
866.20
862.57
859.96
857.96
855.08
853.50
853.00
850.43
849.76
844.75
843.50
842.04
841.00
838.00
834.82
844.79
855.23
865.32
815.11
808.55
805.16
801.85
803.23
803.61
803.00
802.20
802.95
804.57
805.86
806.43
808.61
811.00
811.00
812.35
812.00
813.82
809.95
805.00
802.03
799.37
796.22
795.50
794.28
793.56
793.00
788.65
784.50
783.25
781.00
779.00
779.00
778.50
742.71
779.22
778.00
778.50
779.89
780.55
781.43
782.50
783.00
783.50
783.00
783.95
783.50
783.46
784.38
783.00
783.00
782.00
781.00
777.36
773.00
770.74
769.32
768.33
767.41
767.09
765.67
773.50
765.32
766.59
765.84
766.35
766.74
767.11
767.94
768.69
767.71
768.50
770.24
771.17
769.15
771.00
770.72
769.55
773.43
778.00
767.68
765.41
761.85
758.71
753.07
750.21
747.80
745.85
745.00
743.37
740.74
736.50
732.50
731.50
727.54
726.14
726.00
723.94
724.00
723.00
722.21
722.90
713.00
704.45
700.61
699.61
699.42
695.70
695.95
693.86
690.30
685.27
683.87
678.62
677.12
674.44
680.00
678.38
681.86
685.75
683.18
683.27
686.51
689.27
690.19
692.52
699.69
706.45
713.27
714.18
715.77
716.39
716.27
712.91
708.19
705.20
703.12
700.79
698.69
691.77
691.89
690.83
693.90
688.19
686.00
683.00
680.45
678.59
663.66
676.84
670.60
649.74
642.12
661.22
673.84
657.79
657.52
666.38
652.51
665.17
658.45
663.82
671.84
686.14
692.95
692.95
677.44
696.43
697.41
696.09
718.29
720.76
722.38
723.79
725.03
724.82
727.86
705.00
730.47
730.58
730.87
729.31
729.97
727.89
724.67
721.60
718.19
717.67
715.35
712.62
707.08
705.14
695.71
700.93
699.54
699.42
698.33
698.30
699.82
704.50
708.87
711.64
712.11
713.14
715.57
721.37
723.81
731.82
735.92
745.74
747.90
748.00
748.70
752.00
752.46
754.10
759.00
759.15
759.50
760.64
713.20
762.36
764.94
766.71
914.26
726.65
771.50
772.87
772.67
773.56
773.06
775.08
774.86
773.71
716.70
771.67
901.00
768.06
766.69
765.65
765.00
764.00
764.56
764.76
765.68
767.11
768.25
767.94
768.14
768.67
769.29
771.89
772.53
777.00
778.00
778.25
781.64
787.17
789.00
790.18
789.43
789.52
790.00
771.02
790.78
789.88
789.52
789.17
790.35
789.48
787.00
786.34
787.38
783.64
787.20
789.00
789.58
795.62
796.29
796.06
805.00
803.35
799.79
798.20
813.05
828.18
840.24
817.03
846.40
817.19
848.50
848.14
854.00
847.50
847.00
847.00
950.61
1062.05
1075.52
913.95
797.76
817.98
872.33
867.34
872.74
873.04
857.53
940.70
890.23
892.63
893.87
898.45
900.42
877.88
881.61
910.47
916.02
896.94
924.50
929.94
907.19
939.37
942.72
949.92
944.67
967.42
979.63
965.03
998.76
1000.57
1000.60
1006.60
1008.36
1010.06
990.53
1017.41
1022.48
1022.50
1022.50
1018.47
1016.68
1014.09
1013.41
1011.45
1009.55
1001.82
999.28
998.21
995.65
991.96
990.50
989.68
991.48
1002.30
1008.11
1012.38
1011.48
1015.17
1015.55
1016.62
1018.91
1025.29
1016.62
1039.22
1124.72
1049.31
1058.21
1068.88
1074.48
1076.69
1083.47
1083.12
1079.99
1081.77
1083.07
1085.62
1093.33
1099.32
1113.44
1117.59
1120.34
1121.50
1123.80
1125.53
1130.36
1131.71
1131.55
1132.09
1133.00
1133.00
1133.84
1133.50
1134.00
1072.67
1135.00
1135.00
1134.73
1135.00
1139.11
1143.00
1155.93
1162.07
1162.89
1158.12
1154.92
1145.58
1147.73
1163.46
1164.77
1173.12
1187.16
1206.42
1208.50
1210.71
1211.92
1212.97
1218.83
1218.46
1217.43
1221.92
1222.83
1227.05
1229.89
1231.79
1233.21
1233.71
1235.50
1235.25
1308.72
1235.69
1233.65
1232.75
1231.95
1232.00
1231.24
1233.64
1245.14
1252.13
1262.50
1268.75
1270.36
1269.98
1251.41
1273.75
1273.63
1273.60
1276.44
1278.65
1287.29
1291.00
1385.08
1292.00
1291.50
1287.82
1285.00
1282.00
1280.50
1278.42
1276.75
1275.10
1272.50
1270.09
1269.39
1266.50
1261.80
1259.94
1260.50
1259.14
1258.50
1258.50
1258.00
1258.50
1260.00
1266.93
1268.18
1269.73
1270.20
1271.00
1270.81
1272.33
1270.94
1278.25
1271.26
1271.36
1271.56
1272.11
1272.08
1272.68
1273.03
1273.13
1274.10
1275.52
1275.40
1277.52
1275.91
1275.72
1275.81
1274.24
1273.51
1273.57
1270.00
1267.00
1259.62
1256.57
1255.17
1203.96
1256.39
1250.68
1236.74
1252.67
1254.33
1221.53
1214.32
1211.14
1207.18
1203.70
1203.50
1203.50
1202.50
1202.05
1199.00
1198.13
1194.68
1194.00
1192.89
1192.79
1192.24
1189.45
1186.50
1180.60
1170.29
1133.64
1134.22
1152.48
1138.84
1134.20
1130.06
1131.86
1128.12
1123.85
1110.07
1105.46
1097.67
1094.78
1091.67
1087.46
1086.00
1085.77
1083.89
1084.17
1080.44
1073.33
1069.12
1065.79
1046.68
1062.38
1043.06
1061.07
1056.90
1048.34
1040.76
1035.20
1028.46
1026.09
1026.00
1025.50
1023.46
1024.50
1023.00
1020.46
1016.50
1013.00
969.39
1012.71
1013.50
1012.67
1013.05
1012.70
1008.86
1005.54
1001.81
999.07
999.61
994.50
995.79
990.65
966.14
977.32
971.68
949.58
964.06
1040.65
1030.98
1178.51
1061.62
1018.61
1056.65
934.56
933.20
932.00
931.36
930.23
872.56
928.94
925.06
915.66
913.85
852.68
832.12
829.60
856.37
845.86
832.99
849.05
838.86
831.58
805.87
808.04
832.19
850.81
850.47
849.94
849.97
845.67
844.19
843.33
841.10
838.93
837.53
834.79
816.71
815.57
811.21
804.79
802.11
801.44
799.07
799.14
796.73
796.48
791.75
764.57
790.36
789.77
793.00
794.95
796.81
797.80
799.00
799.00
800.64
800.14
800.66
800.50
800.71
794.48
795.84
793.26
794.08
793.02
790.67
789.47
789.78
786.83
784.67
773.13
758.68
755.52
752.96
754.00
752.96
750.50
749.50
748.50
746.59
739.50
738.52
708.58
736.86
736.43
736.00
735.00
705.75
736.50
737.50
738.00
739.00
740.00
740.73
740.16
740.41
740.25
719.39
719.08
735.24
734.66
733.50
732.53
732.06
731.50
730.77
730.00
730.36
729.00
730.56
733.50
735.49
736.81
742.28
744.36
744.49
745.65
747.31
747.83
748.66
748.50
747.46
749.50
747.59
746.88
747.07
746.03
743.50
742.50
740.77
740.50
740.50
740.50
740.00
739.50
739.48
739.29
741.00
741.50
742.50
743.50
744.50
745.28
747.50
749.00
751.00
718.33
752.56
755.00
755.00
756.00
756.00
708.27
756.00
755.00
753.45
752.50
725.92
752.00
757.00
757.75
757.54
758.24
760.86
762.39
763.67
768.40
770.88
770.62
772.92
773.68
773.91
771.89
772.96
773.09
772.43
770.00
766.88
760.00
759.36
756.89
754.83
753.89
752.55
751.78
751.41
750.75
747.84
747.00
749.43
745.67
746.73
749.13
752.07
759.60
761.62
761.75
762.47
765.15
766.56
774.32
785.31
790.16
796.02
857.29
806.30
810.36
797.10
811.87
815.52
823.52
831.88
837.53
837.73
838.42
838.74
814.77
903.90
833.63
831.72
831.21
830.08
828.14
827.79
825.71
818.81
815.33
814.21
812.50
811.00
811.00
811.19
812.56
813.52
818.63
826.39
836.98
831.00
832.78
837.88
840.97
844.64
853.24
861.74
865.67
871.22
879.11
890.50
890.25
890.75
893.18
892.00
894.50
892.85
893.17
892.33
890.15
889.33
842.32
883.50
882.25
878.85
875.10
872.79
870.74
869.50
869.00
868.81
869.07
868.45
868.00
867.50
867.52
868.50
869.00
870.42
870.50
871.32
871.00
872.00
873.00
874.56
875.00
875.00
876.50
877.50
878.47
879.04
881.29
882.20
879.57
885.44
880.56
883.55
887.57
890.50
1084.96
1189.63
944.78
984.46
954.94
1000.51
888.54
903.86
918.56
929.26
936.46
935.14
950.49
959.93
972.47
973.77
981.90
983.20
983.69
990.83
995.57
998.36
1008.54
1014.63
1020.82
1021.21
1024.09
1026.54
1036.36
1038.29
1042.96
1053.23
1058.15
1064.60
1061.69
1062.70
1064.43
1067.53
1079.36
1082.32
1084.29
1085.60
1085.00
1085.50
1085.00
1086.00
1084.81
1085.04
1082.90
1083.91
1080.70
1079.03
1083.62
1091.14
1099.87
1097.20
1096.02
1096.36
1097.65
1098.67
1097.20
1098.73
1101.78
1110.41
1119.41
1119.88
1120.81
1121.07
1121.64
1121.75
1122.00
1120.50
1120.50
1120.58
1042.50
1121.08
1122.43
1124.67
1127.18
1127.76
1129.00
1088.08
1148.04
1155.45
1130.83
1157.00
1156.94
1158.43
1157.88
1160.56
1161.27
1162.56
1165.11
1171.95
1172.50
1173.35
1173.39
1173.50
1172.00
1171.05
1171.00
1169.36
1168.68
1168.00
1167.50
1167.75
1165.95
1156.36
1173.10
1192.38
1184.57
1170.96
1200.55
1198.91
1197.54
1203.79
1213.00
1224.11
1203.69
1206.00
1244.56
1248.52
1253.88
1260.48
1266.88
1266.17
1265.31
1269.16
1274.77
1274.22
1275.44
1276.67
1278.19
1278.36
1278.50
1279.50
1280.50
1280.83
1280.73
1282.00
1281.95
1282.50
1282.30
1285.00
1285.50
1287.00
1287.50
1288.44
1288.63
1289.55
1292.21
1293.30
1294.00
1294.95
1297.35
1298.26
1297.33
1298.81
1301.53
1302.70
1311.65
1314.77
1317.63
1318.91
1320.20
1320.08
1320.90
1320.59
1320.95
1322.56
1321.50
1322.71
1316.88
1261.94
1246.11
1250.75
1260.93
1254.92
1256.07
1274.14
1309.00
1277.85
1224.84
1225.37
1239.42
1262.26
1261.15
1258.11
1254.41
1250.35
1249.32
1248.61
1247.39
1246.70
1245.21
1243.11
1238.88
1238.06
1235.85
1235.00
1232.81
1231.50
1230.55
1230.00
1229.50
1228.93
1227.45
1227.30
1226.00
1189.74
1221.86
1219.74
1217.39
1213.62
1198.94
1186.48
1182.47
1177.53
1172.16
1167.80
1158.25
1120.64
1162.12
1152.49
1147.41
1140.62
1133.14
1094.03
1127.36
1125.89
1125.04
1121.33
1121.96
1072.09
1122.76
1119.10
1119.86
1117.58
1118.25
1115.06
1116.50
1112.00
1109.03
1104.91
1108.05
1074.38
1090.70
1068.54
1084.10
1058.68
1066.81
1045.25
1050.06
1026.04
1040.31
1036.46
1027.49
1012.93
990.35
990.85
984.22
975.43
983.63
978.74
979.73
980.08
978.83
971.46
968.48
969.84
966.56
966.92
966.30
964.52
959.82
955.45
952.33
949.69
948.64
941.17
939.60
929.56
927.79
927.70
925.12
855.21
918.77
916.38
917.26
915.50
913.46
925.00
924.00
922.68
919.47
916.26
912.96
910.00
906.09
899.15
893.36
872.26
881.41
882.83
881.81
869.13
858.00
804.44
838.88
869.36
826.43
778.67
791.07
805.02
799.38
791.69
793.52
785.56
785.85
766.86
782.93
782.56
780.77
779.97
777.91
777.42
777.69
780.52
785.90
790.35
792.95
793.50
795.00
795.50
795.08
795.38
795.46
766.89
793.85
792.67
791.64
791.52
789.25
786.97
783.24
773.31
769.78
765.14
761.66
758.85
758.96
756.93
756.00
753.68
753.50
753.28
753.50
753.29
753.82
753.74
754.28
753.23
754.04
752.54
751.24
750.00
749.16
748.64
749.05
746.00
744.95
743.50
739.15
736.50
734.53
730.50
730.95
730.39
722.46
718.38
707.52
700.30
696.83
691.11
690.08
689.58
688.50
684.81
685.82
682.70
682.94
682.00
682.31
682.00
681.97
682.71
682.00
681.00
679.58
679.23
676.70
676.12
674.29
673.59
672.13
671.43
673.00
672.35
674.65
674.94
675.12
676.95
675.41
675.48
677.12
679.52
681.00
682.64
684.19
684.50
687.00
690.50
692.00
694.50
695.00
695.00
696.00
697.00
697.50
698.28
701.00
705.50
707.00
680.29
709.50
677.76
710.00
709.50
710.50
710.50
711.00
711.00
711.50
711.36
711.50
711.00
710.50
710.50
709.50
708.56
708.28
706.00
704.35
703.00
702.06
699.80
697.50
695.50
692.00
689.50
688.00
685.57
684.50
683.50
684.33
684.24
681.05
679.00
677.50
676.00
675.50
675.45
676.50
678.00
679.00
679.50
681.28
681.48
683.50
684.00
687.31
690.00
694.00
696.50
701.09
702.50
704.14
708.47
708.81
707.57
711.55
712.63
709.67
717.17
717.80
718.81
722.13
717.26
723.14
717.38
713.09
716.45
709.22
714.07
712.69
712.83
707.50
707.60
708.00
708.79
709.46
711.00
712.21
713.00
713.54
713.50
713.50
713.50
713.00
713.00
712.50
713.00
713.50
712.60
714.00
715.00
715.78
719.86
723.52
723.89
725.86
722.80
726.21
726.86
727.62
728.21
728.44
728.43
726.86
725.94
717.62
718.25
721.74
725.37
734.42
737.78
736.57
737.92
741.62
742.37
743.15
746.83
752.00
753.00
754.06
755.50
755.79
755.50
755.00
753.36
751.32
751.00
749.50
747.88
747.88
745.50
743.00
742.06
741.00
741.00
740.50
740.50
740.06
739.50
739.50
740.00
741.00
741.50
742.00
743.00
744.00
744.26
745.50
745.25
744.50
744.67
744.50
744.50
743.52
743.50
744.11
744.47
725.20
749.23
751.06
752.06
753.61
754.72
755.57
757.77
757.00
757.06
757.00
757.14
758.00
762.17
725.40
1588.52
1516.53
1615.97
1577.48
1305.43
1010.36
798.53
776.40
782.99
811.40
821.77
827.12
842.57
881.95
850.96
861.76
871.76
871.34
879.67
889.12
898.20
901.48
905.83
910.98
914.74
916.09
916.34
917.76
917.75
919.30
916.52
923.45
897.15
926.79
920.42
924.50
910.93
909.41
921.89
924.76
924.62
917.14
919.62
922.90
928.57
932.50
934.00
934.68
936.00
936.25
936.19
935.00
933.50
933.50
932.59
933.19
932.50
932.91
932.50
901.21
935.18
935.00
936.94
940.26
941.11
943.90
945.47
953.65
955.10
971.45
982.59
990.34
992.68
992.39
993.50
994.54
996.50
996.93
999.19
998.63
1000.00
1002.44
1003.28
983.86
1013.11
1021.16
1023.73
1027.67
1031.49
1034.48
1044.17
1044.74
1046.04
1047.46
1050.48
1052.54
1059.50
1063.00
1066.88
1075.64
1075.38
1077.46
1078.95
1079.69
1080.56
1081.38
1081.68
1084.06
1089.28
1091.05
1091.90
1091.08
1092.26
1092.24
1092.00
1092.00
1091.00
1091.50
1090.05
1089.64
1089.50
1088.00
1088.50
1088.00
1088.00
1088.31
1088.00
1085.48
1040.71
1084.00
1085.29
1083.20
1085.88
1086.70
1086.30
1085.28
1089.50
1089.58
1089.50
1089.00
1089.74
1090.00
1091.00
1090.50
1090.50
1090.00
1088.94
1089.00
1088.40
1089.00
1089.00
1089.50
1091.46
1096.71
1100.63
1099.38
1101.56
1102.22
1102.71
1099.47
1108.90
1112.80
1118.44
1121.97
1126.73
1129.00
1129.50
1129.39
1131.00
1129.92
1131.20
1128.88
1125.87
1122.31
1120.50
1118.47
1111.46
1110.04
1106.80
1108.57
1107.39
1108.03
1100.26
1094.00
1092.00
1090.57
1088.44
1087.50
1087.12
1085.40
1085.33
1083.65
1082.93
1082.00
1082.00
1083.00
1079.54
1078.00
1075.64
1068.05
1066.52
1059.88
1054.72
1043.64
1024.85
1015.33
1002.78
997.90
995.18
983.10
980.56
977.19
980.70
974.97
971.15
966.22
965.00
964.00
964.50
963.79
967.05
967.50
967.61
968.00
967.50
967.65
968.40
967.00
968.11
966.47
965.50
965.73
960.30
951.58
949.24
917.88
942.58
938.57
935.73
934.66
906.41
929.55
929.50
923.61
916.62
911.50
905.71
898.00
889.28
882.49
873.07
868.00
864.08
861.25
855.54
851.56
845.06
834.43
824.33
811.96
807.67
804.30
799.73
798.45
775.83
796.29
794.17
796.25
795.33
797.97
798.31
799.77
801.00
800.38
803.48
803.77
802.00
802.87
803.56
804.00
803.26
803.26
801.50
800.57
800.50
800.00
799.00
796.08
792.73
793.58
788.33
796.15
789.08
782.67
784.64
780.50
776.46
772.29
763.04
757.34
752.96
749.43
744.02
741.74
738.12
736.02
733.61
732.61
729.29
723.14
720.97
717.03
716.31
715.90
716.29
716.36
712.53
714.00
713.44
715.06
715.89
719.71
706.58
697.20
699.38
696.88
693.32
690.74
691.88
691.48
691.76
691.90
692.46
694.16
693.76
693.50
691.98
687.56
686.54
685.50
685.05
685.46
684.98
682.37
675.54
674.00
673.36
673.00
670.92
673.50
673.50
673.80
675.08
676.50
678.50
680.52
683.70
685.50
687.00
687.76
688.68
688.00
689.00
689.50
690.56
691.50
691.06
691.50
692.00
693.50
695.00
696.50
697.62
702.08
699.45
700.00
700.13
700.64
703.56
702.90
700.59
700.50
694.94
689.59
688.52
685.89
680.69
679.80
677.48
676.06
676.47
669.28
659.94
654.86
639.41
639.00
638.97
640.32
640.00
638.32
639.89
639.50
640.44
640.50
640.74
640.00
640.50
640.50
641.26
641.00
642.19
642.00
642.00
642.00
643.87
650.76
659.42
663.48
669.62
670.62
671.33
672.02
673.27
674.42
675.89
682.57
666.62
695.00
695.50
696.59
698.00
698.00
698.00
698.50
698.00
698.00
697.50
692.50
690.12
687.34
686.57
686.13
687.51
685.00
683.66
680.49
678.41
675.83
672.55
672.00
670.88
668.70
668.23
669.20
668.00
667.32
666.52
666.12
664.81
664.26
663.08
661.05
661.85
659.83
658.69
657.20
652.75
650.79
647.97
644.54
647.48
645.35
642.73
644.15
641.97
642.50
642.61
643.00
643.50
644.00
644.10
647.00
651.19
656.97
655.93
656.80
662.98
659.23
635.03
627.94
631.30
632.08
629.19
624.46
629.68
630.13
631.18
616.89
639.69
648.75
661.00
664.45
668.80
671.15
674.04
675.00
677.69
679.66
684.86
685.00
686.14
688.62
694.17
698.81
700.00
702.70
702.00
702.50
703.00
703.97
704.32
704.04
705.65
706.28
707.50
708.42
707.68
708.72
707.66
710.27
708.97
711.72
711.47
712.48
719.11
723.95
730.12
736.46
743.42
745.95
743.96
746.55
747.67
750.49
750.22
753.34
757.50
758.58
766.25
768.94
769.57
770.50
774.63
779.50
781.48
782.68
783.11
784.25
783.91
785.75
786.07
786.67
787.22
787.67
790.00
791.83
788.26
789.30
790.35
790.40
790.08
790.43
790.43
791.63
790.83
788.65
786.90
785.81
784.67
787.15
783.58
783.13
781.98
782.57
789.12
790.04
790.57
803.17
795.17
800.45
797.18
802.88
804.45
807.56
813.89
822.24
822.88
827.74
840.80
840.88
841.00
844.33
843.73
848.60
853.25
856.30
855.85
856.60
857.22
858.22
859.60
859.83
860.58
861.79
867.13
870.00
870.46
871.00
871.00
868.64
867.29
703.60
1580.19
1472.79
1055.11
752.81
841.75
863.84
865.13
867.90
867.93
869.66
871.74
874.38
875.48
878.20
882.45
887.98
896.22
901.50
905.67
905.78
907.00
906.50
911.53
919.32
921.68
925.95
925.83
936.98
940.74
944.27
946.18
947.75
956.89
966.03
969.82
974.00
977.52
978.74
981.43
981.79
984.41
990.50
991.07
992.73
994.37
994.08
994.79
995.54
1000.28
1003.45
1001.00
1000.14
1000.00
999.77
1001.22
997.19
998.68
998.68
1000.34
1001.32
1007.37
1007.94
1007.19
1013.68
1014.61
1007.53
1033.75
1038.67
1039.16
1043.97
1054.78
1056.30
1058.19
1061.52
1063.53
1069.92
1072.11
1074.05
1077.43
1077.50
1078.93
1079.00
1079.00
1078.61
1077.00
1073.95
1068.48
1068.52
1067.46
1066.76
1065.90
1065.40
1071.91
1075.23
1076.95
1074.00
1077.82
1079.07
1078.18
1082.30
1084.59
1088.62
1091.00
1090.31
1088.48
1089.00
1087.37
1086.12
1082.70
1080.24
1079.72
1078.60
1078.17
1077.60
1077.00
1075.87
1075.56
1072.00
1071.06
1069.41
1063.48
1064.32
1059.81
1057.55
1057.50
1055.62
1054.88
1052.92
1050.00
1048.60
1047.19
1043.71
1042.35
1042.00
1040.50
1040.00
1039.12
1040.50
1043.00
1044.24
1047.35
1047.45
1048.62
1047.00
1048.46
1047.91
1049.00
1051.29
1054.28
1051.97
1048.91
1037.30
1038.79
1028.69
1026.67
1023.20
1025.89
1021.10
1020.93
1007.13
995.31
995.56
993.00
993.85
993.42
993.32
993.17
993.50
993.50
996.00
994.50
995.50
995.53
994.96
995.00
993.04
990.00
987.47
984.20
982.05
977.23
978.56
979.48
979.36
976.71
977.90
966.28
951.48
944.00
938.95
936.27
931.19
932.51
930.56
930.74
927.42
926.87
924.59
921.52
923.25
922.50
924.53
924.41
925.50
924.83
923.77
921.57
919.33
916.48
914.50
913.39
906.52
892.87
893.41
891.95
878.31
876.09
869.52
858.78
849.24
849.12
838.17
834.54
824.91
820.41
795.65
819.97
819.00
793.90
820.39
829.33
831.55
837.97
831.50
837.52
838.74
834.77
841.49
848.35
829.76
825.61
857.03
808.53
830.23
829.00
845.49
842.41
816.50
826.70
824.82
808.11
818.85
804.57
812.46
798.38
792.73
787.40
784.61
776.38
770.08
757.20
767.74
763.22
757.44
753.50
751.00
750.00
748.00
747.00
718.85
746.00
746.00
746.50
747.00
748.27
720.12
749.50
717.59
750.00
749.50
746.50
742.73
741.52
740.34
734.80
735.52
716.35
726.78
717.60
704.33
699.61
692.74
686.48
687.25
687.00
683.36
678.47
677.21
654.89
671.27
672.93
640.89
674.39
675.00
675.00
674.50
674.00
674.50
645.24
676.50
676.10
677.00
678.35
678.00
678.50
678.34
678.11
678.00
676.90
677.50
677.46
672.32
667.77
674.91
669.45
630.94
588.66
648.00
596.36
609.82
616.89
603.72
627.94
608.41
605.08
573.93
564.71
598.96
612.44
616.00
616.00
615.77
597.74
613.26
611.62
611.60
604.28
591.75
604.96
606.80
606.46
606.02
617.29
617.05
621.20
624.59
627.86
628.83
629.62
631.74
639.12
643.00
649.31
630.19
654.85
635.69
658.00
658.85
658.00
657.70
655.00
645.20
645.51
643.73
642.35
639.89
637.02
636.58
634.45
630.50
627.81
624.21
615.77
614.00
611.50
611.00
610.00
610.50
581.45
610.50
610.58
610.89
611.50
611.00
603.77
601.31
598.48
598.29
606.57
598.32
595.46
599.23
592.48
592.56
584.84
593.52
602.94
613.88
617.97
609.96
610.85
620.92
620.97
621.00
621.00
621.15
621.66
621.00
621.39
621.50
622.00
620.26
620.00
617.78
619.50
618.00
617.50
617.50
617.50
617.50
616.93
617.00
614.55
613.92
613.00
612.50
612.78
612.27
611.00
584.14
607.37
607.20
607.13
606.13
582.96
606.06
605.86
605.54
605.91
604.81
607.50
603.09
601.48
599.73
597.44
592.72
592.00
590.78
586.54
582.53
581.20
582.12
579.89
576.35
578.96
572.16
571.45
570.35
569.25
567.79
565.61
565.26
566.53
537.35
569.50
572.38
572.97
572.97
571.00
571.71
572.00
575.50
575.74
579.90
592.80
601.30
607.83
612.21
613.22
622.29
624.80
623.42
625.16
629.40
630.21
638.66
640.27
638.50
639.32
638.16
637.02
634.64
633.02
633.00
630.00
623.85
621.75
619.69
618.00
617.00
616.00
615.50
615.07
614.93
613.81
615.31
616.48
618.34
620.76
621.50
624.15
625.00
631.71
633.50
635.35
635.70
636.17
641.00
642.50
644.62
646.00
651.41
658.76
664.09
665.82
668.85
670.62
670.72
672.61
674.92
676.65
682.00
692.00
693.42
696.00
698.62
704.08
705.77
707.10
707.46
712.26
713.10
719.23
724.13
726.92
727.15
728.54
729.61
729.76
731.21
732.80
734.62
734.88
735.66
734.68
739.09
743.25
743.00
746.50
759.00
748.67
754.32
738.84
758.39
763.50
761.66
766.47
769.86
773.40
775.50
780.15
782.97
787.72
790.50
791.29
792.30
793.00
793.63
793.00
787.39
784.07
782.92
780.74
775.28
852.28
972.41
1087.26
1216.47
822.97
841.72
747.42
733.00
767.21
767.07
781.35
787.00
793.43
792.32
794.18
795.45
795.64
799.72
800.59
807.32
814.00
817.39
819.28
819.50
820.00
820.00
819.00
815.28
813.04
811.50
810.50
807.21
808.00
807.50
805.69
812.00
812.84
818.62
814.02
820.95
822.80
832.08
840.98
854.23
863.00
890.85
891.64
908.63
908.36
915.78
911.37
912.38
916.88
920.29
924.27
922.50
923.00
922.04
919.50
920.07
918.50
917.50
875.14
914.00
913.48
912.50
911.50
911.09
910.93
910.43
909.57
910.50
912.41
918.59
926.00
924.91
924.51
926.10
925.87
926.45
929.73
934.64
938.00
942.26
944.62
914.30
944.19
946.95
945.85
944.12
948.72
943.00
942.95
942.39
941.00
939.00
938.00
937.50
932.50
929.50
927.00
925.91
919.73
916.61
911.77
907.56
902.35
893.92
888.12
888.44
886.02
884.86
879.39
875.27
874.45
875.33
875.50
875.50
875.66
876.00
876.50
879.61
882.34
882.33
881.81
886.16
886.30
888.33
893.14
903.16
911.12
916.50
917.47
919.00
919.21
919.53
920.29
920.95
921.92
923.50
929.54
932.26
933.50
935.00
936.91
938.00
938.50
909.46
929.50
927.90
924.44
927.24
920.58
925.70
916.23
922.79
909.88
905.86
876.45
867.27
846.77
848.37
827.94
838.18
828.30
822.52
826.24
825.56
821.45
820.00
820.00
818.77
816.97
813.94
812.17
810.50
808.27
809.16
807.69
807.58
806.24
800.97
798.28
796.62
795.00
793.50
794.38
793.74
793.00
765.52
794.26
794.52
795.50
797.38
801.10
787.33
779.36
760.16
744.20
782.31
766.87
765.65
788.45
771.01
758.34
759.25
754.85
762.26
767.69
768.83
768.41
769.04
768.36
763.32
759.26
754.42
748.00
745.04
742.88
738.76
739.72
738.25
734.20
731.46
728.14
724.53
720.45
719.36
717.30
717.87
716.59
716.05
716.70
716.36
714.65
714.87
718.11
722.50
722.66
723.83
725.48
726.73
728.03
706.87
729.76
730.60
731.87
731.60
733.57
732.00
730.25
717.38
711.82
708.68
707.03
704.73
702.32
702.53
699.21
694.87
690.83
689.87
688.22
678.93
676.50
676.00
676.00
675.50
676.00
676.00
676.50
677.69
678.89
678.46
679.50
679.10
680.50
682.12
682.00
686.12
690.50
691.19
691.72
692.50
692.50
692.21
692.33
691.40
690.00
690.36
689.94
689.43
688.33
689.00
688.48
687.50
687.00
685.07
684.07
682.95
680.45
675.85
672.07
671.79
672.00
673.20
651.15
673.81
674.50
674.12
674.75
674.56
674.00
674.65
674.71
674.50
676.00
676.23
675.84
678.00
679.04
678.28
677.37
678.07
678.00
677.13
678.84
678.50
678.07
677.67
674.53
663.36
655.69
653.23
651.07
649.79
644.79
639.44
636.61
633.12
629.55
626.82
627.84
626.88
625.71
627.00
628.46
629.51
626.39
629.85
630.13
629.59
628.50
634.41
635.50
635.30
637.00
637.00
636.50
631.70
626.50
621.50
619.50
617.39
616.53
616.00
615.11
615.50
615.50
615.50
617.61
621.26
622.30
623.85
623.86
627.07
631.35
636.26
637.28
639.89
643.05
654.25
652.43
652.50
656.62
654.50
655.36
655.65
655.46
654.73
650.93
649.00
647.24
647.59
646.00
646.38
646.22
627.82
647.56
647.06
650.55
647.68
652.91
653.20
653.60
651.40
654.21
654.90
649.35
653.61
645.14
647.32
639.78
639.37
637.21
630.08
627.50
626.57
626.64
626.00
626.00
628.50
629.69
629.72
630.50
631.75
631.32
631.18
630.50
630.50
631.00
630.50
630.42
626.50
624.46
622.32
621.43
620.00
619.50
617.50
616.50
614.00
613.71
613.50
613.59
614.26
615.63
623.08
627.17
627.23
623.82
623.87
628.68
632.67
632.14
635.08
636.67
650.44
657.52
657.67
658.74
657.70
658.64
657.90
654.00
654.61
653.71
652.69
651.00
650.00
653.05
656.08
659.71
662.17
661.34
662.17
663.30
664.80
666.70
670.81
674.50
674.00
674.00
673.50
668.92
663.72
662.27
660.70
657.90
655.56
652.83
651.24
649.28
645.65
641.19
635.03
631.03
628.44
627.06
626.07
624.07
623.55
624.25
624.50
624.42
629.85
634.03
643.03
647.56
652.09
654.77
658.14
658.48
664.13
664.92
666.08
667.88
676.50
682.00
683.00
684.00
684.00
682.50
678.50
676.50
675.50
675.87
676.00
676.00
676.50
677.85
679.27
681.37
680.69
680.79
680.97
682.65
681.85
681.82
685.38
694.67
698.83
700.00
699.54
701.45
705.50
704.61
708.67
708.74
720.48
725.06
734.30
735.57
737.28
739.60
720.00
744.00
744.50
746.50
748.50
752.00
757.86
764.33
768.89
770.67
770.83
779.18
777.77
777.21
784.30
788.84
790.88
792.00
792.00
792.50
792.81
792.50
792.00
791.50
790.42
791.00
792.50
793.50
794.00
795.26
795.61
796.20
797.10
795.07
795.10
796.00
797.32
796.00
790.75
791.00
788.90
790.17
1308.63
1362.24
1517.34
1387.33
948.77
895.20
798.56
800.23
802.17
802.77
803.43
805.05
811.50
814.74
820.10
822.00
822.00
824.79
826.66
832.03
838.41
846.63
855.50
860.80
863.19
865.18
869.03
868.05
870.55
869.00
873.77
877.33
880.13
880.64
880.00
880.35
881.32
879.83
883.27
891.37
885.88
886.92
884.53
890.15
893.07
884.61
881.12
880.35
881.37
879.57
884.81
869.29
865.00
869.94
868.87
869.50
874.94
878.09
879.88
879.26
878.50
880.50
878.36
872.72
873.33
870.94
869.73
871.62
871.94
872.74
874.76
870.12
869.41
870.79
879.84
887.23
894.15
896.36
888.88
898.65
890.50
898.81
903.50
911.07
912.74
913.63
913.50
914.00
913.70
914.00
912.67
910.65
909.20
909.29
1076.53
1000.88
956.67
884.87
900.06
899.73
896.02
889.26
885.12
851.04
883.28
881.93
880.10
876.50
874.42
873.50
872.12
873.00
873.00
874.00
874.92
876.77
875.00
875.43
875.50
877.58
879.27
886.97
884.44
885.42
884.12
881.00
880.05
878.57
874.50
872.97
873.70
873.41
871.90
870.31
868.41
865.59
859.76
855.11
848.79
849.33
848.13
840.66
839.69
841.61
836.83
839.68
836.61
835.91
835.03
838.73
844.50
843.17
845.19
849.00
849.71
850.50
850.50
850.50
851.00
850.50
850.50
850.50
847.58
837.77
812.43
827.34
822.54
820.14
819.35
817.35
817.04
814.00
811.25
805.77
805.50
804.50
804.00
804.21
804.41
804.50
804.50
804.50
804.00
801.65
801.00
799.50
799.41
789.73
785.52
780.10
774.84
772.34
772.15
773.76
762.76
756.90
753.90
755.00
747.72
745.00
744.00
743.10
742.50
742.50
741.50
740.50
738.11
737.00
737.00
733.26
735.74
733.58
733.55
734.00
726.96
726.12
722.48
721.68
721.79
721.14
725.29
727.31
718.36
717.29
714.31
713.55
714.48
711.97
715.61
710.45
710.70
710.56
710.54
709.06
710.07
710.27
709.00
709.17
708.97
706.44
705.77
704.95
704.00
704.74
699.93
696.52
685.45
683.74
683.22
678.16
680.74
675.79
674.98
677.46
681.48
680.00
679.49
681.50
681.35
683.66
683.67
685.00
686.00
687.49
693.44
698.00
698.50
700.50
701.50
701.50
700.50
700.50
700.00
699.50
699.94
699.50
699.00
699.00
698.05
695.52
695.50
695.50
694.50
693.60
691.84
690.89
659.36
685.00
682.84
679.76
679.45
681.75
673.61
668.88
668.85
671.09
671.08
679.38
675.41
675.93
683.36
686.56
686.25
682.36
673.64
1350.98
1081.03
695.17
692.36
691.32
690.50
690.27
689.89
694.58
692.11
693.00
694.39
695.08
697.88
697.08
700.47
703.00
708.00
708.62
710.00
709.64
710.00
709.50
710.00
710.00
710.44
705.96
700.42
696.50
697.00
694.90
692.77
692.49
689.50
690.47
679.11
670.97
667.49
657.68
654.39
653.03
650.38
650.29
649.67
644.04
643.00
639.50
638.00
637.00
635.00
634.00
632.77
632.00
631.85
632.00
632.90
632.50
632.50
633.50
633.63
637.00
637.34
640.00
640.50
640.50
640.17
640.71
641.00
640.50
638.97
637.87
636.00
635.50
635.50
634.58
635.96
635.50
636.11
639.19
640.02
642.19
647.48
650.18
647.41
655.84
676.38
681.62
688.53
689.66
676.96
695.77
680.45
697.58
696.61
692.42
688.50
682.52
679.43
680.10
678.45
677.60
676.50
674.59
672.21
671.08
668.35
666.30
661.71
654.49
653.90
651.63
649.40
650.53
646.88
648.95
647.89
646.81
645.88
648.85
650.80
651.05
653.21
655.00
655.94
660.11
666.21
672.18
676.38
678.04
681.12
680.95
682.05
682.46
682.50
682.00
681.64
679.83
680.12
679.67
676.97
676.03
677.42
675.12
671.81
666.29
664.15
637.36
652.32
651.62
650.77
649.26
649.36
650.19
650.39
651.75
652.48
652.24
655.00
658.25
662.08
661.50
662.88
663.93
669.00
670.20
673.65
676.34
676.59
676.97
677.86
680.00
681.00
684.00
686.24
689.39
691.00
692.67
692.50
693.00
669.61
692.59
692.20
691.50
689.42
689.00
688.00
681.97
681.34
678.75
679.00
677.97
675.14
673.63
673.35
669.57
665.05
664.38
658.17
659.23
657.52
659.83
662.63
663.94
664.65
665.05
667.62
672.60
675.50
675.14
677.60
676.50
676.68
676.64
676.50
676.50
675.88
675.22
675.88
665.68
633.25
639.35
637.62
645.00
640.06
631.77
639.60
619.32
640.49
597.22
582.11
619.36
638.65
642.50
614.24
643.00
643.00
645.00
645.50
646.88
649.33
650.70
651.03
652.50
653.44
655.41
659.09
664.23
668.63
668.82
671.31
672.00
670.74
670.79
669.86
669.10
669.00
665.05
663.05
663.12
659.11
657.78
657.04
655.64
653.19
649.29
649.06
649.00
648.50
648.00
648.50
648.00
647.80
649.10
648.67
648.67
659.68
665.30
669.98
672.54
674.98
681.21
685.37
675.05
688.19
675.45
691.48
696.33
701.00
702.00
702.38
708.93
711.71
712.04
709.11
786.41
1450.28
1500.26
925.83
1491.91
1562.87
861.84
712.00
711.07
711.15
712.50
715.53
714.80
713.38
714.29
717.37
723.33
718.07
729.33
729.55
731.67
732.89
735.86
738.90
739.52
743.57
744.91
750.46
755.00
756.50
765.85
768.41
774.70
777.66
784.52
794.36
786.37
799.25
796.95
798.77
801.62
803.28
807.00
808.00
809.50
810.50
810.50
808.43
804.97
802.51
802.02
800.79
799.81
799.33
798.50
797.64
797.50
796.00
793.08
792.19
792.50
792.50
793.00
793.00
793.50
793.65
795.00
796.50
761.33
798.28
798.54
801.00
803.88
805.91
807.32
807.50
808.94
810.97
813.48
815.00
816.78
816.46
816.91
817.00
815.92
811.70
810.50
807.85
807.00
806.17
807.26
806.14
805.85
806.50
806.50
806.78
808.16
808.00
812.88
813.54
817.32
818.07
828.89
836.72
841.88
843.62
843.86
846.67
853.75
857.63
858.15
860.12
860.50
861.55
860.77
856.59
855.85
851.12
846.45
844.05
836.06
830.77
826.82
826.52
825.26
824.90
824.50
823.62
823.46
823.26
823.28
824.11
823.16
820.38
815.95
816.03
812.80
810.98
812.32
809.67
814.10
811.11
797.92
783.67
765.59
752.13
750.27
749.07
749.28
747.93
748.00
745.31
745.83
744.89
744.23
743.73
741.11
737.20
734.74
733.96
730.58
730.20
721.08
713.26
705.24
703.00
701.77
698.50
697.00
694.38
694.05
692.50
691.00
689.50
688.64
686.89
687.00
686.30
685.00
682.76
682.00
679.50
655.21
679.00
678.50
678.12
662.14
681.78
683.34
683.50
683.00
683.80
682.55
684.46
684.53
684.18
685.12
684.76
678.76
673.34
658.51
657.48
657.79
651.07
650.75
641.89
651.03
635.54
627.68
617.25
607.83
599.94
