596.42
594.79
593.16
591.57
588.94
590.05
589.69
589.74
588.89
589.26
588.89
592.35
595.75
599.09
599.58
600.83
603.04
606.97
608.23
609.88
610.43
611.75
612.39
613.65
613.19
615.00
615.00
615.57
615.67
616.69
614.50
612.00
608.93
607.00
606.75
600.68
595.69
594.57
591.57
590.86
590.78
586.97
585.30
583.30
578.24
570.74
569.12
565.50
563.45
563.00
560.96
561.89
560.68
558.00
554.05
551.59
550.43
545.20
543.90
544.29
546.15
546.95
546.71
552.71
548.88
550.00
548.26
548.75
549.76
549.43
541.12
535.16
533.92
533.50
531.09
527.95
524.58
522.80
520.50
521.00
521.50
522.00
521.53
521.00
522.07
522.55
524.11
525.50
525.23
526.38
530.38
1092.40
975.17
531.94
533.52
538.00
542.44
545.38
550.00
552.00
552.27
552.91
552.90
552.00
548.00
545.78
543.29
542.33
542.00
543.23
547.42
549.06
551.39
554.12
557.90
557.03
558.36
564.13
565.91
567.00
572.39
580.57
582.70
590.08
590.23
592.70
593.85
590.39
594.91
602.34
604.43
589.82
601.74
556.62
603.43
596.14
593.12
589.57
587.00
564.04
585.50
586.17
581.50
578.50
577.00
573.71
569.00
568.34
566.50
564.94
564.50
564.59
564.07
562.03
559.50
558.50
558.50
559.00
559.50
565.50
565.06
567.50
569.72
570.50
572.53
572.70
575.18
576.40
585.51
589.65
576.60
582.67
597.92
607.77
600.28
614.91
611.25
612.54
612.41
607.41
651.75
676.65
675.48
675.79
674.81
675.50
674.50
670.81
668.40
666.79
666.53
665.75
664.67
665.89
662.56
662.07
661.83
661.12
660.73
659.92
660.21
658.50
656.54
655.86
653.71
650.78
649.90
648.75
647.83
646.00
646.00
645.78
645.75
646.00
649.28
650.16
651.00
652.46
653.86
654.32
653.20
654.00
654.53
656.14
657.00
660.30
658.78
664.76
666.58
667.10
669.29
671.39
674.42
678.12
685.24
687.21
695.68
697.24
698.16
698.34
700.92
700.90
702.00
706.97
710.43
714.28
715.93
716.64
718.27
718.23
718.22
716.71
715.67
712.96
711.96
710.13
707.74
709.31
708.36
707.43
707.23
706.25
704.50
704.19
704.00
704.50
704.60
704.50
705.04
705.26
705.89
704.73
705.00
705.00
705.00
705.00
706.00
706.14
705.12
706.00
707.11
706.00
704.92
705.50
706.00
706.00
705.74
706.62
707.30
713.97
717.52
715.64
720.27
718.93
718.24
725.12
717.11
725.59
728.95
731.69
733.45
732.52
734.23
735.63
719.43
740.63
741.66
741.87
741.86
741.23
743.43
743.00
742.12
743.08
742.02
741.87
739.32
738.48
736.36
732.59
732.89
731.22
729.44
729.33
732.68
730.88
733.00
734.00
733.50
732.89
733.59
733.50
733.17
733.00
732.13
732.00
732.50
733.00
734.00
735.10
735.77
735.74
738.00
738.00
739.50
745.00
746.58
752.26
755.49
756.53
756.03
757.81
758.80
759.14
760.14
761.72
761.40
761.00
761.00
760.50
758.26
753.28
751.00
751.50
750.50
749.02
749.52
748.40
746.89
745.83
743.11
743.70
746.73
748.50
749.24
750.90
753.00
754.15
755.03
759.50
762.79
764.50
767.59
766.00
766.50
765.50
765.50
765.00
765.08
765.00
763.00
764.50
763.36
762.87
762.00
762.06
763.28
768.73
775.48
785.72
792.91
793.63
795.96
798.84
797.95
799.23
800.98
806.24
795.10
823.97
833.59
836.30
837.81
837.96
840.15
840.43
842.89
844.45
846.80
849.86
853.17
855.61
856.70
857.84
857.10
860.29
859.00
858.50
859.00
859.50
857.75
859.50
859.00
860.05
859.00
859.56
863.56
866.84
870.00
881.25
883.24
885.70
893.16
897.71
901.76
904.31
909.81
915.25
919.37
921.78
900.75
924.08
923.00
922.00
921.00
920.00
919.21
918.28
915.94
914.41
913.69
912.43
911.62
912.50
914.36
916.65
919.12
921.50
924.00
925.00
926.00
927.00
929.00
931.81
933.24
933.04
934.50
938.68
939.26
942.04
946.08
946.29
963.32
962.02
963.55
963.21
965.42
961.95
959.15
954.63
953.34
951.81
950.72
944.40
947.91
941.00
942.00
941.00
940.42
939.00
938.50
938.00
938.44
935.50
934.00
933.00
931.00
929.70
927.00
923.00
920.58
919.00
916.91
914.50
913.44
912.96
912.50
914.00
915.67
916.89
923.16
925.02
925.00
928.89
928.24
929.00
931.89
935.00
937.00
938.77
939.59
938.50
937.28
931.50
929.46
930.33
930.39
923.71
928.72
922.06
917.80
923.09
907.12
894.26
884.85
880.86
874.00
870.03
867.00
864.55
863.85
861.66
860.06
859.50
856.69
854.62
852.00
847.88
842.24
840.25
838.85
837.88
836.84
835.18
836.23
835.47
835.18
836.28
836.33
836.00
836.25
835.67
833.75
832.92
830.50
827.31
823.67
822.08
813.49
810.62
810.74
809.54
806.34
807.12
803.11
799.50
797.41
794.06
791.00
790.50
789.50
789.50
783.95
779.27
775.64
770.40
767.02
762.02
759.65
746.88
744.53
754.05
743.47
741.32
738.37
726.47
707.44
701.51
701.83
698.60
699.20
694.35
690.63
690.74
690.53
681.29
669.38
669.46
667.37
670.95
674.14
664.94
664.73
644.48
647.20
666.04
645.11
636.45
652.67
636.39
618.20
647.72
640.06
642.36
653.93
656.09
667.93
668.92
672.06
671.49
670.35
671.30
671.65
669.81
667.96
666.86
663.96
663.41
662.50
661.96
665.12
669.11
669.27
674.89
676.63
677.97
677.29
681.39
676.81
681.62
683.32
684.55
683.55
684.08
679.23
681.05
677.82
681.00
679.37
678.69
648.00
672.00
670.71
670.42
669.39
665.50
663.00
662.50
656.85
653.43
651.84
648.76
648.75
646.50
642.55
643.82
625.86
622.36
641.86
641.00
641.10
641.00
642.03
641.00
642.23
641.18
642.00
641.75
642.00
642.00
641.50
641.50
641.00
641.37
642.00
641.52
640.50
640.50
640.21
641.35
641.14
642.00
646.80
648.29
649.92
651.65
650.59
648.95
648.42
651.08
648.53
656.72
661.14
658.87
663.40
663.71
658.80
667.60
651.50
675.74
678.17
683.00
684.00
684.50
683.32
680.64
679.15
677.50
676.48
677.61
677.00
676.67
675.04
674.00
673.00
672.91
672.19
672.33
673.72
672.50
672.00
638.11
671.50
672.50
674.04
677.60
681.00
679.65
683.10
677.56
683.70
678.62
687.51
692.09
698.41
700.56
700.55
699.93
700.03
675.90
699.59
697.29
695.92
693.69
694.03
690.17
683.77
682.09
655.74
647.87
675.58
674.00
673.00
672.12
672.00
672.36
671.26
673.50
674.00
675.72
677.50
679.97
679.71
680.50
680.50
683.50
688.00
688.57
688.00
689.16
689.50
691.00
691.72
691.50
692.00
694.00
695.97
698.47
699.50
700.23
703.53
705.15
706.06
708.32
712.90
717.71
723.25
727.81
732.45
731.38
736.68
737.21
737.07
738.94
740.73
744.00
746.19
746.50
748.09
747.55
748.50
748.48
750.12
749.55
752.50
753.50
755.00
756.43
756.54
757.50
761.03
758.65
733.15
764.81
763.80
768.20
768.69
766.50
767.60
765.50
769.07
766.92
734.70
771.95
741.30
778.03
784.11
775.20
801.20
806.44
808.70
808.50
810.26
811.91
808.23
811.27
815.50
819.97
823.64
824.34
822.88
822.14
821.63
821.05
820.50
793.48
820.43
821.00
821.48
822.92
826.26
824.75
832.53
837.42
831.37
837.83
835.48
843.14
838.88
841.57
838.17
839.72
839.58
838.21
835.68
836.32
843.70
844.04
846.12
852.62
856.59
867.92
868.32
870.00
871.00
871.50
872.00
872.09
848.14
871.00
870.50
869.50
869.50
870.00
870.68
871.00
879.34
887.33
893.45
893.60
896.90
897.94
901.11
900.26
902.61
906.36
917.00
924.52
919.00
919.25
919.00
918.44
919.47
919.00
919.62
920.00
919.95
922.09
927.04
930.69
932.39
932.07
933.50
934.50
934.62
934.29
934.52
937.97
941.26
945.76
959.09
962.97
972.24
974.98
974.85
981.13
980.61
982.61
982.44
982.86
987.14
993.29
997.43
999.95
1002.22
1003.78
1006.35
1007.04
1009.64
1011.44
1018.52
1040.42
1043.96
1024.24
1025.18
1030.27
1050.80
1054.74
1048.79
1160.71
1068.19
984.00
1229.52
1359.15
1392.14
1490.09
1611.21
1326.82
1251.37
1111.31
1115.43
1121.27
1118.67
1120.96
1130.53
1132.78
1134.96
1135.38
1135.16
1134.37
1131.90
1131.42
1130.24
1130.05
1129.00
1130.05
1129.22
1129.80
1132.50
1132.82
1133.08
1135.47
1136.50
1143.79
1147.77
1146.53
1152.32
1151.73
1158.00
1157.46
1159.77
1160.36
1161.00
1170.30
1171.75
1176.55
1178.50
1189.79
1190.48
1200.80
1202.68
1191.02
1212.73
1214.29
1220.59
1227.83
1239.04
1257.65
1260.67
1258.19
1265.52
1295.77
1281.13
1283.37
1312.98
1293.27
1313.29
1290.22
1295.08
1323.04
1327.15
1338.56
1341.06
1357.26
1363.86
1357.00
1388.33
1367.96
1369.23
1370.21
1392.34
1374.68
1401.23
1405.41
1415.05
1424.32
1415.70
1413.37
1445.23
1450.57
1455.96
1460.83
1462.92
1484.00
1491.95
1479.48
1456.44
1504.00
1510.08
1518.09
1484.41
1520.03
1527.92
1529.88
1540.31
1545.85
1568.87
1568.58
1570.06
1576.29
1585.86
1575.26
1588.49
1599.30
1612.96
1628.95
1637.78
1658.64
1665.69
1702.02
1663.66
1722.37
1730.66
1746.58
1742.35
1747.63
1751.33
1754.95
1701.48
1767.41
1769.04
1769.70
1773.00
1776.54
1779.78
1777.69
1790.21
1805.17
1782.80
1790.69
1772.30
1840.83
1846.60
1856.10
1844.98
1868.37
1877.22
1886.42
1897.70
1895.64
1871.30
1923.36
1932.33
1933.71
1939.37
1947.24
1956.76
1969.83
1977.20
1975.80
1984.20
1991.43
2000.60
1982.53
2018.33
2026.68
2035.88
2056.45
2055.19
2058.59
2017.57
2062.62
2071.45
2077.06
2050.59
2088.74
2088.68
2093.89
2126.17
2115.00
2127.32
2141.42
2148.05
2158.29
2165.02
2166.56
2170.60
2184.42
2189.07
2199.87
2214.95
2222.43
2248.00
2271.05
2282.24
2254.92
2304.23
2311.17
2313.26
2320.89
2329.03
2346.77
2346.21
2351.32
2356.33
2359.26
2319.72
2363.09
2370.60
2378.38
2395.00
2400.07
2413.50
2414.56
2416.49
2421.64
2425.77
2426.89
2425.98
2428.02
2435.68
2441.05
2446.83
2447.21
2446.62
2400.95
2462.32
2475.40
2486.86
2473.85
2510.90
2512.32
2520.98
2534.10
2522.35
2568.37
2563.76
2575.85
2591.55
2602.97
2617.91
2628.20
2636.49
2656.00
2657.78
2670.89
2670.86
2674.60
2692.04
2686.90
2691.50
2701.06
2708.11
2718.42
2730.24
2733.81
2736.23
2734.15
2737.12
2755.33
2750.74
2753.80
2753.84
2753.90
2758.35
2765.45
2766.38
2767.97
2770.46
2771.12
2771.70
2772.14
2771.29
2772.24
2772.00
2772.00
2771.69
2773.47
2774.27
2772.44
2774.00
2775.59
2775.56
2685.57
2776.53
2776.00
2775.72
2777.55
2685.90
2776.64
2776.00
2775.91
2778.00
2778.33
2776.46
2781.53
2784.30
2790.19
2793.93
2798.18
2802.71
2807.78
2808.48
2809.62
2466.35
2326.80
2769.67
2741.78
2747.82
2815.84
2738.92
2814.24
2813.78
2812.65
2814.73
2739.29
2810.88
2808.97
2808.35
2807.17
2805.90
2806.81
2803.00
2803.39
2803.95
2804.70
2806.59
2805.53
2806.50
2802.19
2810.00
2804.55
2804.55
2806.29
2805.28
2804.20
2802.59
2804.26
2804.78
2805.50
2804.10
2807.59
2806.78
2807.26
2806.76
2808.26
2807.00
2807.23
2807.42
2804.40
2809.00
2807.60
2805.77
2807.35
2809.04
2814.84
2814.79
2816.17
2819.13
2820.70
2822.24
2824.21
2823.11
2826.45
2831.50
2833.27
2832.16
2836.77
2839.00
2840.00
2839.93
2840.33
2840.08
2840.08
2839.50
2840.50
2840.00
2840.50
2840.50
2839.50
2840.00
2840.00
2839.82
2840.50
2840.54
2841.10
2841.00
2841.50
2841.40
2841.00
2840.50
2840.00
2840.14
2839.50
2840.00
2840.00
2841.00
2840.27
2839.71
2838.82
2840.50
2840.50
2840.50
2840.00
2840.50
2841.65
2842.25
2841.56
2843.47
2843.50
2844.00
2842.78
2843.17
2843.50
2842.57
2843.50
2844.40
2846.68
2854.46
2855.80
2861.80
2862.59
2865.00
2870.79
2877.41
2881.40
2882.21
2882.94
2892.43
2894.09
2893.81
2893.00
2892.75
2892.14
2893.00
2892.04
2892.29
2888.00
2890.47
2890.03
2889.29
2888.50
2887.89
2887.32
2888.39
2889.57
2893.06
2896.38
2895.17
2896.66
2898.29
2897.50
2895.79
2897.35
2897.76
2898.29
2901.09
2903.16
2905.56
2908.00
2907.00
2909.00
2908.00
2907.20
2907.50
2907.05
2907.30
2906.50
2906.56
2906.61
2911.39
2910.43
2919.00
2908.38
2843.40
2912.64
2934.86
2947.02
2947.74
2949.14
2954.60
2956.03
2958.33
2958.50
2959.13
2959.50
2960.78
2961.46
2961.88
2964.79
2968.29
2813.37
2967.50
2968.00
2966.29
2966.24
2966.05
2965.05
2965.38
2961.32
2955.56
2955.14
2908.25
2933.58
2929.70
2921.20
2916.00
2916.76
2915.12
2907.38
2907.05
2906.05
2907.65
2909.00
2909.24
2910.50
2910.11
2910.21
2910.50
2906.58
2907.68
2908.50
2906.35
2905.06
2904.50
2904.00
2900.13
2905.29
2897.35
2885.21
2851.19
2837.78
2828.93
2818.94
2806.85
2807.63
2799.91
2734.13
2777.06
2704.61
2774.26
2772.89
2772.38
2771.00
2771.64
2771.19
2676.31
2770.17
2768.76
2766.85
2766.00
2762.55
2661.48
2761.38
2758.38
2759.50
2752.20
2757.94
2748.62
2745.04
2733.79
2655.20
2696.80
2660.46
2621.53
2618.50
2590.61
2602.66
2549.18
2548.53
2536.01
2531.50
2530.04
2531.24
2524.81
2527.73
2536.94
2533.91
2555.69
2561.95
2559.79
2559.18
2561.37
2507.10
2556.23
2551.41
2543.33
2535.24
2527.02
2519.02
2516.60
2507.97
2502.28
2503.59
2460.81
2493.40
2483.42
2430.81
2472.51
2385.87
2316.38
2096.42
1816.70
2018.89
1821.27
2155.35
2254.20
2222.32
2381.15
2369.31
2356.31
2345.67
2336.69
2326.85
2319.52
2311.78
2273.12
2299.27
2289.65
2289.62
2284.53
2276.05
2219.76
2249.57
2242.33
2248.79
2236.54
2232.62
2226.06
2175.46
2193.36
2141.59
2160.96
2142.51
2137.91
2121.75
2120.04
2118.15
2105.10
2105.33
2104.54
2103.05
2096.42
2086.48
2081.07
2079.54
2073.13
2066.00
2066.35
2065.50
2065.16
1993.93
2059.45
2060.06
2055.22
2056.18
2053.17
2054.56
2045.44
1995.74
2027.74
2023.18
2012.00
2006.63
2003.64
2000.46
1995.28
1990.26
1988.88
1979.17
1970.18
1964.51
1926.86
1959.15
1958.61
1952.23
1947.05
1943.95
1941.14
1939.88
1937.71
1936.07
1936.11
1936.19
1938.75
1940.06
1941.16
1939.74
1937.52
1937.00
1935.34
1935.83
1915.05
1908.63
1905.18
1907.51
1901.71
1904.42
1897.97
1883.16
1872.74
1866.89
1865.00
1858.54
1840.00
1827.78
1827.76
1821.07
1825.14
1822.78
1821.46
1821.07
1812.18
1816.14
1813.26
1812.16
1757.35
1808.50
1809.31
1806.70
1807.00
1804.56
1800.69
1796.77
1798.82
1793.73
1790.27
1788.92
1789.67
1783.67
1781.82
1726.47
1771.33
1770.44
1768.35
1768.06
1767.85
1713.75
1766.48
1765.38
1760.86
1759.79
1757.37
1756.75
1754.05
1754.09
1753.73
1753.95
1752.94
1751.14
1739.50
1723.21
1714.71
1712.04
1712.21
1712.91
1718.43
1720.00
1721.00
1721.50
1720.71
1722.00
1721.96
1722.29
1720.31
1720.04
1719.35
1718.36
1718.44
1717.96
1717.21
1718.22
1716.00
1716.43
1716.20
1717.24
1717.95
1717.04
1720.48
1726.10
1722.70
1721.44
1723.94
1724.44
1748.43
1755.80
1763.07
1765.62
1768.53
1772.16
1776.85
1781.33
1784.32
1789.87
1790.78
1794.28
1800.81
1810.02
1811.97
1816.28
1800.40
1826.03
1840.18
1843.52
1846.79
1855.32
1863.48
1867.75
1871.87
1878.33
1880.54
1880.63
1883.72
1893.77
1893.20
1818.54
1898.00
1899.50
1900.86
1901.86
1901.79
1776.27
1900.88
1900.45
1901.06
1833.73
1907.04
1906.61
1906.89
1909.23
1910.89
1912.95
1923.51
1927.61
1932.25
1938.24
1938.33
1939.64
1941.46
1945.19
1948.85
1956.04
1963.61
1973.24
1979.71
1988.50
2005.48
2017.22
2035.60
2044.14
2041.10
2052.29
2063.15
2072.26
2074.00
2074.76
2048.03
2088.37
2101.72
2108.38
2114.57
2115.68
2116.85
2120.20
2124.28
2069.92
2125.00
2129.29
2134.09
2144.91
2151.11
2151.43
2154.06
2154.20
2156.27
2158.11
2161.03
2166.21
2166.72
2169.00
2175.82
2176.87
2179.50
2061.89
2181.50
2184.35
2121.28
2196.21
2205.52
2208.72
2208.54
2224.39
2223.70
2227.07
2227.42
2228.79
2230.87
2237.15
2240.42
2247.08
2249.41
2247.92
2250.44
2251.12
2250.47
2250.78
2253.38
2247.31
2249.81
2250.52
2251.07
2253.91
2253.59
2252.65
2259.97
2266.60
2270.18
2270.21
2274.97
2279.86
2287.30
2290.46
2289.62
2289.77
2288.69
2288.53
2287.03
2286.03
2285.50
2280.94
2275.56
2271.64
2270.05
2270.09
2266.91
2266.30
2258.96
2249.00
2239.67
2232.94
2229.00
2227.13
2222.67
2219.30
2209.30
2209.29
2207.18
2203.77
2199.79
2197.89
2198.15
2196.34
2193.92
2197.13
2196.07
2135.44
2199.20
2197.58
2195.36
2200.81
2195.47
2197.89
2195.52
2192.22
2206.75
2155.95
2128.93
2109.57
2082.52
2079.00
2070.28
2067.26
2060.50
2057.58
2048.15
2050.63
2051.88
2050.00
2033.27
2023.55
2013.92
2005.28
1995.75
1993.72
1998.42
1998.76
1987.79
1982.29
1971.58
1973.38
1957.34
1943.57
1929.43
1918.41
1909.99
1907.78
1894.87
1884.30
1867.24
1866.37
1850.04
1838.30
1840.75
1810.56
1826.52
1818.51
1816.27
1813.15
1809.95
1808.08
1791.42
1776.25
1766.03
1736.17
1715.35
1705.83
1694.56
1690.07
1666.09
1668.58
1664.79
1662.22
1615.70
1549.14
1539.29
1533.77
1523.79
1524.68
1538.22
1526.23
1530.15
1522.21
1506.82
1506.80
1496.40
1506.36
1503.55
1476.96
1483.85
1476.84
1467.13
1461.57
1446.30
1443.46
1423.43
1408.03
1393.06
1371.13
1378.61
1356.96
1357.04
1346.73
1327.49
1321.49
1304.10
1295.18
1284.49
1268.31
1266.86
1264.51
1260.74
1256.07
1247.38
1240.87
1213.92
1215.79
1202.84
1196.74
1177.70
1189.83
1183.52
1165.64
1172.65
1151.66
1141.91
1137.53
1131.14
1121.66
1114.06
1090.60
1106.49
1101.98
1099.64
1092.64
1090.04
1082.47
1076.00
1070.28
1055.11
1044.52
1028.69
1019.40
1017.53
1036.79
998.85
999.30
983.38
979.46
971.51
959.91
947.33
939.91
925.24
923.18
899.18
891.57
884.53
890.28
881.50
877.00
875.35
873.00
872.00
871.06
870.50
869.83
869.00
868.32
869.08
870.13
868.50
868.44
871.25
870.91
869.19
868.82
868.00
862.50
862.33
856.33
852.79
852.69
856.56
853.69
851.48
849.91
842.23
836.12
831.95
830.61
828.30
826.65
823.58
818.52
815.50
812.00
807.87
806.78
805.35
805.33
804.82
803.10
801.13
798.30
794.00
793.83
793.58
793.77
793.50
793.48
794.00
794.68
795.10
796.00
796.00
796.50
796.26
796.17
795.81
794.83
791.61
790.00
789.00
789.77
788.50
789.57
788.92
789.58
789.72
790.05
791.50
790.50
790.00
790.50
789.83
789.50
788.50
786.65
782.04
784.00
779.15
779.62
782.56
778.55
770.38
758.46
760.60
1017.77
1270.41
1531.60
1303.28
1032.21
735.36
732.50
728.75
728.14
727.79
725.88
724.93
724.56
725.67
725.15
725.39
725.00
728.29
730.84
731.08
732.41
732.00
732.46
734.04
734.40
734.85
735.79
733.79
734.75
735.50
735.07
733.78
730.58
730.28
727.54
726.95
726.41
724.74
723.84
709.40
707.39
703.65
699.65
697.56
700.02
699.88
699.91
697.50
695.78
690.12
684.88
684.46
684.50
684.63
685.32
687.06
686.97
686.88
687.00
686.00
685.50
684.09
682.21
678.57
678.00
675.63
671.29
669.14
668.50
668.50
669.00
669.00
669.50
668.50
669.00
669.19
668.95
668.50
668.50
667.50
666.47
666.00
664.00
662.82
661.47
662.07
661.42
662.78
665.24
665.58
664.85
664.08
662.88
662.57
663.63
661.27
659.87
658.83
657.17
655.94
655.18
653.24
647.69
647.87
643.54
635.29
637.43
634.22
631.07
633.19
627.72
620.19
615.56
608.60
591.45
584.07
583.62
582.53
581.62
581.62
578.59
575.81
573.00
571.89
570.24
568.50
565.75
565.50
564.86
564.26
565.00
564.77
565.08
565.50
565.85
566.50
567.04
571.95
577.18
573.03
558.74
571.93
572.00
575.85
573.97
573.94
573.32
572.03
571.95
571.40
571.37
571.40
571.20
568.82
566.50
564.00
561.50
560.86
560.19
559.00
559.10
559.29
558.69
558.50
557.59
557.85
540.72
556.79
557.50
560.44
562.11
563.13
562.28
562.48
561.96
563.05
562.14
562.60
562.24
561.50
562.45
562.43
559.62
557.74
554.00
553.33
552.00
550.44
549.93
550.00
548.92
549.00
549.00
547.50
546.07
546.50
546.50
547.50
547.22
548.00
546.18
547.50
544.25
544.55
541.08
536.79
535.47
534.94
527.45
514.16
505.38
505.56
500.96
496.88
496.91
495.02
485.27
483.58
483.90
483.95
478.86
491.82
481.92
489.55
495.64
504.30
503.61
523.52
515.73
517.94
516.38
520.25
530.81
535.27
544.26
548.44
555.32
555.50
555.50
555.50
555.48
555.00
555.00
555.00
550.72
548.21
548.19
546.00
537.17
534.38
529.14
525.50
524.47
523.50
523.00
521.38
520.55
521.29
523.00
520.39
521.60
521.00
519.50
517.41
515.21
514.29
512.76
513.30
514.00
513.44
513.90
515.54
515.94
516.34
518.17
519.11
520.96
521.67
524.83
523.00
534.97
527.63
538.09
537.32
544.85
550.66
552.88
556.39
560.00
561.00
563.57
565.77
503.36
501.37
522.12
501.86
512.59
540.00
498.69
496.64
519.98
508.71
555.57
570.00
569.67
571.32
571.29
572.00
573.42
577.00
580.70
581.50
582.00
582.00
582.50
581.00
579.50
578.50
578.00
577.00
576.68
576.05
576.81
576.50
576.50
576.50
576.30
576.50
576.50
576.50
576.50
579.19
581.39
583.90
586.58
592.86
600.52
602.83
603.73
607.80
609.71
610.27
611.83
612.68
612.93
611.49
612.82
610.67
609.82
608.22
606.67
602.92
597.64
596.32
596.50
596.35
596.05
597.80
597.71
600.96
602.15
601.40
602.25
602.61
602.15
610.10
602.18
601.81
603.07
602.52
601.97
602.50
602.43
605.33
608.49
612.02
615.64
616.61
615.31
617.26
614.76
612.82
613.04
622.69
642.19
648.55
656.83
669.00
672.57
670.04
672.00
673.45
677.47
674.79
674.00
680.00
677.68
681.08
680.00
683.10
680.50
680.50
680.29
680.00
680.50
681.83
681.00
681.53
682.21
682.00
682.50
684.00
684.73
686.00
687.00
687.50
688.00
687.50
687.56
688.04
687.00
687.00
686.57
688.00
689.00
690.80
688.56
689.00
689.50
688.94
692.12
694.14
695.50
698.57
700.57
700.50
700.00
701.00
701.42
701.43
701.96
701.50
701.85
701.50
701.50
700.04
698.94
697.17
694.22
692.68
692.92
693.56
693.24
693.00
692.00
691.57
689.94
689.57
689.32
689.64
689.77
690.36
690.32
687.61
688.13
689.75
686.96
685.50
684.59
684.00
684.97
687.00
689.23
690.00
691.00
691.00
691.00
691.47
688.50
686.50
686.79
684.84
682.00
681.00
679.75
680.48
680.25
678.29
680.52
680.86
683.16
683.83
685.86
686.46
685.89
689.26
687.12
692.00
693.03
692.71
694.50
694.39
694.18
693.00
691.27
686.10
681.32
674.81
675.68
669.44
668.88
654.68
658.26
654.94
655.40
654.90
653.54
653.19
654.14
654.44
655.25
655.54
660.27
659.21
656.93
657.74
656.59
652.04
650.86
649.61
646.00
646.00
645.50
644.50
644.00
644.50
613.60
644.39
643.71
641.75
635.91
632.98
639.92
632.54
631.12
628.23
629.86
629.26
626.91
622.95
617.00
614.97
609.30
593.31
608.41
593.10
607.39
605.09
600.75
585.64
588.77
583.00
583.00
583.00
582.00
581.50
581.13
581.00
580.00
580.12
579.50
579.00
578.50
579.29
593.35
599.21
601.55
602.20
602.35
599.96
604.94
607.39
607.88
612.38
619.40
619.50
620.45
618.21
612.00
608.50
606.76
604.31
605.84
602.16
601.93
600.07
677.15
593.70
591.15
550.15
592.00
1347.50
1519.76
742.70
774.26
583.74
603.54
587.05
597.67
599.84
595.79
595.12
595.61
594.91
594.04
592.38
591.94
591.25
589.09
586.59
583.52
583.02
580.80
577.61
578.41
575.92
572.36
572.03
568.85
548.71
567.95
566.50
566.96
564.50
561.00
561.14
556.63
542.43
552.32
540.72
556.34
551.28
548.29
545.23
540.91
536.57
537.35
536.93
537.29
535.61
534.60
527.88
524.64
523.47
518.66
516.05
511.05
506.63
503.50
489.03
498.50
495.57
485.71
481.00
472.69
468.10
463.04
461.24
462.49
454.56
451.65
453.23
452.07
450.50
449.00
448.15
446.50
445.06
444.74
442.74
442.50
442.50
441.71
441.50
441.42
441.90
442.61
444.00
445.32
445.50
446.00
446.97
448.00
448.50
449.00
449.43
449.00
447.68
445.50
444.88
444.50
444.88
444.75
446.00
446.15
447.15
449.59
448.80
449.50
449.82
450.00
451.00
450.92
452.00
452.37
450.17
448.00
447.00
443.00
439.12
438.00
437.50
437.00
436.50
437.00
436.00
435.50
435.00
432.28
431.88
428.62
422.68
432.15
408.34
403.95
399.75
397.98
394.15
389.41
387.85
387.00
387.00
387.17
387.24
385.56
387.82
387.63
388.80
389.24
391.73
391.93
395.79
399.18
399.77
398.36
398.59
394.33
395.30
367.70
369.77
371.60
374.97
350.14
356.18
350.55
381.62
386.88
361.15
361.79
364.25
376.54
382.50
382.74
384.50
386.19
386.38
386.00
387.39
388.06
385.63
383.50
381.21
379.49
378.50
378.50
381.86
379.47
377.30
376.88
377.90
377.28
377.43
381.08
382.74
382.27
389.00
392.53
394.10
396.00
396.19
396.70
395.52
396.89
399.50
399.00
398.58
399.38
401.00
399.54
400.50
387.83
400.50
400.50
400.50
400.50
400.00
400.50
401.00
400.92
401.05
400.91
400.00
400.72
399.50
398.00
396.50
395.69
392.50
391.54
390.00
389.00
387.52
384.00
382.30
380.87
379.50
379.00
379.08
377.59
377.00
376.50
375.50
374.50
363.55
374.00
375.41
378.80
379.55
386.25
391.29
396.09
399.39
399.03
405.87
408.97
414.91
422.20
433.95
437.68
436.49
435.87
436.16
435.14
435.00
432.89
433.21
432.68
432.42
420.32
433.00
433.50
434.42
435.50
436.00
435.50
435.50
436.04
436.00
437.00
438.18
437.50
438.00
439.00
439.50
439.95
440.00
439.50
437.74
437.00
436.46
435.83
433.58
432.22
431.54
430.05
428.95
427.06
423.82
422.05
420.54
423.95
426.80
433.67
433.97
436.03
434.64
432.79
437.49
435.58
436.49
437.18
438.68
440.00
440.67
441.61
441.26
439.44
437.75
435.38
436.75
435.44
434.87
430.04
425.21
423.46
418.08
414.57
413.36
413.69
413.54
412.08
411.88
411.30
411.33
411.07
411.41
411.94
399.48
416.05
420.81
421.25
423.00
431.42
438.05
440.64
442.54
443.61
445.55
447.56
450.87
453.80
455.96
457.37
467.15
470.88
473.55
475.03
476.08
476.93
476.36
475.17
474.10
471.83
471.55
471.35
470.42
469.21
469.88
469.15
469.00
469.00
469.64
469.38
468.88
469.89
469.58
468.84
468.79
468.26
467.12
466.55
463.09
459.00
457.62
458.61
456.61
453.27
455.85
452.06
451.89
451.63
450.75
451.94
452.79
451.49
450.89
452.22
451.50
451.94
452.12
452.97
453.20
451.00
451.00
450.78
447.67
448.38
447.50
450.00
447.14
447.28
440.45
441.23
438.47
438.62
440.07
438.00
439.95
443.15
448.00
450.19
451.18
452.50
453.00
452.60
451.60
455.50
456.50
458.27
459.38
458.50
457.30
456.50
456.00
455.16
455.60
456.17
456.00
456.00
455.50
455.50
452.22
447.50
441.95
441.00
439.93
438.00
436.26
435.62
438.97
437.50
436.94
430.58
431.55
435.94
437.44
444.24
443.26
442.71
444.20
444.00
446.46
449.00
449.95
451.39
452.03
451.87
451.68
451.27
451.92
452.00
451.42
451.34
452.36
452.16
451.96
461.86
458.54
460.63
463.09
464.80
472.94
475.33
476.65
478.77
480.22
481.26
481.08
481.59
481.71
479.69
478.13
476.19
474.76
472.42
471.67
470.17
465.50
461.00
460.00
458.50
458.31
457.50
458.00
458.23
458.50
458.89
458.96
459.44
459.50
460.79
462.67
463.68
445.17
463.86
462.18
462.17
461.71
462.83
471.57
476.22
481.17
479.78
482.26
483.85
485.14
489.05
499.28
503.28
505.25
506.56
507.79
507.76
505.50
504.61
505.00
504.12
503.47
502.25
500.74
499.51
495.84
493.41
489.62
492.36
490.35
488.13
487.61
484.98
483.85
478.10
482.41
469.38
465.27
463.15
461.52
460.86
460.33
459.54
462.03
459.05
458.52
461.48
459.92
459.55
459.45
457.50
457.48
457.62
456.17
456.00
451.95
451.04
449.89
448.50
445.50
444.50
444.00
444.77
442.63
443.00
442.50
441.88
440.22
440.00
440.50
442.00
443.50
444.00
445.00
449.00
450.50
567.56
453.00
453.34
453.00
451.03
448.11
449.34
444.00
444.98
443.29
444.95
442.50
436.27
427.22
418.59
410.88
404.09
403.44
389.71
399.71
396.88
395.18
397.08
354.79
361.32
348.40
345.95
346.87
375.13
363.16
429.97
460.15
788.55
605.81
660.65
434.68
395.17
402.90
404.43
415.70
414.56
416.02
417.98
416.64
423.03
424.65
428.09
430.15
433.76
432.82
434.00
435.17
433.50
429.75
423.50
422.48
423.14
420.00
418.89
408.95
405.05
404.80
403.50
403.50
403.75
403.76
403.50
405.19
405.11
406.80
408.57
408.67
407.81
409.00
406.97
402.40
400.08
397.41
394.76
395.85
393.98
390.84
388.52
386.61
386.21
380.42
381.26
380.50
379.50
379.43
382.88
382.90
380.66
380.10
380.09
378.85
381.83
378.48
374.77
370.05
361.59
353.44
348.50
345.64
345.71
344.50
344.50
344.00
344.00
343.50
343.00
342.50
342.00
341.50
341.50
342.00
342.00
343.00
343.00
343.12
343.93
343.50
343.46
344.00
343.50
343.50
341.00
341.00
339.42
337.56
337.96
336.50
334.64
334.48
332.67
331.33
327.41
322.00
318.25
317.71
317.50
316.81
316.38
314.67
315.50
315.00
314.52
317.36
320.81
322.10
322.36
323.71
329.33
316.67
330.30
340.83
353.29
374.05
382.81
391.73
394.13
401.49
406.14
408.71
412.80
414.48
414.89
415.00
414.92
412.70
408.59
407.29
406.96
404.88
404.34
402.31
397.85
396.64
392.15
386.77
379.00
376.12
373.00
371.50
371.50
370.68
371.40
368.75
369.00
369.50
368.50
368.27
367.50
369.14
370.00
357.50
370.86
372.00
372.85
373.81
377.39
379.00
381.50
383.50
385.00
381.43
393.47
394.02
396.39
401.21
406.17
414.09
421.11
422.97
423.18
428.62
432.58
433.43
433.83
434.27
433.32
434.50
435.41
435.72
436.56
437.50
437.74
436.86
439.00
436.60
439.00
440.14
440.00
439.72
440.48
440.18
437.83
436.00
434.00
430.50
430.50
430.00
430.00
430.00
429.33
429.00
428.00
427.68
428.40
428.00
427.00
424.13
422.65
423.55
420.35
416.17
421.00
421.12
412.03
417.00
412.86
422.00
423.00
417.53
426.50
424.19
426.76
426.94
428.50
427.05
429.50
428.89
429.00
428.95
429.04
428.11
426.30
425.86
425.71
424.60
424.27
425.00
424.38
418.71
420.89
418.88
423.50
427.50
430.49
434.43
435.73
436.50
436.00
436.00
436.30
436.74
437.00
436.64
435.50
435.50
435.79
433.11
430.08
429.41
426.84
421.12
416.29
413.88
413.88
413.69
413.69
414.50
414.40
415.20
415.79
415.50
414.73
414.00
413.95
413.89
413.55
413.83
413.30
416.74
418.62
419.00
418.29
419.00
419.85
403.41
425.23
491.21
430.82
431.00
429.94
430.11
430.50
433.00
433.50
433.50
433.66
432.05
433.50
432.71
433.81
433.33
432.50
431.19
429.00
427.29
422.90
418.11
415.61
409.75
401.42
397.24
395.46
392.85
393.50
392.50
392.00
390.53
387.56
387.00
386.50
386.50
387.39
388.00
389.00
390.64
389.50
389.50
389.85
389.09
388.00
387.50
386.00
385.50
385.50
385.00
384.00
384.45
379.15
375.38
373.81
373.08
374.14
371.27
368.94
368.26
368.05
369.73
367.14
357.36
339.24
353.00
331.33
353.21
353.31
352.75
351.83
349.93
349.71
344.09
342.52
339.64
336.78
336.03
336.09
334.50
334.48
333.50
333.74
333.50
333.04
333.64
336.67
338.68
341.18
345.00
347.07
354.33
354.59
357.76
358.86
361.41
367.41
371.70
372.00
370.79
371.56
369.19
365.81
360.54
357.27
355.38
353.07
347.31
344.49
337.89
338.24
331.91
327.83
326.86
327.00
326.00
325.50
326.08
325.36
326.50
326.50
326.00
326.00
314.79
321.50
320.10
317.38
317.68
317.03
316.76
317.00
319.08
325.07
325.39
324.02
325.33
325.86
327.44
329.50
328.53
335.15
339.19
343.46
346.42
346.30
342.64
344.45
339.10
337.03
330.94
324.43
328.58
328.14
322.04
328.81
324.78
329.43
334.44
312.75
316.33
324.74
333.74
335.63
336.72
341.47
342.11
342.97
341.83
344.83
350.83
357.54
357.00
354.67
356.57
356.12
356.24
351.88
352.79
349.35
347.60
347.90
344.76
347.38
335.82
345.67
346.30
347.10
348.00
348.74
354.35
357.59
359.39
363.61
370.32
375.14
375.00
375.50
375.50
379.05
382.44
386.57
385.46
390.00
392.95
398.03
398.84
398.50
398.26
401.91
400.30
399.50
400.78
395.22
392.26
390.50
387.97
389.68
388.93
388.06
385.24
385.44
384.95
385.85
388.50
389.00
389.04
391.78
391.27
389.19
392.49
399.05
406.88
412.94
417.90
419.23
421.27
420.26
407.58
414.63
408.45
404.67
403.80
402.33
400.30
400.91
391.72
395.34
394.85
394.50
394.50
394.50
395.00
395.07
395.59
397.00
396.50
396.04
398.80
401.32
408.65
410.83
412.07
415.41
418.96
425.23
427.91
431.32
431.46
430.83
429.22
428.00
423.64
415.65
416.12
414.03
412.59
407.59
400.56
395.50
392.78
390.00
388.59
387.79
386.58
387.00
386.42
386.43
385.00
385.10
385.93
387.00
389.74
391.31
393.00
392.50
388.07
390.25
389.83
611.78
523.54
502.00
495.57
389.00
382.88
381.54
379.13
378.62
376.69
376.50
373.93
376.89
379.09
377.46
376.84
379.71
379.00
382.61
381.69
381.63
381.71
380.78
378.38
379.63
377.54
377.32
376.11
376.53
372.48
368.65
368.00
367.00
367.00
367.00
367.20
366.00
366.00
366.00
366.00
366.00
365.95
366.50
368.20
369.00
369.00
369.76
369.72
370.50
370.00
369.75
369.12
370.19
369.00
367.00
366.43
367.48
361.00
357.55
364.11
360.73
361.00
360.91
361.64
366.00
373.00
374.97
378.25
379.52
378.92
382.71
384.37
385.09
382.16
389.44
392.00
396.52
397.23
399.50
399.50
399.00
401.52
410.77
414.98
417.11
417.41
418.35
427.32
428.66
429.43
433.03
433.00
432.29
431.50
431.50
431.00
432.14
429.50
428.00
428.00
426.50
426.00
425.41
430.00
431.11
432.50
432.38
432.50
433.03
431.78
433.50
432.62
433.00
434.00
434.50
434.00
433.68
434.10
434.50
432.11
431.19
432.19
433.67
438.81
443.00
447.20
448.96
460.17
470.44
474.80
478.08
480.21
480.06
486.43
496.19
497.68
498.95
499.86
499.00
499.50
501.73
501.00
500.94
500.00
500.38
500.00
500.15
503.52
505.50
507.47
510.38
511.49
512.27
513.50
516.23
522.27
528.30
531.70
540.95
546.90
548.63
554.73
556.29
559.56
560.21
563.56
563.33
551.45
564.02
564.03
562.52
564.05
562.60
560.00
560.87
562.66
556.22
555.33
552.00
552.00
550.07
550.35
551.50
551.50
553.00
553.61
551.96
553.87
553.50
554.45
554.45
554.00
555.00
555.00
554.71
554.50
554.50
554.50
554.50
554.50
555.00
554.50
554.00
553.50
552.50
552.00
552.88
550.53
522.26
549.28
549.00
549.00
549.73
549.00
549.62
552.10
556.07
557.34
555.61
557.77
558.58
557.75
559.34
561.07
564.17
565.32
568.04
567.77
566.26
562.19
562.61
559.61
557.51
552.04
546.66
541.42
533.15
531.92
528.43
519.80
513.51
509.54
508.48
509.69
508.24
509.29
509.81
511.00
510.59
510.63
513.50
519.36
527.97
533.25
534.50
547.29
548.88
550.31
551.76
534.36
550.41
548.17
540.29
535.30
526.39
530.33
521.63
523.86
518.83
519.63
516.91
514.03
510.81
507.94
500.86
496.93
494.32
490.03
485.40
479.59
482.27
480.23
479.79
476.09
474.84
467.82
466.15
462.55
461.82
461.00
461.35
460.00
458.38
457.50
455.00
455.50
452.77
455.27
452.12
451.26
448.62
440.38
442.10
435.32
416.91
346.11
344.70
336.40
352.03
339.78
348.49
336.85
347.72
328.53
331.78
315.18
322.91
351.82
356.48
357.05
356.57
356.29
355.00
354.05
353.44
353.37
351.87
347.00
345.14
341.83
338.30
336.87
334.62
336.30
338.39
338.74
341.76
341.42
339.91
341.60
344.65
345.27
345.79
348.00
347.75
348.31
349.79
350.24
347.10
347.35
342.60
341.19
337.80
332.11
326.11
321.22
319.74
318.50
317.45
315.46
314.50
314.44
315.00
315.00
315.00
316.50
320.38
323.37
322.50
322.50
322.50
323.50
324.50
330.97
332.00
335.00
337.00
338.50
339.50
339.50
340.00
339.50
339.50
339.50
337.74
335.04
335.40
333.66
333.97
332.48
327.83
323.45
320.19
308.67
305.66
304.36
302.53
302.62
298.57
288.49
280.36
276.17
272.05
268.33
264.50
262.70
262.98
262.00
260.00
249.85
253.77
252.50
252.00
251.50
252.00
252.71
254.50
248.67
265.83
268.50
269.59
269.34
269.27
270.50
270.55
279.04
286.14
292.86
303.24
303.46
306.32
309.88
313.37
315.29
315.83
316.00
316.00
315.31
315.91
313.95
312.79
311.13
306.95
305.47
304.50
302.10
301.79
288.32
291.66
288.77
289.25
286.11
295.58
298.11
307.06
317.41
319.48
321.25
321.78
323.53
322.00
322.60
328.75
331.00
333.03
333.62
333.80
334.50
334.61
323.56
332.00
331.00
330.00
330.50
330.50
331.00
334.33
325.50
336.07
337.00
338.87
340.23
340.43
344.55
344.83
347.65
349.14
350.04
350.48
351.17
346.73
346.67
345.03
341.96
341.82
342.30
340.19
338.83
337.35
336.50
336.68
337.00
336.50
338.35
339.25
339.90
342.29
345.74
353.00
358.73
359.02
356.14
360.93
366.15
375.95
375.50
376.45
379.11
386.06
396.69
399.46
400.37
401.19
401.66
402.18
404.47
407.98
415.42
421.59
431.46
434.79
434.71
435.64
436.00
436.00
436.50
437.33
439.15
440.50
441.84
443.00
443.00
443.00
439.93
437.10
436.24
432.51
431.88
429.57
428.12
424.40
424.26
418.36
412.48
411.10
411.00
410.69
410.54
414.29
415.67
417.22
419.19
