995.52
993.76
995.18
997.38
1002.52
1005.28
1007.10
1012.72
1019.12
1025.31
1028.26
1027.15
1029.34
1033.40
1034.51
1044.86
1049.15
1053.98
1055.00
1063.37
1066.49
1068.40
1073.66
1076.61
1077.90
1081.47
1084.64
1091.12
1095.60
1097.50
1097.56
1098.50
1034.47
1294.72
1459.88
1598.33
1144.93
1273.21
1120.18
1121.13
1127.18
1131.81
1130.24
1132.38
1137.76
1138.44
1148.64
1144.06
1151.13
1154.89
1155.79
1155.95
1156.00
1153.86
1155.44
1154.39
1154.50
1154.62
1154.50
1274.50
1156.50
1157.50
1164.88
1167.57
1168.00
1171.75
1160.06
1173.37
1171.31
1181.98
1183.04
1186.97
1194.00
1199.59
1202.00
1204.71
1204.40
1299.68
1205.56
1208.53
1211.50
1211.50
1212.50
1219.12
1221.21
1222.00
1222.80
1224.00
1225.88
1191.06
1199.22
1226.79
1228.48
1229.13
1233.63
1236.80
1242.00
1242.50
1244.15
1248.10
1252.12
1256.31
1259.87
1264.53
1267.02
1268.69
1269.69
1276.06
1280.37
1280.22
1288.79
1291.62
1294.23
1298.69
1297.10
1297.00
1298.62
1297.64
1298.41
1297.24
1297.10
1297.00
1297.00
1242.70
1297.00
1298.00
1300.42
1302.00
1302.50
1302.75
1302.50
1302.00
1299.96
1299.00
1298.00
1297.50
1297.24
1295.78
1297.09
1297.33
1291.52
1289.71
1285.50
1282.00
1281.00
1281.43
1279.50
1278.58
1278.00
1276.50
1276.00
1273.86
1273.43
1268.64
1268.77
1261.88
1260.00
1224.26
1258.41
1258.07
1255.26
1250.50
1246.53
1241.61
1235.98
1236.67
1237.92
1241.07
1237.69
1226.85
1215.20
1209.40
1200.73
1172.84
1187.16
1185.76
1183.12
1148.03
1180.53
1179.00
1176.86
1174.50
1174.33
1136.88
1171.87
1172.48
1173.50
1174.00
1173.50
1174.00
1173.50
1173.00
1172.00
1170.50
1168.47
1168.69
1169.17
1167.00
1165.88
1158.64
1153.84
1141.45
1122.32
1103.17
1112.07
1109.00
1105.35
1104.65
1105.92
1099.90
1089.06
1070.76
1060.80
1053.87
1094.00
1045.53
1026.39
1012.91
1030.28
1011.08
1025.70
1026.24
1020.15
1017.04
1012.15
1011.74
1010.50
1012.76
1010.56
1010.00
1010.50
1010.59
1010.78
973.67
1012.42
1012.76
1013.95
970.95
1014.10
1014.53
1014.11
1008.12
1006.32
1005.55
1005.23
1004.00
1002.90
998.45
998.11
997.86
993.83
990.34
984.38
982.96
979.70
978.10
937.21
970.28
964.00
960.74
958.12
948.88
944.91
939.36
931.29
925.62
915.32
911.23
906.26
899.88
885.52
887.09
886.10
881.15
875.48
872.52
871.28
865.23
862.96
859.54
854.81
851.19
849.62
848.54
848.04
846.59
844.62
842.93
842.71
842.38
842.78
801.58
842.25
840.40
805.58
831.46
829.48
828.40
828.91
824.89
818.90
815.26
813.13
804.70
796.00
780.00
771.67
773.94
772.36
773.95
766.58
765.24
761.75
764.00
764.84
764.00
765.00
765.50
766.00
766.93
768.00
773.50
773.50
774.94
777.10
777.33
776.59
775.75
776.21
777.71
776.63
774.80
774.57
774.43
774.88
878.58
1111.68
898.73
798.93
754.97
752.26
750.62
746.67
743.84
742.93
739.69
741.06
734.69
740.60
740.06
744.50
745.20
747.78
749.78
750.50
753.05
756.00
760.31
762.00
764.50
764.50
765.66
765.00
763.35
758.58
757.31
757.00
757.04
758.79
758.52
761.84
760.24
760.23
758.32
757.89
765.65
783.54
787.15
786.38
786.12
783.55
775.93
771.45
769.00
767.64
767.14
765.65
765.68
764.16
764.31
765.90
766.75
768.74
769.89
772.00
756.54
778.06
780.73
784.86
787.28
788.31
793.39
795.92
797.94
801.15
804.50
806.22
808.42
810.81
809.45
810.70
811.03
811.78
812.38
894.97
810.50
809.21
808.64
809.50
809.03
807.50
806.53
806.06
806.34
806.00
805.50
804.48
804.56
799.85
797.05
795.70
791.68
789.23
790.30
788.34
781.88
774.15
769.12
766.17
765.03
764.63
765.21
763.47
763.50
764.00
766.49
771.38
767.98
771.38
767.07
770.50
772.28
777.86
781.93
789.16
790.96
792.00
794.30
795.28
796.55
798.44
799.86
802.78
804.00
805.81
807.00
806.86
811.46
813.69
812.61
813.15
815.50
826.00
827.38
827.71
829.12
829.60
828.04
827.07
827.00
825.50
822.26
819.49
816.85
813.00
811.44
811.00
810.00
810.00
813.50
816.66
817.00
820.17
820.50
821.14
824.03
826.00
826.12
826.50
826.50
827.00
827.00
826.50
826.50
826.00
824.78
823.09
820.50
816.85
808.91
806.44
806.52
799.43
795.23
795.05
791.48
791.57
790.82
787.77
777.96
778.29
778.39
777.12
777.31
777.65
779.67
780.55
783.50
785.27
785.92
786.54
789.72
796.59
802.02
807.65
808.92
810.04
810.02
810.89
810.40
812.62
809.89
819.46
826.41
829.00
829.50
828.80
829.14
829.50
830.00
830.35
835.45
839.26
842.52
843.92
847.76
850.23
852.88
857.73
859.50
860.50
861.00
862.17
961.41
865.00
867.83
870.03
870.22
871.52
872.82
873.49
874.49
873.77
879.84
883.65
894.48
899.11
907.72
910.26
912.60
919.75
916.71
918.09
919.55
919.83
921.89
928.21
929.00
932.96
936.10
938.00
939.00
939.92
940.00
940.00
940.81
941.52
941.67
941.50
944.00
943.78
944.00
945.25
946.35
945.52
945.14
944.52
955.25
963.82
966.65
968.66
970.62
972.58
972.73
977.49
982.00
984.52
991.78
996.60
999.83
961.02
1005.00
1005.24
1006.16
1007.79
1010.00
1011.37
1013.00
1013.86
1015.45
1021.97
1022.70
1022.96
1016.55
1009.70
1124.43
1395.72
1535.53
1603.60
1882.81
1423.05
1108.47
1129.17
1054.72
1091.39
1061.61
1098.50
1099.53
1100.50
1100.06
1103.36
1107.24
1110.95
1116.30
1131.26
1179.42
1144.07
1143.29
1157.58
1187.02
1166.97
1201.97
1176.28
1219.90
1193.10
1199.73
1254.13
1211.31
1217.50
1217.00
1217.50
1217.50
1218.05
1215.59
1216.50
1216.00
1214.96
1211.71
1164.54
1204.35
1202.52
1201.90
1204.14
1202.23
1206.32
1208.77
1210.05
1218.44
1218.30
1225.35
1223.24
1257.49
1214.82
1272.25
1289.52
1305.72
1313.13
1322.56
1309.77
1334.93
1319.64
1332.64
1338.17
1375.59
1381.98
1385.77
1388.46
1388.35
1391.04
1391.54
1395.81
1398.32
1403.32
1406.19
1407.00
1407.50
1408.35
1491.69
1410.00
1413.00
1375.00
1415.00
1414.26
1413.88
1417.35
1419.57
1421.87
1425.63
1426.69
1437.25
1440.09
1440.19
1444.47
1447.50
1354.80
1446.67
1446.80
1447.81
1450.90
1457.00
1463.21
1465.27
1464.50
1465.33
1467.00
1467.50
1468.48
1467.65
1469.74
1477.61
1481.26
1483.77
1486.95
1487.82
1490.46
1490.85
1490.76
1492.12
1492.96
1495.86
1498.65
1501.93
1505.60
1506.10
1507.17
1507.87
1508.40
1510.09
1512.77
1515.20
1514.00
1514.00
1515.00
1617.20
1515.00
1514.50
1514.29
1514.00
1515.91
1519.96
1520.50
1521.66
1521.50
1521.92
1522.54
1524.90
1522.71
1521.83
1523.55
1522.39
1520.00
1519.38
1515.74
1514.61
1508.74
1504.29
1503.20
1503.60
1504.00
1502.83
1503.27
1504.29
1504.00
1504.50
1504.18
1503.14
1503.00
1504.06
1507.38
1508.00
1506.00
1506.73
1506.27
1507.50
1504.10
1494.56
1509.17
1474.32
1485.13
1487.46
1487.73
1495.07
1481.86
1486.28
1497.23
1501.43
1509.08
1467.64
1457.92
1475.85
1477.94
1480.00
1479.89
1480.50
1480.50
1481.00
1481.65
1483.00
1482.55
1482.31
1482.50
1481.50
1482.68
1482.36
1485.06
1483.69
1484.44
1487.45
1493.65
1496.39
1500.91
1504.57
1508.03
1508.75
1509.07
1511.96
1510.96
1458.70
1506.36
1560.19
1505.03
1500.11
1493.69
1492.35
1491.81
1487.30
1530.39
1472.14
1468.09
1456.61
1453.91
1451.38
1448.47
1441.71
1438.03
1433.45
1431.50
1423.05
1410.74
1397.00
1391.62
1390.53
1358.91
1379.65
1365.45
1366.82
1366.12
1361.49
1358.08
1350.88
1350.72
1349.03
1346.64
1341.50
1341.00
1340.50
1340.35
1340.00
1338.50
1337.56
1337.61
1334.85
1334.47
1333.22
1331.43
1332.33
1328.78
1327.64
1327.90
1328.74
1324.70
1323.73
1322.97
1325.85
1329.04
1327.89
1329.26
1331.37
1329.50
1330.59
1329.38
1331.50
1326.77
1326.58
1328.04
1323.42
1321.18
1319.48
1320.53
1319.55
1307.84
1302.40
1280.88
1281.20
1280.06
1264.71
1338.07
1370.80
1248.87
1263.79
1231.36
1230.64
1229.33
1222.56
1216.56
1212.10
1209.76
1202.21
1244.31
1194.28
1192.86
1190.20
1189.24
1182.34
1176.86
1175.51
1161.46
1155.68
1152.62
1144.67
1142.23
1140.59
1142.78
1138.92
1131.17
1129.50
1129.00
1128.50
1123.75
1116.50
1111.50
1110.28
1108.65
1107.90
1110.76
1111.91
1107.64
1108.06
1098.78
1099.23
1093.85
1091.00
1086.68
1085.11
1090.88
1089.09
1088.88
1090.50
1089.47
1090.50
1090.50
1017.21
1085.05
1085.67
1084.50
1075.19
1081.22
1090.60
1062.76
1064.31
1054.04
1040.30
1035.97
1022.75
1014.61
997.86
988.59
992.96
992.33
990.48
989.14
983.00
979.62
978.52
977.26
974.58
974.00
973.15
972.53
972.27
971.52
972.00
971.61
971.12
971.19
974.65
971.29
971.61
971.82
973.19
971.28
972.00
961.58
962.94
962.22
956.26
960.39
957.97
954.85
950.39
946.91
906.57
935.00
966.37
931.50
931.21
930.00
925.00
921.50
896.06
919.81
915.05
910.59
907.75
905.04
899.29
891.47
888.59
881.09
870.30
905.80
864.57
911.55
862.29
858.56
859.02
861.48
858.68
858.40
862.78
868.17
919.15
873.13
872.82
876.33
879.00
857.30
882.50
887.50
888.40
888.50
843.95
889.05
887.50
888.00
887.73
888.00
887.50
885.50
884.58
884.00
883.50
883.50
883.76
882.50
881.00
881.06
880.50
880.36
880.71
881.67
882.33
882.27
882.00
882.50
882.50
882.50
882.50
881.50
880.73
880.50
880.00
879.57
878.16
879.62
878.90
880.50
881.24
883.89
883.67
884.62
886.25
887.85
890.60
892.96
894.58
896.38
902.32
904.92
906.07
907.30
912.60
915.00
918.96
922.89
922.00
924.00
925.67
906.51
926.69
926.58
929.00
935.50
935.92
937.00
937.00
937.14
936.50
936.00
936.95
937.00
939.00
939.78
941.62
942.86
944.68
942.03
944.97
941.52
944.85
945.55
943.41
945.83
943.24
943.33
944.36
946.07
950.78
953.34
960.16
963.46
964.47
969.61
970.82
975.58
982.83
984.66
987.35
990.43
991.50
992.00
992.50
1074.12
995.68
1000.17
1007.19
1016.32
1018.82
1019.47
1019.58
1021.45
1030.63
1038.26
1041.79
1109.66
1045.78
1051.95
1053.00
1053.50
1054.00
1054.00
1054.31
1054.50
1054.50
1056.17
1059.00
1061.73
1065.21
1065.84
1066.70
1069.06
1071.65
1071.94
1072.33
1073.83
1075.79
1087.81
1093.50
1095.50
1096.38
1095.79
1096.00
1096.00
1096.50
1096.00
1056.08
1096.05
1096.00
1096.00
1097.63
1095.21
1095.50
1094.00
1106.33
1288.32
1375.20
1516.96
1521.95
1721.14
1491.72
1151.00
1151.50
1152.00
1151.43
1152.82
1155.00
1154.87
1156.96
1158.18
1158.50
1242.57
1158.00
1159.00
1163.58
1165.50
1167.22
1170.15
1172.50
1172.41
1179.72
1181.62
1183.94
1186.16
1191.30
1198.30
1209.12
1202.23
1204.76
1206.43
1207.48
1285.52
1206.83
1206.07
1210.54
1219.43
1208.70
1209.64
1201.34
1204.19
1212.27
1216.50
1215.05
1217.10
1202.23
1205.29
1204.20
1220.79
1232.57
1240.07
1238.89
1244.46
1248.06
1249.50
1363.10
1254.11
1201.00
1255.06
1254.60
1252.50
1248.92
1330.39
1246.16
1329.59
1242.81
1241.53
1236.66
1233.95
1233.00
1230.17
1229.00
1225.50
1224.54
1224.00
1224.00
1224.50
1225.50
1226.00
1229.23
1235.85
1238.29
1239.50
1241.07
1242.29
1243.39
1244.97
1247.59
1239.36
1244.05
1247.82
1247.61
1247.00
1245.82
1245.21
1244.07
1243.00
1243.62
1242.59
1241.73
1240.00
1242.95
1234.86
1219.85
1213.83
1215.16
1212.11
1200.83
1195.24
1188.58
1181.53
1176.87
1173.73
1166.14
1166.00
1164.28
1160.85
1160.55
1157.46
1151.28
1150.50
1149.93
1150.00
1151.12
1151.50
1150.43
1152.50
1154.50
1109.29
1158.47
1158.59
1159.50
1160.14
1163.31
1160.65
1160.50
1150.64
1158.82
1150.35
1160.52
1158.41
1156.84
1108.61
1078.08
1063.29
1045.97
1041.33
1025.90
1048.06
1041.16
1053.76
1028.38
976.00
954.61
950.15
940.23
928.47
933.75
923.85
922.62
919.69
914.71
909.47
900.59
888.84
885.00
884.50
885.00
885.00
885.05
885.50
885.00
885.00
885.00
885.31
885.05
883.00
853.10
879.00
876.53
872.50
869.50
868.00
867.00
865.50
863.50
862.50
859.67
856.50
854.00
855.06
845.55
840.85
837.57
838.16
835.08
831.23
830.49
824.85
824.76
824.50
824.50
824.50
825.00
825.00
826.00
825.26
826.00
826.00
825.00
822.64
823.04
821.79
821.50
820.75
818.91
818.50
817.50
816.00
810.00
806.36
807.85
805.58
807.17
808.50
809.18
809.15
808.70
810.00
810.15
809.41
807.54
805.94
803.57
797.33
792.21
785.95
787.30
780.82
773.12
763.78
759.66
757.25
753.90
752.88
746.86
742.05
741.50
741.00
741.00
739.50
739.89
740.50
739.85
739.24
740.00
740.45
746.06
745.23
747.15
748.62
751.27
756.87
767.96
770.74
774.90
779.22
783.98
785.13
785.16
784.19
788.64
796.48
799.00
799.50
800.00
800.00
800.38
800.35
799.00
798.30
798.00
796.85
791.92
787.72
783.34
783.21
783.84
781.31
782.62
784.56
786.18
792.17
751.50
786.56
942.44
787.33
792.36
785.15
789.91
793.04
796.63
793.76
792.33
791.51
791.06
792.53
796.59
795.74
796.35
796.50
796.00
796.00
795.50
795.00
795.40
794.50
796.50
798.50
799.00
802.62
802.80
803.00
803.00
803.52
804.00
806.29
806.50
808.00
808.50
808.88
808.50
808.67
808.74
808.00
808.00
808.50
808.00
809.00
809.82
810.00
810.00
810.50
811.00
812.14
812.50
813.44
814.00
814.50
817.96
821.39
823.24
822.42
825.94
827.15
828.11
829.23
832.15
834.65
834.32
842.19
807.82
845.44
849.44
849.50
849.89
850.12
849.50
849.88
849.11
850.50
1014.69
840.65
841.33
835.66
835.94
834.27
835.00
831.64
830.38
925.25
825.68
826.36
826.54
826.50
826.74
825.24
825.43
824.50
821.09
817.94
817.00
815.05
811.46
803.82
800.58
795.29
793.86
788.71
782.86
778.26
776.67
774.22
768.07
766.21
766.62
767.53
767.07
768.50
768.69
768.57
768.73
770.27
774.44
775.85
785.48
793.98
794.55
795.33
798.58
800.69
801.11
801.00
801.65
801.74
802.22
804.50
806.46
807.50
807.61
808.50
811.67
815.00
816.50
817.00
819.30
826.15
827.13
830.56
832.94
836.66
843.60
847.98
860.42
860.35
860.50
861.00
862.50
863.50
864.00
864.50
865.00
861.50
859.88
850.20
848.09
843.58
841.27
840.00
837.80
833.09
824.82
824.24
817.49
813.00
810.55
807.09
806.33
806.50
806.00
806.50
808.00
812.14
814.33
814.70
816.48
819.53
823.66
824.56
833.95
841.85
842.28
840.85
905.57
869.27
867.75
869.76
871.92
874.64
857.50
877.50
877.53
878.24
876.64
877.50
877.00
877.65
876.20
876.00
875.69
844.16
816.99
821.98
820.76
829.43
826.70
830.12
833.42
829.54
821.18
829.80
853.89
878.50
845.55
895.78
905.02
886.76
912.32
914.92
922.15
923.32
924.17
906.43
929.52
938.46
948.14
953.24
956.50
963.37
971.97
977.68
982.00
983.00
988.02
987.96
988.86
1041.70
996.76
999.09
1001.25
1002.90
1005.37
1011.09
1013.47
1014.47
1017.31
1019.13
1022.00
1021.54
1155.05
1023.89
1025.50
1026.82
1026.30
1142.27
1031.50
1035.50
1040.54
1047.00
1052.48
1058.14
1056.57
1057.75
1060.20
1059.07
1059.60
1074.22
1078.05
1083.71
1086.71
1090.31
1089.50
1088.62
1086.43
1086.48
1087.25
1047.71
1085.04
1083.30
1083.38
1079.09
1076.52
1070.03
1066.50
1066.50
1066.00
1065.72
1065.37
1145.50
1063.83
1068.46
1140.37
1036.93
1197.51
1388.05
1159.34
1161.62
1086.97
1118.22
1114.89
1115.93
1119.21
1124.22
1226.54
1139.82
1144.48
1146.62
1150.20
1153.25
1154.33
1154.79
1156.52
1156.21
1160.27
1166.38
1174.80
1177.68
1182.42
1184.67
1191.38
1193.29
1195.63
1195.78
1197.54
1260.23
1283.55
1215.84
1217.50
1218.00
1218.00
1219.00
1218.50
1219.50
1220.50
1221.00
1221.00
1221.50
1222.50
1222.50
1223.00
1224.00
1224.00
1223.50
1222.14
1221.00
1220.00
1219.00
1218.50
1217.50
1217.00
1216.50
1216.00
1214.50
1210.00
1209.24
1209.00
1208.00
1207.50
1208.00
1354.75
1209.00
1211.11
1214.00
1215.04
1215.89
1217.00
1218.03
1219.41
1220.00
1220.52
1221.29
1222.00
1221.50
1221.00
1219.60
1219.00
1219.18
1219.00
1224.72
1227.50
1226.98
1228.00
1228.79
1229.14
1229.47
1231.00
1233.61
1233.95
1238.52
1240.83
1248.50
1248.00
1249.00
1249.00
1249.00
1248.50
1248.50
1248.00
1247.00
1244.95
1243.08
1240.55
1240.50
1241.00
1240.26
1241.00
1241.21
1243.00
1240.50
1240.50
1239.69
1239.61
1239.00
1239.50
1238.50
1238.00
1236.50
1236.53
1233.42
1232.00
1185.81
1229.74
1228.16
1223.48
1221.93
1216.81
1220.71
1196.61
1191.61
1188.11
1187.08
1182.63
1175.26
1173.21
1169.24
1167.87
1163.61
1160.87
1157.81
1155.72
1138.34
1130.81
1134.60
1133.75
1129.88
1130.94
1123.63
1117.31
1114.32
1112.56
1109.04
1109.39
1106.71
1107.50
1108.28
1108.70
1108.50
1108.50
1109.00
1109.50
1112.10
1111.00
1105.91
1104.00
1099.62
1091.05
1088.95
1087.15
1086.54
1084.67
1080.97
1079.40
1073.38
1062.21
1057.59
1056.08
1056.50
1056.95
1056.26
1057.55
1057.50
1057.50
1057.03
1057.74
1058.03
1057.86
1057.50
1055.21
1056.53
1056.75
1055.16
1050.05
1049.47
1049.85
1050.00
1048.53
1048.00
1046.95
1046.50
1142.54
1045.71
1046.80
1047.38
1053.00
1053.50
1053.50
1053.50
1054.11
1058.38
1056.53
1059.57
1060.15
1060.00
1059.04
1059.50
1057.00
1055.03
1052.00
1045.56
1042.33
1040.00
1039.50
1040.10
1040.83
1036.50
1036.00
1036.00
1035.50
1035.50
1037.97
1045.00
1046.57
1046.69
1046.50
1046.61
1045.45
1045.49
1047.94
1050.37
1053.00
1053.57
1054.00
1053.69
1052.51
1052.00
1050.49
1047.03
1042.50
1040.50
1038.00
1037.00
1037.00
1037.75
1036.50
1037.00
1038.00
1041.08
1042.75
1043.48
1044.50
1044.50
1047.35
1045.00
1044.97
1042.47
1042.39
1040.50
1042.57
1039.50
1039.00
1036.69
1032.82
1031.88
1026.93
1028.11
1030.58
1032.53
1038.13
1039.96
1042.55
1043.07
1046.26
1038.66
1045.64
1048.59
1038.12
1046.00
1070.17
1073.84
1095.03
1235.39
1396.85
1203.44
1117.68
1091.43
1094.23
1094.00
1094.00
1094.00
1094.00
1097.00
1098.69
1105.48
1109.87
1108.50
1107.86
1110.71
1110.67
1112.00
1112.46
1118.50
1121.69
1119.50
1119.50
1119.64
1119.64
1118.00
1116.52
1114.32
1109.50
1105.00
1104.50
1103.00
1105.48
1106.29
1103.00
1102.21
1102.56
1103.00
1104.00
1105.00
1105.87
1106.00
1111.55
1112.76
1115.00
1116.50
1118.50
1120.20
1121.50
1122.50
1123.00
1123.15
1123.43
1123.00
1122.50
1121.50
1121.50
1119.00
1117.00
1116.14
1115.00
1111.66
1108.97
1108.03
1107.43
1106.70
1106.89
1106.24
1104.56
1107.03
1106.26
1107.78
1108.07
1105.69
1106.78
1106.50
1106.79
1111.29
1066.71
1081.35
1070.16
1054.69
1045.53
1067.64
1067.17
1081.36
1065.21
1068.54
1037.97
1051.90
1054.11
1053.64
1049.25
1047.43
1041.62
1037.03
1034.04
1031.50
1031.00
1030.50
1030.00
1033.25
1030.50
1030.50
1032.00
1031.38
1031.00
1031.90
1032.00
1032.65
1033.00
1034.39
1034.50
1035.07
1032.05
1031.17
1026.87
1023.04
1020.80
1019.41
1018.83
1017.41
1016.46
1015.30
1013.39
1008.44
1004.20
1004.00
1004.00
1004.50
1004.50
1004.80
1003.50
1003.63
1004.04
1003.81
1003.00
1001.00
998.00
995.82
988.50
993.79
992.13
991.79
992.86
991.97
990.93
990.94
989.95
990.39
989.71
989.50
992.50
993.00
993.00
993.88
994.00
993.05
993.00
991.82
991.15
990.50
990.04
994.50
995.00
994.50
995.50
996.36
996.50
996.50
998.00
999.37
1000.00
1000.00
1000.00
1000.00
997.00
996.00
996.30
994.61
990.25
990.61
988.78
987.89
988.50
991.06
993.08
996.00
997.32
998.00
999.00
999.50
1000.50
1000.00
1001.00
1003.38
1004.35
1002.27
1003.85
1004.67
1007.83
1014.17
1018.68
1017.92
1022.05
1027.48
1033.93
1040.12
1041.86
1054.05
1054.67
1055.45
1058.50
1059.38
1060.00
1060.50
1061.12
1061.27
1061.50
1061.50
1062.00
1062.18
1061.71
1063.00
1063.50
1065.32
1066.08
1075.67
1072.20
1081.32
1084.95
1086.73
1090.05
1093.52
1098.18
1105.38
1108.00
1164.76
1110.50
1112.50
1114.78
1191.94
1119.50
1120.50
1123.19
1128.30
1140.00
1144.54
1146.31
1227.37
1221.88
1113.67
1150.23
1150.84
1151.64
1153.28
1156.12
1159.00
1160.00
1160.00
1160.43
1160.00
1159.50
1164.00
1166.56
1169.66
1167.08
1172.81
1224.40
1182.88
1190.69
1190.66
1194.75
1195.44
1200.68
1211.14
1217.97
1223.00
1229.89
1231.00
1233.00
1234.00
1235.00
1236.92
1239.42
1239.50
1239.88
1240.50
1241.00
1242.50
1243.00
1407.21
1188.40
1459.78
1247.80
1156.60
1244.86
1109.48
1324.21
1323.04
1602.74
1773.37
1233.70
1240.62
1244.77
1257.02
1275.17
1272.85
1274.18
1276.52
1273.49
1274.27
1284.89
1281.98
1286.80
1289.20
1295.00
1297.86
1306.72
1303.41
1305.38
1310.02
1306.25
1302.10
1307.70
1309.94
1304.61
1316.86
1322.20
1324.05
1326.92
1246.44
1326.00
1330.73
1338.07
1342.87
1348.39
1353.30
1358.34
1360.81
1358.95
1359.97
1367.82
1386.29
1391.56
1399.98
1400.08
1406.76
1410.97
1410.00
1411.40
1412.50
1413.62
1415.50
1416.10
1418.00
1418.31
1419.94
1418.68
1418.71
1418.50
1418.00
1417.39
1416.50
1415.33
1416.52
1416.74
1416.57
1416.50
1417.00
1417.00
1417.70
1418.00
1419.00
1419.61
1420.50
1419.88
1419.94
1419.50
1419.00
1418.50
1416.54
1414.69
1413.00
1411.90
1411.36
1409.50
1407.71
1405.31
1406.81
1406.20
1404.96
1405.86
1406.92
1406.00
1407.96
1408.74
1409.38
1408.15
1409.08
1409.91
1410.86
1352.75
1408.84
1408.00
1403.74
1400.67
1401.39
1390.60
1387.09
1380.40
1385.37
1372.04
1374.20
1367.58
1341.59
1351.21
1351.56
1349.00
1343.90
1339.00
1337.00
1334.40
1332.30
1280.52
1332.32
1330.00
1327.10
1324.11
1322.42
1317.72
1316.44
1311.66
1308.92
1302.73
1300.00
1290.49
1287.49
1279.71
1274.45
1273.49
1271.50
1272.00
1269.97
1261.11
1256.29
1250.37
1240.35
1236.86
1233.50
1234.29
1232.50
1229.50
1225.39
1212.07
1209.51
1206.10
1198.53
1192.74
1192.62
1174.08
1190.57
1174.38
1171.09
1160.93
1152.30
1144.56
1139.56
1133.11
1126.35
1121.49
1118.50
1116.44
1107.98
1102.97
1087.39
1080.17
1077.55
1072.71
1067.00
1062.18
1042.84
1053.48
1040.95
1023.00
1031.19
1029.46
1021.30
1021.11
979.00
1000.67
993.68
992.27
991.27
990.50
988.16
986.02
983.23
982.09
977.92
976.11
974.50
973.50
973.36
973.59
974.77
975.31
976.00
976.00
976.50
975.00
975.83
974.43
972.11
974.07
972.55
971.05
970.90
970.88
971.15
968.17
962.73
950.31
945.50
941.57
938.00
937.00
935.50
934.47
933.50
931.50
930.00
928.89
927.43
902.97
926.00
924.87
922.17
851.81
850.01
851.68
856.04
837.39
844.80
853.30
843.50
850.70
823.01
827.83
858.74
861.20
862.12
861.47
861.82
832.65
864.64
863.68
863.95
863.00
864.50
864.08
864.82
861.33
858.71
851.67
845.02
838.28
827.52
819.13
800.59
809.88
794.42
787.71
782.15
780.92
777.29
771.76
771.27
767.71
762.63
761.62
762.08
760.74
760.32
761.98
761.58
761.58
763.00
762.58
764.65
765.03
764.96
764.62
764.50
763.35
763.50
766.17
764.47
762.40
755.59
756.65
754.50
750.57
749.35
748.85
749.00
749.00
749.32
749.20
749.00
749.30
747.50
744.54
742.93
740.50
737.29
740.53
734.95
732.35
732.79
729.76
727.44
724.79
724.15
720.72
720.00
719.26
728.17
725.76
727.83
729.00
732.29
731.24
732.82
731.55
731.83
731.13
730.24
729.93
705.60
729.25
732.76
732.33
728.77
731.50
731.00
731.50
733.00
734.00
734.00
734.50
734.20
734.00
734.50
732.85
729.69
728.09
723.63
715.42
709.18
707.65
704.15
700.72
699.30
693.64
694.27
692.19
688.62
687.37
686.83
685.50
685.00
684.97
684.00
683.43
682.79
681.00
680.29
678.10
677.50
675.46
675.00
674.81
675.50
675.32
675.89
674.69
675.59
674.66
675.75
675.50
670.03
674.65
674.70
669.09
673.30
670.44
669.41
675.50
677.78
680.81
679.03
682.33
680.86
684.56
680.09
685.67
688.00
691.20
698.53
708.75
716.04
717.50
718.78
718.91
718.90
719.53
718.95
716.89
712.18
710.09
706.07
702.08
697.20
693.71
691.33
690.04
687.18
671.48
679.73
662.02
671.56
667.06
661.62
658.88
652.43
648.04
647.56
646.85
647.18
644.09
643.92
642.67
643.78
650.00
656.51
654.56
657.61
663.04
664.85
667.62
671.86
677.76
680.60
682.83
688.00
693.50
696.22
697.22
698.00
698.92
698.50
699.00
698.58
699.21
697.50
697.50
696.58
697.00
694.00
693.00
691.46
689.50
688.83
688.50
690.95
692.00
693.79
696.00
698.00
701.74
703.44
703.90
706.64
706.72
709.70
714.24
718.11
719.40
720.60
721.41
722.53
724.69
722.45
723.12
723.37
699.23
727.64
728.12
730.76
731.46
732.26
732.19
732.80
733.50
733.62
733.00
733.50
734.00
731.48
733.00
732.50
732.50
733.50
733.50
734.00
738.50
740.48
742.89
742.55
736.61
745.49
749.51
740.88
773.09
796.62
801.26
802.60
804.04
805.25
807.13
810.35
815.58
816.84
817.42
819.81
826.50
836.00
841.56
843.12
825.56
848.62
844.20
849.64
851.74
856.00
861.44
865.42
870.00
872.00
873.25
872.67
874.00
966.72
874.64
874.77
875.00
874.75
874.00
872.19
868.00
862.26
863.50
861.07
861.50
861.69
860.74
861.00
861.00
859.95
859.50
858.94
858.35
860.00
861.00
862.00
867.04
869.50
873.27
874.06
876.56
878.53
876.78
885.05
884.08
887.05
882.33
888.31
909.68
915.58
1041.74
890.41
925.89
934.53
954.14
1168.98
1359.94
1580.04
1507.24
1934.30
949.92
952.23
958.12
960.50
971.62
981.50
983.42
1044.65
985.29
985.29
985.88
987.20
989.79
975.14
997.49
1017.03
1031.20
1043.42
1043.09
1047.29
1045.37
1047.57
1046.52
1046.80
1047.46
1049.00
1057.74
1060.70
1061.57
1062.15
1063.64
1064.61
1060.32
1048.60
1058.48
1060.63
1060.47
1059.13
1062.00
1066.85
1072.71
1065.04
1072.32
1075.98
1087.60
1089.64
1102.54
1116.06
1118.60
1118.50
1130.36
1130.05
1132.04
1134.44
1138.95
1150.62
1153.00
1154.36
1157.50
1160.50
1161.50
1163.00
1164.50
1165.54
1170.00
1171.00
1173.62
1182.42
1194.74
1200.92
1206.71
1200.29
1209.62
1212.42
1208.46
1211.00
1212.50
1213.54
1213.50
1214.76
1217.06
1218.50
1219.96
1220.50
1220.93
1221.68
1221.28
1222.83
1222.21
1223.00
1223.21
1223.77
1223.88
1223.76
1223.47
1222.62
1221.31
1224.11
1220.11
1223.77
1214.67
1223.14
1222.66
1223.67
1220.37
1224.94
1223.66
1223.52
1222.81
1233.13
1236.26
1237.48
1237.50
1238.00
1237.62
1238.00
1237.50
1237.88
1237.62
1237.46
1237.82
1237.39
1235.96
1237.00
1234.48
1231.78
1231.65
1228.42
1224.94
1214.83
1230.43
1224.84
1226.53
1220.80
1199.96
1135.00
1168.13
1166.34
1162.27
1160.98
1153.46
1152.88
1147.71
1147.21
1146.50
1138.26
1130.50
1128.69
1126.45
1125.88
1124.12
1122.21
1122.41
1121.62
1120.17
1118.19
1118.15
1117.70
1116.00
1115.00
1109.36
1104.79
1097.58
1092.35
1088.25
1082.07
1080.55
1074.75
1074.88
1071.66
1067.01
1053.60
1049.34
1047.52
1045.67
1045.25
1044.77
1044.35
1044.33
1044.33
1044.00
1043.41
1041.30
1039.50
1039.48
1037.38
1034.12
1032.36
1031.05
1026.81
1016.42
1014.72
992.34
990.79
985.80
981.44
967.20
952.79
942.78
938.51
926.98
919.78
917.54
915.32
913.51
911.95
912.14
908.98
906.35
902.28
897.50
892.06
883.14
881.60
880.50
880.50
879.00
876.70
873.55
869.88
867.61
864.89
865.00
862.29
860.02
856.64
857.17
855.78
850.59
848.00
845.41
841.56
839.00
838.00
836.94
834.50
834.85
833.60
832.14
830.86
827.50
824.50
823.00
822.04
821.04
820.50
819.79
817.50
814.05
812.83
811.00
803.64
798.50
795.22
790.05
788.50
787.56
786.08
783.18
780.42
777.74
774.76
774.00
775.45
776.45
776.14
775.41
775.86
773.71
772.00
766.33
764.62
764.00
763.50
763.50
763.50
762.53
761.82
762.00
761.53
761.50
761.50
761.00
761.00
753.50
748.86
745.36
744.69
744.51
742.34
741.95
742.22
742.03
741.80
740.04
740.10
739.30
712.31
737.12
737.04
737.54
738.00
738.43
737.29
737.92
736.93
737.00
734.00
735.00
734.09
734.39
733.00
736.31
740.32
741.14
743.75
745.50
746.12
746.00
746.50
746.50
746.50
747.50
747.50
748.00
748.47
748.50
748.00
741.16
739.59
738.93
739.03
739.53
741.22
744.29
745.07
747.71
748.50
752.55
754.38
753.10
755.75
773.22
778.29
784.56
790.08
791.24
792.24
795.00
794.00
794.25
794.50
794.00
793.53
794.20
793.96
793.50
793.54
793.00
794.00
796.33
798.94
801.46
802.31
805.04
807.72
807.36
806.78
808.44
816.71
821.08
823.04
824.00
828.64
827.37
828.26
830.14
828.74
829.52
824.00
824.36
819.12
819.92
818.42
816.53
813.95
813.02
813.73
812.50
812.50
813.00
813.17
813.83
813.50
812.26
813.90
814.17
816.78
817.77
821.96
825.50
827.82
830.11
831.42
830.71
831.47
799.45
836.94
838.61
839.18
842.23
842.86
846.05
848.53
848.20
849.92
851.23
853.00
852.50
852.50
852.23
852.22
852.13
851.28
847.45
841.26
836.03
831.66
824.08
819.79
817.93
814.83
815.00
815.02
814.37
814.56
814.03
814.57
814.00
813.50
813.67
812.50
810.74
807.71
806.50
806.92
805.09
801.12
795.44
803.38
806.33
807.23
800.43
809.18
808.58
809.00
809.30
814.20
817.73
820.65
822.00
823.50
824.00
824.35
823.50
823.50
823.00
823.50
822.52
824.04
827.57
832.54
835.79
839.00
838.89
844.19
848.71
855.43
854.97
857.11
857.50
861.00
866.00
866.50
867.21
867.50
867.50
868.00
868.00
867.85
867.50
866.50
864.85
863.30
860.50
860.04
858.68
858.00
855.71
856.48
854.00
854.00
852.88
852.00
852.05
852.50
853.57
855.87
860.91
865.39
867.02
869.69
870.52
866.24
869.48
880.96
893.32
896.13
906.22
911.00
910.50
912.50
913.00
914.00
915.00
916.09
919.38
920.10
923.89
926.14
928.00
933.11
939.08
942.11
945.66
948.33
952.13
952.74
953.53
956.74
955.86
957.27
956.72
954.66
952.24
954.52
930.18
944.97
946.24
945.17
942.76
942.28
942.86
942.43
943.03
942.18
945.53
940.52
942.80
940.02
939.31
932.75
942.18
929.68
944.18
939.10
931.75
932.12
939.84
951.14
954.68
952.92
956.47
957.30
959.44
963.97
970.11
977.05
982.00
982.56
983.50
986.77
987.05
991.50
995.28
996.73
1001.31
1002.07
1003.61
1006.50
1007.00
1008.22
1007.38
1007.38
1007.50
1010.29
1011.58
1010.62
1010.30
1016.31
1019.82
1024.62
1016.26
1021.03
1016.88
1033.99
1044.96
1054.00
1058.97
1058.93
1058.57
1059.86
1061.19
1062.26
1064.96
1075.07
1079.71
1084.18
1086.38
1088.09
1087.68
1088.30
1095.72
1098.44
1100.86
1101.98
1106.50
1110.50
1114.06
1114.62
1117.53
1118.72
1122.21
1086.48
1128.00
1129.18
1131.75
1133.65
1140.00
1140.43
1141.00
1143.18
1144.50
1143.50
1143.50
1143.00
1143.00
1143.50
1143.91
1145.00
1145.50
1147.07
1148.50
1150.00
1150.00
1150.50
1152.50
1153.00
1154.00
1158.00
1163.00
1165.50
1167.50
1169.00
1169.21
1171.00
1171.48
1172.16
1171.84
1172.50
1171.50
1171.06
1171.22
1171.26
1171.45
1173.03
1173.50
1173.50
1173.86
1172.32
1173.67
1171.61
1172.25
1170.65
1170.29
1169.00
1170.21
1167.79
1168.20
1168.45
1168.64
1168.02
1168.41
1169.05
1169.05
1169.45
1169.95
1170.45
1170.95
1173.00
1173.50
1174.50
1174.00
1173.50
1174.00
1173.53
1172.50
1170.33
1170.50
1170.60
1169.48
1170.00
1171.00
1170.00
1171.04
1172.63
1170.50
1169.10
1169.50
1169.00
1168.46
1167.24
1167.39
1166.50
1165.50
1162.22
1161.00
1158.79
1159.20
1158.93
1156.38
1157.47
1152.44
1151.00
1149.50
1148.50
1148.50
1148.33
1148.50
1146.54
1139.10
1136.26
1129.67
1134.58
1109.15
1121.53
1122.26
1120.50
1119.51
1110.16
1104.07
1101.98
1102.26
1101.89
1102.00
1103.03
1102.50
1102.94
1102.59
1103.43
1103.50
1103.04
1101.44
1100.50
1099.00
1096.00
1093.50
1093.33
1085.59
1077.65
1081.81
1085.17
1070.84
1068.81
1064.94
1056.96
1044.62
1042.65
999.98
1030.16
1024.09
1021.79
1020.44
1014.65
1013.50
1009.80
1008.07
993.78
965.42
980.05
966.43
960.66
957.26
956.69
951.96
944.65
943.73
943.48
933.63
923.50
920.95
915.89
914.00
912.69
911.50
911.50
910.92
911.84
911.50
913.00
913.00
914.00
913.72
914.50
915.50
1012.70
915.26
914.00
912.00
909.30
901.79
896.77
887.04
883.64
889.58
875.81
875.60
873.06
868.94
859.55
853.68
845.80
838.61
832.15
826.67
823.48
820.54
820.04
815.50
814.02
810.88
808.98
804.28
805.98
802.50
799.08
795.50
793.24
792.69
792.18
792.22
791.50
793.21
793.14
795.03
795.47
796.10
796.14
797.31
798.00
795.86
799.05
798.03
798.52
798.41
798.75
793.68
792.09
786.84
787.66
781.73
777.70
770.53
742.03
763.50
760.64
758.00
752.41
749.00
746.50
742.60
740.50
735.70
731.33
729.18
727.77
726.17
723.00
719.14
717.72
715.58
714.15
712.19
711.81
710.78
710.68
710.61
710.58
709.82
707.94
706.77
703.77
701.94
700.73
699.36
697.77
695.41
691.95
689.18
686.00
682.79
680.00
669.23
704.80
1120.26
973.92
1524.28
1387.73
1524.61
639.75
623.54
617.44
616.95
621.50
618.83
614.87
615.87
614.00
613.50
613.26
614.20
617.00
620.63
621.57
606.97
622.00
623.50
624.76
624.21
624.21
624.60
624.83
624.50
624.50
624.50
622.59
623.50
623.00
623.72
624.14
623.50
624.30
623.50
623.67
623.00
621.36
620.89
619.50
617.00
614.71
615.00
613.52
613.67
611.84
612.80
612.45
609.89
611.00
610.50
609.00
609.00
609.00
608.08
608.00
608.26
608.96
607.88
608.22
609.00
608.65
608.50
606.77
606.89
608.11
605.75
602.80
601.79
603.22
604.17
603.00
609.26
609.08
612.32
611.44
608.27
614.09
612.38
613.79
616.03
619.68
626.62
629.47
625.00
629.98
626.09
623.63
634.26
637.88
643.70
651.08
656.64
656.21
657.09
657.62
661.94
641.00
645.08
654.65
650.74
654.10
661.19
657.42
650.06
649.39
654.00
649.04
659.21
663.41
663.87
658.48
658.06
655.31
653.80
652.46
651.62
651.62
650.40
655.06
655.56
654.85
656.07
658.06
659.38
667.73
669.78
674.90
677.15
680.85
680.74
680.33
682.00
683.61
688.00
688.44
694.96
696.00
698.64
703.73
709.84
718.28
724.79
727.37
727.08
727.81
729.11
735.24
735.65
738.33
742.86
743.14
744.26
744.62
743.62
741.41
739.04
738.00
738.00
739.62
742.00
743.93
744.00
744.50
745.25
746.55
747.38
748.11
753.04
757.00
763.52
766.07
767.48
769.46
786.70
797.20
809.95
823.10
831.08
830.52
833.38
833.47
832.40
837.67
851.49
855.77
865.08
872.89
872.50
874.00
874.93
876.50
877.17
878.21
877.67
880.79
882.67
887.59
891.00
893.03
894.59
895.69
865.71
894.77
892.74
892.20
892.51
870.97
893.03
894.09
895.05
896.47
898.83
899.57
900.69
904.63
909.20
911.44
901.02
924.27
915.41
938.27
944.91
930.59
949.67
954.63
940.11
959.70
943.92
946.88
975.47
980.50
983.50
988.50
990.07
992.00
993.50
995.25
967.23
1001.06
1003.78
1018.68
1029.94
1033.88
1033.48
1033.75
1037.90
1040.89
1041.17
1048.04
1044.41
1055.06
1060.16
1061.83
1064.46
1068.62
1075.62
1082.12
1084.85
1088.69
1091.61
1094.56
1099.68
1098.19
1100.26
1098.75
1099.85
1100.80
1101.79
1101.68
1102.00
1103.44
1102.50
1103.23
1102.40
1102.23
1103.35
1102.09
1102.50
1103.29
1103.22
1102.36
1098.10
1098.00
1097.50
1096.13
1097.95
1097.33
1095.86
1095.54
1096.00
1099.00
1093.46
1093.62
1103.88
1372.04
1322.44
1585.63
1577.62
1472.36
1050.95
1345.15
1171.90
1176.00
1173.72
1174.97
1176.17
1178.52
1178.21
1179.50
1185.30
1188.59
1188.81
1190.39
1190.92
1192.00
1198.53
1200.95
1180.90
1210.32
1213.23
1214.74
1215.89
1217.00
1220.00
1191.34
1224.76
1229.15
1233.00
1234.00
1310.87
1233.77
1232.83
1229.00
1224.67
1221.50
1218.00
1215.59
1214.50
1213.92
1214.74
1214.77
1205.57
1199.93
1195.77
1194.21
1193.52
1192.96
1196.20
1194.09
1192.48
1193.10
1196.22
1198.56
1200.21
1201.90
1201.25
1201.50
1201.50
1202.00
1202.00
1201.20
1201.38
1197.14
1199.87
1201.21
1201.77
1201.79
1204.58
1204.50
1204.81
1205.39
1210.00
1206.52
1203.44
1203.61
1198.97
1196.61
1196.25
1168.51
1202.29
1205.36
1184.56
1179.89
1162.96
1134.84
1148.83
1144.68
1131.04
1125.25
1118.48
1119.73
1119.76
1118.24
1115.00
1113.74
1113.17
1112.89
1111.57
1110.66
1108.60
1107.12
1105.50
1105.36
1106.00
1105.50
1103.50
1101.45
1100.50
1101.68
1095.32
1093.82
1098.07
1096.62
1092.81
1078.30
1065.37
1061.02
1054.20
1052.00
1046.43
1038.42
1036.43
1034.32
1032.00
999.23
1028.14
1027.64
1023.39
1014.33
1006.43
999.55
992.39
989.59
985.94
988.91
987.50
965.68
984.50
981.40
969.61
928.75
964.59
960.73
953.50
949.49
945.56
949.38
923.21
937.33
931.74
925.93
924.55
905.21
897.19
908.80
885.46
901.50
901.97
900.82
895.97
900.48
901.65
897.23
901.57
903.44
902.15
903.79
904.00
905.00
905.62
907.91
908.00
908.00
908.25
908.21
907.50
907.72
905.48
877.45
888.30
886.98
882.51
875.74
871.31
870.56
868.20
851.37
862.95
861.63
838.21
853.50
851.00
851.00
850.50
850.50
849.00
850.30
847.00
844.32
840.19
838.76
836.89
833.21
838.47
833.46
826.11
823.21
810.08
803.15
793.73
778.34
783.88
773.33
771.49
765.16
766.68
751.26
751.05
750.08
740.29
739.57
738.00
735.75
735.50
735.50
735.50
736.26
736.30
736.67
738.56
737.66
738.44
739.00
742.97
744.96
746.50
747.50
747.65
748.00
747.00
746.50
746.00
745.18
745.00
744.35
743.50
743.00
740.37
742.69
708.77
712.77
731.08
756.25
725.75
733.10
722.69
731.98
736.06
716.16
708.64
712.29
710.56
713.89
709.64
712.06
708.61
707.84
706.19
704.83
702.24
700.50
696.00
693.70
693.00
692.00
691.00
690.05
691.00
690.00
689.50
689.20
688.50
688.50
688.50
688.00
688.50
689.90
690.00
690.50
691.00
690.18
688.75
688.50
687.33
686.70
718.60
688.40
678.62
684.10
681.64
680.18
661.30
677.40
677.29
659.66
678.70
680.00
683.34
685.47
686.59
687.98
