421.09
419.33
420.47
422.77
423.36
422.60
424.79
426.38
425.86
428.67
427.50
430.21
430.76
432.52
434.89
435.00
434.00
433.50
433.49
435.50
435.59
436.04
435.34
435.50
434.39
434.30
431.77
432.00
432.50
430.50
430.00
428.00
428.50
388.70
546.20
1358.04
1487.19
1457.79
1595.30
806.54
552.64
411.30
409.44
410.33
410.58
412.28
415.83
417.00
424.73
426.29
426.00
425.95
426.50
427.50
432.63
435.76
439.97
442.76
445.89
445.12
445.36
446.50
446.94
447.50
454.50
459.08
459.00
460.50
460.50
460.00
460.00
460.00
459.55
460.50
460.14
461.00
461.21
462.00
463.00
463.00
464.00
464.00
464.00
464.00
463.00
463.00
462.06
462.00
462.00
465.04
464.67
466.81
469.22
469.34
468.42
469.96
468.13
470.84
477.32
481.00
484.00
489.00
491.00
493.75
493.41
495.00
498.59
500.50
505.71
505.13
508.39
507.27
507.23
503.55
504.33
502.35
503.27
501.91
502.21
503.73
501.53
499.38
499.18
499.00
498.82
499.28
498.50
499.50
500.48
504.46
508.43
507.03
510.96
509.50
511.00
511.92
513.00
512.78
512.50
512.50
512.50
512.00
511.62
511.50
511.50
513.00
513.00
514.04
514.92
514.50
515.17
506.79
504.32
503.88
503.63
501.00
500.89
501.31
499.88
500.23
495.55
491.53
487.00
484.77
484.00
483.29
484.00
484.00
484.53
490.53
493.94
495.98
496.56
496.26
498.00
497.85
499.40
502.71
508.03
514.23
521.83
542.00
539.77
543.75
544.50
548.44
554.49
558.22
560.92
558.50
559.84
561.00
561.88
561.96
563.14
563.07
566.14
567.00
568.00
568.36
568.33
567.69
553.23
514.05
508.76
508.67
530.42
526.54
528.23
529.00
513.40
474.65
460.63
484.51
501.08
499.92
501.04
500.00
496.59
493.51
493.79
493.00
493.24
493.50
495.00
495.00
496.77
495.23
495.46
495.50
495.61
496.00
496.76
498.55
499.23
498.50
498.50
497.50
494.00
492.00
490.00
487.00
486.50
484.57
483.58
481.77
480.52
480.05
478.00
477.38
474.25
473.00
473.00
472.88
473.00
473.50
473.60
474.06
474.79
477.15
477.15
478.14
478.77
477.44
476.83
474.86
475.67
473.50
472.86
472.00
471.32
472.35
471.17
469.05
464.00
465.07
465.07
463.50
463.00
461.53
460.00
459.00
458.50
458.00
458.76
457.00
455.62
454.50
452.00
449.50
449.00
445.36
439.54
428.08
429.22
436.67
432.91
397.22
385.98
383.84
367.67
366.14
354.52
359.15
350.65
341.62
339.65
335.74
334.50
334.37
335.29
336.00
335.75
335.50
338.25
336.85
338.04
340.31
338.50
338.50
336.50
332.62
330.91
328.52
329.00
328.21
328.70
327.00
327.84
324.63
321.56
321.30
322.61
311.50
402.81
1194.06
422.62
319.96
318.35
311.51
309.65
308.95
304.73
306.72
307.65
302.47
298.85
300.71
292.28
295.90
300.84
306.23
311.30
313.89
306.66
312.15
316.06
315.12
316.48
317.31
318.93
319.00
320.50
321.50
324.38
326.39
327.56
328.50
328.50
327.64
327.50
328.50
327.52
327.52
328.00
326.05
324.44
324.86
325.50
324.00
322.77
316.38
310.59
308.50
307.50
306.00
306.00
305.73
304.50
303.53
304.50
304.50
303.60
305.00
302.88
302.75
301.56
299.94
298.65
295.71
293.72
292.00
291.32
291.07
289.35
290.30
290.33
292.06
292.17
293.14
290.86
291.00
292.35
291.97
295.33
294.10
290.97
286.26
279.94
282.46
280.02
276.38
274.50
272.90
274.03
273.24
270.21
269.75
267.85
267.00
267.00
265.00
264.35
264.27
261.61
261.12
260.28
257.03
257.50
257.10
257.81
256.87
258.50
261.02
262.66
264.00
266.50
266.00
264.87
269.29
272.93
276.06
270.83
281.59
282.50
284.00
283.50
283.50
281.89
279.00
276.96
273.50
274.46
273.43
272.24
270.74
269.44
270.85
261.57
271.27
270.86
271.55
275.09
274.64
283.47
281.96
290.72
292.53
294.78
301.81
309.57
311.25
317.38
320.00
324.67
334.00
340.43
345.74
348.14
352.59
351.90
351.55
353.02
354.55
358.63
360.34
353.96
368.00
368.00
368.00
367.00
366.00
365.39
359.40
357.52
355.66
354.04
351.93
350.21
348.57
348.56
337.28
348.39
349.79
356.03
361.35
369.21
369.21
370.11
372.88
376.10
375.52
378.77
379.00
394.10
419.00
422.08
426.31
425.61
421.33
423.63
430.00
432.43
430.93
432.00
431.86
433.44
433.72
433.00
432.00
431.52
431.00
430.83
431.18
428.50
426.65
426.47
426.50
424.87
425.50
425.42
425.68
429.37
429.77
431.00
430.84
432.80
440.37
445.80
445.35
445.96
446.59
449.00
451.78
450.02
449.82
448.26
450.53
449.03
446.74
447.59
447.50
447.50
448.34
448.10
447.73
447.68
446.86
449.39
450.00
451.09
452.37
456.12
458.96
466.04
468.04
471.13
469.00
471.91
467.36
463.95
466.58
468.48
467.82
469.39
469.66
467.44
469.03
469.43
473.96
477.27
479.92
481.33
487.97
489.37
489.00
487.61
487.00
485.15
484.13
482.88
481.25
478.40
473.65
472.50
472.00
472.00
472.67
473.50
474.52
475.09
476.18
476.62
476.71
477.47
477.25
477.71
478.70
479.67
482.44
480.89
483.24
462.05
634.10
479.50
1366.59
965.41
488.50
491.13
491.47
493.56
493.76
493.10
494.27
494.00
494.00
481.38
494.69
498.00
499.12
499.69
499.63
501.00
499.76
499.70
498.00
498.00
495.50
494.00
494.00
493.23
483.62
457.84
482.48
482.33
472.97
489.67
464.82
481.00
475.89
467.74
467.06
494.78
482.23
497.14
495.86
496.50
496.10
496.05
496.39
495.90
494.08
494.68
494.95
494.25
495.23
496.09
496.51
495.29
495.50
496.00
496.11
493.48
497.38
487.63
484.85
487.90
480.84
480.40
472.70
469.61
471.02
468.76
464.81
465.07
466.63
477.23
472.72
474.24
458.29
472.93
472.59
470.43
469.74
466.67
466.76
465.17
464.82
465.17
463.47
463.06
458.15
456.07
454.14
452.22
450.50
447.96
445.45
445.02
442.50
432.48
437.11
431.93
430.50
428.50
426.82
426.35
425.17
425.50
425.50
425.48
426.75
427.78
429.50
431.82
432.92
433.69
435.95
436.00
437.22
436.36
435.35
433.62
431.21
429.63
426.32
420.95
420.00
418.39
418.00
416.13
414.92
413.12
420.33
409.62
410.17
411.10
413.31
413.50
415.16
415.76
416.00
415.31
415.00
412.71
412.54
412.16
409.85
407.43
407.00
403.74
401.16
400.14
398.50
398.50
398.50
398.04
398.00
399.62
399.06
398.92
398.36
399.21
398.50
397.72
397.00
397.00
394.07
390.39
388.96
385.00
383.33
382.50
381.15
381.29
381.37
380.29
381.63
380.68
380.00
381.17
382.50
380.00
375.52
372.74
368.63
364.52
362.73
362.23
361.61
360.27
354.09
355.97
351.46
348.76
341.19
340.00
336.00
334.50
332.95
330.50
329.00
328.00
327.19
326.50
325.12
324.50
324.50
324.50
324.82
324.62
324.54
325.50
325.44
326.50
327.50
328.59
328.50
329.58
333.47
334.50
334.00
335.68
335.59
336.32
337.28
338.75
339.22
340.83
338.04
339.35
340.06
337.63
336.43
331.97
327.50
327.97
327.38
326.96
327.77
328.29
329.25
328.51
327.12
327.59
325.69
328.18
326.90
326.86
326.28
326.39
321.80
318.50
317.50
314.33
313.04
313.17
311.96
311.64
310.50
311.00
311.50
311.17
312.00
312.00
313.00
315.00
314.88
314.36
314.36
314.04
313.00
312.50
312.30
312.00
310.86
312.00
311.12
311.00
312.00
312.00
311.50
310.56
306.00
301.49
301.32
304.21
298.06
306.83
287.26
286.54
284.17
282.31
281.89
280.45
280.34
275.09
281.94
287.48
289.00
298.62
300.38
491.88
1083.20
718.09
280.71
288.38
286.71
282.32
278.69
274.37
272.64
270.50
266.29
262.13
258.48
254.02
257.56
251.24
243.81
236.59
234.25
231.50
230.10
225.73
231.36
238.55
242.65
246.46
254.78
249.07
250.98
253.60
255.94
258.87
258.76
262.00
263.50
264.48
264.92
264.60
263.19
262.00
262.07
260.11
260.14
259.03
258.76
256.88
256.00
251.05
249.50
248.50
248.00
247.64
248.50
253.00
256.29
260.00
262.05
262.38
263.48
262.73
266.33
265.94
266.38
269.61
269.49
270.50
270.50
268.95
265.73
264.82
264.62
264.02
264.04
263.00
261.48
260.50
260.10
258.58
258.83
259.50
260.83
263.70
264.24
265.04
266.23
266.23
266.48
266.50
266.00
268.80
271.56
270.11
271.52
272.03
273.94
282.18
286.94
290.30
295.86
301.46
311.69
320.00
323.19
326.60
328.84
333.89
334.50
336.70
337.00
340.03
339.68
340.40
340.92
339.50
339.00
339.50
339.25
341.46
338.50
324.76
340.79
339.50
339.57
343.65
342.25
341.87
342.10
345.38
355.00
364.51
371.74
373.21
373.57
376.10
368.89
378.42
385.50
382.39
383.00
385.63
393.96
396.74
396.00
396.00
379.41
397.00
398.50
406.00
411.40
412.84
413.87
416.19
421.98
426.67
429.17
432.74
435.09
441.82
447.76
447.47
447.95
448.21
447.00
445.97
446.50
447.70
446.19
445.50
445.74
446.23
446.00
444.62
445.13
444.83
443.81
446.41
433.83
451.46
451.38
452.03
452.90
454.57
456.88
456.41
464.09
461.32
468.39
462.48
447.36
431.81
433.93
443.43
448.94
447.74
445.23
445.42
445.85
440.32
452.27
441.88
441.28
436.07
428.80
428.89
466.17
506.81
529.78
534.98
542.19
543.68
544.02
548.17
550.06
553.67
555.00
564.48
586.65
605.73
602.57
600.09
596.42
598.94
598.77
606.27
600.41
605.41
610.47
614.50
615.80
616.00
615.68
615.82
616.07
615.84
616.34
616.00
617.00
618.49
618.76
620.29
625.09
635.61
637.58
638.75
640.83
648.02
651.59
652.31
655.86
655.86
656.22
658.36
664.66
668.28
668.48
670.00
672.94
674.35
675.44
676.83
676.50
678.00
679.25
680.63
681.12
682.50
683.50
683.50
683.05
682.35
682.00
654.84
683.59
686.62
691.23
696.10
701.94
701.81
701.16
710.02
710.08
709.77
710.98
709.42
709.04
711.83
709.87
713.23
714.47
712.90
713.84
709.83
700.62
699.31
694.41
692.20
690.00
691.31
709.96
723.41
803.59
642.27
666.05
765.82
718.25
669.46
690.67
693.24
693.26
691.41
688.25
690.30
690.97
687.86
682.80
680.97
676.36
678.54
675.53
673.42
673.26
671.27
669.06
664.88
661.17
658.85
657.05
656.50
656.06
656.61
628.17
652.00
650.47
650.76
646.19
646.66
643.62
642.15
640.26
636.54
633.50
620.70
598.43
605.89
603.34
600.19
601.42
600.00
600.11
595.65
593.95
591.39
588.77
589.17
586.83
587.00
585.95
587.00
586.72
586.50
587.83
588.05
588.00
587.50
587.67
587.50
587.50
583.61
579.90
578.84
573.26
569.95
563.87
561.54
560.19
563.74
558.03
543.22
536.94
533.96
532.05
519.06
513.09
507.24
500.00
498.28
497.52
494.27
495.96
490.00
482.72
472.36
467.26
476.38
472.14
467.60
463.03
461.53
460.00
459.30
453.95
454.95
452.89
450.42
448.69
450.34
453.16
453.54
456.20
460.21
461.68
460.65
460.11
460.64
459.38
457.39
457.86
455.44
451.52
445.09
441.78
439.38
440.26
437.17
444.90
437.33
441.96
434.18
436.06
406.66
393.53
380.21
364.32
366.24
358.34
339.66
318.55
339.93
332.02
314.61
322.15
309.59
310.50
308.33
307.25
308.44
308.47
311.58
313.73
313.85
315.10
315.78
315.98
318.84
323.05
326.41
338.43
339.62
342.50
343.08
343.92
345.14
345.50
344.48
341.65
339.28
335.62
331.37
328.18
318.76
316.23
314.05
312.48
298.22
300.04
300.56
295.73
294.50
292.29
291.58
292.00
291.61
294.90
292.39
296.20
296.73
295.28
293.26
295.58
296.00
295.62
295.50
293.85
294.71
293.20
292.35
294.73
293.07
292.55
294.91
294.46
296.00
300.10
302.96
300.57
303.75
305.50
298.96
305.00
311.92
311.97
311.52
309.48
310.32
305.03
303.00
300.20
293.92
282.51
284.12
282.91
270.41
261.28
258.96
254.63
255.59
241.85
245.56
243.47
235.47
230.71
229.52
225.59
222.59
222.00
221.40
220.76
220.17
219.50
218.81
218.87
220.82
222.55
224.62
228.57
229.62
232.50
232.50
233.50
235.29
235.12
236.77
237.47
238.61
245.62
251.31
252.22
253.11
255.50
255.50
257.21
259.59
260.04
261.38
261.50
262.23
262.00
262.50
262.00
261.50
259.76
258.86
259.96
260.04
262.85
264.15
265.61
261.25
262.86
266.91
268.40
270.00
270.58
275.06
284.47
290.71
291.65
291.28
292.76
293.47
290.61
289.24
288.53
287.35
286.00
287.93
284.68
281.75
275.69
270.78
600.20
614.85
495.52
245.36
248.70
251.71
250.72
252.14
251.94
252.68
252.65
252.00
252.28
253.21
253.00
253.57
253.32
254.00
252.28
251.50
250.00
247.50
243.56
242.50
240.43
238.90
238.26
238.15
237.07
237.85
238.00
237.70
237.17
237.00
236.67
236.65
237.00
235.70
236.26
236.50
237.22
237.70
237.57
238.06
239.14
240.81
241.66
241.94
242.35
243.96
243.81
244.59
244.64
245.39
246.10
246.74
248.00
249.23
250.87
250.77
251.00
250.59
252.38
252.58
252.95
245.17
247.35
248.62
248.23
247.34
249.20
249.25
250.70
245.72
252.32
253.88
279.09
305.62
315.56
322.65
315.86
320.92
316.74
321.13
344.80
332.23
339.00
347.50
346.61
347.50
348.00
346.40
348.00
348.50
348.50
349.00
350.00
349.00
350.00
349.50
349.50
352.12
352.00
354.38
358.32
356.83
357.48
362.19
365.49
366.69
361.95
364.48
372.79
379.38
379.40
381.79
382.28
386.41
385.64
386.60
390.75
388.14
389.07
387.50
389.89
390.05
389.15
389.62
389.58
401.46
407.81
411.89
415.21
416.39
422.02
425.77
426.37
425.50
427.69
434.25
442.06
444.39
443.42
447.00
446.42
430.36
444.56
445.77
453.00
457.82
460.21
460.62
461.27
461.02
460.92
462.43
462.92
462.38
462.53
462.18
461.26
458.88
457.17
455.40
456.64
456.07
456.00
459.96
464.84
468.83
472.11
471.72
473.60
474.19
472.46
474.46
475.05
481.89
485.56
486.00
486.46
484.00
484.00
482.63
480.00
479.00
478.00
476.50
474.14
474.00
473.50
472.50
473.47
477.50
482.50
481.67
482.64
485.76
488.86
491.20
506.95
510.34
515.46
523.93
533.17
540.00
540.92
540.22
540.51
539.50
540.50
540.41
537.45
535.62
534.60
533.00
531.48
529.67
528.33
525.58
525.58
525.30
526.17
526.55
526.67
530.65
534.04
535.86
541.05
544.75
548.35
553.78
553.98
555.70
561.26
563.48
577.73
585.37
591.49
599.55
605.43
610.94
614.70
616.34
617.48
619.62
621.17
620.50
622.74
626.34
625.71
624.00
624.50
624.19
623.50
622.95
622.00
621.71
622.00
621.11
622.00
622.00
621.00
620.50
617.12
613.00
610.02
609.37
609.84
611.22
609.25
609.60
608.81
609.22
602.19
602.35
602.19
600.47
603.43
602.21
605.29
603.57
602.77
598.16
599.40
596.79
591.65
593.13
588.95
586.49
583.55
570.79
563.75
601.05
555.50
552.83
904.59
556.46
710.75
536.06
548.24
554.52
554.00
556.82
557.10
562.43
567.92
572.23
578.72
579.70
584.74
585.31
590.70
597.87
600.21
602.07
605.57
605.86
605.13
605.50
603.00
601.12
601.50
598.77
598.24
598.02
592.11
591.00
590.50
589.15
587.50
587.00
587.50
587.50
587.50
587.28
586.65
587.00
586.50
586.62
583.36
585.45
584.40
578.37
575.75
565.34
563.64
572.50
556.67
554.57
549.12
546.26
545.50
544.39
525.43
537.60
532.50
530.12
528.88
528.93
526.33
524.58
521.22
520.67
514.62
491.46
511.62
510.35
508.17
507.60
504.70
502.94
503.00
501.70
498.28
496.07
480.66
494.93
479.21
491.16
488.86
487.56
484.46
462.68
464.67
461.46
455.50
447.93
448.17
447.17
440.14
438.88
439.30
439.00
439.50
439.22
439.50
439.50
442.50
443.82
443.00
444.50
445.00
446.00
444.57
444.83
446.13
447.00
447.50
447.50
450.62
449.83
449.71
447.50
444.10
436.82
430.47
426.93
428.88
424.51
424.02
419.98
420.67
423.02
415.84
415.30
404.77
404.79
404.74
401.96
399.79
399.88
401.82
401.74
413.18
417.57
416.40
417.59
418.06
416.87
418.21
418.64
420.50
424.71
420.42
420.00
419.50
419.92
419.92
419.00
420.00
421.87
421.11
406.59
421.50
422.00
421.50
419.50
416.00
415.46
410.50
399.07
394.11
394.59
387.41
385.80
382.49
379.46
375.12
372.22
370.03
364.50
362.59
360.75
361.50
360.56
360.50
360.50
359.50
359.50
357.19
356.50
356.16
354.50
353.04
350.13
344.57
342.18
339.84
338.35
336.92
335.50
334.92
334.32
332.62
332.90
331.77
331.00
330.26
329.89
327.65
324.43
326.62
326.04
325.65
326.75
328.30
331.11
332.70
334.51
336.85
340.67
343.00
343.56
344.25
347.00
347.50
348.00
347.50
345.90
347.00
328.39
348.00
353.74
358.49
351.11
360.53
360.46
357.04
326.35
343.84
351.15
342.72
352.66
345.28
351.85
342.49
344.71
338.76
337.21
345.60
345.81
349.62
346.09
342.35
339.09
338.52
340.52
329.54
329.36
321.22
334.00
317.60
306.60
313.00
313.50
313.00
313.61
314.70
314.50
315.00
315.00
315.00
315.00
313.50
311.50
310.56
309.62
308.79
308.38
308.83
309.43
309.86
309.63
310.57
311.57
310.08
310.74
311.00
311.05
310.82
308.00
308.24
307.21
305.62
304.75
301.92
294.91
292.63
291.24
290.00
289.50
289.50
288.93
286.65
322.00
295.69
321.21
303.08
473.24
362.51
297.92
299.96
303.35
302.80
303.83
304.50
307.21
309.50
313.06
315.73
316.48
317.41
320.19
322.52
323.48
323.82
323.71
324.27
322.93
322.14
322.08
319.42
317.98
320.00
317.67
314.64
314.93
313.43
313.05
309.11
315.39
315.74
314.95
314.37
320.14
324.59
329.28
330.73
331.00
332.00
333.00
333.18
333.50
334.00
336.25
337.06
340.00
344.57
345.90
336.00
347.42
348.15
351.15
348.39
350.05
352.25
352.04
354.19
353.25
354.81
352.86
349.47
352.03
351.32
352.22
349.70
351.21
347.64
349.05
347.84
344.19
346.04
345.26
348.14
348.57
350.00
351.07
350.50
350.50
351.30
351.00
350.11
350.00
348.50
328.59
346.50
346.00
345.08
343.38
342.39
342.79
340.06
339.00
320.47
337.19
334.21
335.36
336.15
340.21
344.25
347.28
347.31
350.30
349.54
352.30
351.52
352.30
354.32
363.00
366.71
368.50
370.00
370.05
371.48
373.96
379.56
388.38
391.11
406.06
409.16
414.00
413.36
415.24
416.00
416.00
416.00
415.38
416.00
414.18
413.07
412.97
412.00
411.20
411.00
410.50
410.84
414.57
420.60
422.65
420.45
427.61
433.27
434.74
437.12
441.36
453.59
450.71
469.86
476.20
474.81
476.50
479.00
480.55
481.65
482.50
483.66
484.79
486.00
493.47
497.00
499.14
499.50
500.77
503.00
505.42
505.83
506.47
508.64
511.10
522.50
527.50
527.00
480.73
527.00
527.50
527.89
528.50
528.00
531.50
534.00
539.00
539.69
540.89
542.31
549.53
545.83
542.81
547.71
578.02
583.65
597.91
597.12
601.90
605.23
610.50
611.88
593.25
613.57
611.00
610.00
609.50
609.50
612.00
614.00
616.50
616.50
617.00
617.50
619.64
618.50
620.00
620.00
624.79
628.48
640.30
647.73
625.71
665.54
679.67
696.50
705.09
709.92
715.97
717.62
717.26
716.37
717.32
717.67
718.00
718.55
718.93
719.94
719.50
721.14
725.11
727.86
725.00
733.18
736.84
734.82
743.79
748.16
738.67
760.49
767.95
775.65
780.15
781.83
784.50
787.00
788.00
752.77
788.00
786.25
789.04
791.03
767.68
792.91
794.14
794.29
795.95
798.03
797.08
802.05
807.08
813.65
823.00
823.50
827.06
829.93
831.97
833.86
835.47
837.50
842.30
847.52
853.29
856.63
857.49
855.70
860.15
859.97
860.19
864.32
875.46
947.00
1001.23
1077.10
1103.37
1416.06
914.60
851.50
936.67
849.64
921.33
919.50
920.86
922.38
927.80
930.42
930.80
932.77
933.88
933.67
933.95
933.50
933.61
933.52
932.50
931.50
931.43
930.50
930.50
929.69
931.57
931.00
933.75
937.67
939.39
945.86
952.33
953.84
955.71
954.37
950.94
949.47
968.77
978.52
981.65
983.55
986.38
745.25
990.87
993.10
994.26
995.62
996.86
964.93
997.62
999.21
999.76
1003.07
1009.17
1016.39
1019.87
1020.78
1022.50
1023.47
1024.20
1027.00
1028.19
1033.55
1034.81
1036.50
1039.00
1039.79
1010.45
1041.31
1041.97
1042.77
1045.92
1048.53
1053.00
1060.58
1061.74
1064.50
1074.27
1078.93
1080.96
1065.02
1083.84
1085.70
1093.63
1089.68
1097.65
1097.75
1104.53
1102.93
1086.67
1084.57
1080.40
1081.79
1085.16
1079.13
1090.71
1083.88
1075.47
1083.44
1089.31
1095.04
1105.37
1106.83
1106.32
1104.00
1098.81
1093.30
1093.41
1095.58
1093.00
1095.66
1096.05
1095.05
1092.86
1083.70
1076.42
1078.20
1077.37
1076.28
1080.67
1081.41
1085.15
1086.30
1088.20
1089.88
1092.96
1097.10
1078.86
1105.62
1112.00
1120.16
1127.90
1134.47
1134.24
1137.25
1142.03
1145.89
1141.55
1144.94
1147.00
1148.07
1150.75
1150.00
1150.00
1150.00
1107.41
1150.50
1152.74
1157.33
1161.40
1171.92
1171.37
1178.11
1181.21
1174.40
1186.58
1196.65
1211.54
1221.08
1227.18
1232.02
1234.80
1241.68
1243.10
1243.87
1244.82
1245.08
1242.47
1243.83
1244.58
1240.79
1239.15
1239.69
1238.37
1239.66
1240.72
1243.36
1251.12
1254.48
1259.61
1261.44
1265.20
1267.73
1276.70
1271.18
1279.78
1294.72
1299.38
1332.43
1343.30
1345.63
1344.59
1344.03
1342.98
1350.61
1353.14
1323.12
1442.10
1370.25
1373.00
1375.38
1332.52
1379.45
1380.19
1387.79
1388.57
1387.06
1404.63
1421.00
1430.52
1447.26
1467.45
1445.02
1471.48
1460.94
1448.17
1509.19
1514.90
1501.56
1532.19
1517.58
1540.63
1546.55
1535.93
1562.43
1568.77
1582.33
1569.29
1602.38
1607.11
1612.31
1617.00
1623.61
1603.38
1664.28
1633.25
1634.97
1665.38
1669.10
1671.10
1654.13
1688.79
1727.89
1704.65
1708.29
1720.69
1733.69
1771.32
1750.10
1750.49
1751.68
1760.26
1776.09
1757.49
1760.41
1793.62
1800.55
1807.58
1796.77
1823.98
1827.53
1848.51
1865.76
1821.13
1865.40
1856.26
1854.00
1891.59
1895.30
1920.29
1889.62
1939.37
1909.31
1924.47
1947.50
1956.60
1950.19
1970.26
1974.04
1977.42
2006.10
2017.97
2028.59
2015.70
2056.41
2065.87
2093.20
2088.85
2078.22
2104.88
2089.44
2117.50
2100.40
2106.90
2108.62
2148.15
2100.43
2162.26
1988.46
2127.65
2081.15
2200.37
2240.27
2245.74
2244.04
2227.52
2260.67
2258.15
2278.58
2283.51
2287.41
2294.70
2306.48
2312.59
2320.96
2325.88
2329.84
2333.23
2336.93
2353.58
2363.75
2332.45
2345.10
2331.39
2349.43
2349.23
2361.29
2374.40
2378.86
2386.03
2442.92
2415.10
2458.88
2459.37
2461.96
2465.83
2472.17
2444.71
2499.83
2501.71
2464.94
2473.53
2519.54
2521.96
2521.24
2477.95
2524.85
2527.71
2534.03
2543.25
2546.27
2556.88
2562.68
2566.58
2554.08
2579.57
2587.75
2586.26
2588.65
2592.77
2539.21
2622.64
2550.16
2624.44
2630.85
2633.63
2639.23
2639.50
2640.26
2641.41
2640.00
2639.83
2640.50
2639.23
2639.50
2638.50
2637.17
2637.94
2637.23
2636.50
2635.50
2635.89
2635.00
2635.55
2635.43
2637.53
2638.29
2636.22
2637.12
2638.50
2639.81
2641.77
2643.05
2647.80
2649.00
2649.50
2649.00
2648.67
2649.60
2650.00
2653.38
2650.00
2652.92
2649.80
2650.64
2647.93
2646.60
2647.71
2646.00
2648.07
2646.50
2646.27
2641.84
2644.42
2642.33
2638.00
2633.26
2628.39
2615.18
2611.31
2551.98
2606.04
2593.19
2584.78
2599.76
2572.90
2570.72
2567.89
2564.63
2563.48
2562.50
2460.32
2563.00
2563.00
2563.00
2563.12
2563.00
2471.57
2559.86
2557.76
2479.81
2483.71
2543.47
2539.51
2537.35
2536.44
2443.79
2531.53
2528.52
2526.54
2526.00
2523.19
2522.45
2521.65
2432.68
2500.06
2496.19
2490.33
2490.42
2478.65
2471.67
2462.89
2459.30
2457.10
2456.88
2457.00
2454.81
2453.50
2452.36
2451.08
2450.50
2449.81
2449.50
2449.33
2449.00
2449.14
2449.00
2449.83
2450.25
2450.88
2449.15
2446.06
2442.12
2435.74
2432.90
2430.22
2433.63
2430.96
2430.34
2423.55
2418.15
2413.58
2407.50
2406.65
2405.91
2403.50
2403.50
2404.50
2404.50
2402.36
2400.50
2400.26
2397.76
2397.45
2393.83
2390.88
2392.67
2386.29
2376.13
2368.13
2363.12
2357.53
2355.15
2353.49
2349.21
2347.42
2344.22
2342.50
2341.87
2339.73
2340.50
2339.70
2340.00
2339.00
2338.83
2340.00
2340.00
2340.21
2340.18
2340.19
2338.74
2334.00
2331.62
2331.21
2331.64
2329.00
2332.18
2330.58
2328.19
2320.00
2314.24
2310.45
2310.81
2308.57
2306.94
2288.64
2281.93
2253.51
2292.58
2272.42
2284.62
2263.27
2263.95
2253.53
2260.52
2274.64
2279.24
2298.38
2298.20
2303.18
2303.52
2318.41
2323.76
2332.98
2331.16
2331.39
2332.78
2349.79
2350.73
2318.95
2363.11
2324.42
2365.25
2323.74
2369.64
2322.45
2368.78
2393.00
2369.38
2370.65
2332.96
2369.59
2388.14
2397.24
2400.44
2382.61
2406.49
2392.94
2423.88
2424.95
2450.70
2446.69
2378.76
2488.39
2432.84
2471.68
2384.55
2193.45
2077.72
2194.57
2337.00
2435.27
2435.06
2433.50
2272.13
2433.50
2435.50
2440.00
2444.69
2451.60
2449.29
2452.81
2457.93
2464.62
2476.17
2483.23
2491.73
2492.07
2505.78
2508.31
2469.16
2512.38
2515.00
2520.12
2524.88
2524.95
2526.00
2526.68
2529.26
2541.33
2547.00
2552.05
2550.13
2558.13
2562.61
2568.71
2579.50
2576.64
2579.90
2526.61
2591.04
2498.48
2597.72
2598.22
2600.94
2600.50
2600.44
2602.21
2602.05
2601.00
2599.83
2597.95
2596.86
2595.26
2593.75
2594.27
2596.17
2597.13
2602.12
2599.26
2598.23
2598.85
2598.11
2609.71
2614.07
2616.08
2622.96
2630.00
2632.55
2640.09
2597.34
2615.25
2658.43
2664.71
2670.37
2678.29
2644.36
2642.13
2642.75
2700.22
2709.52
2672.13
2670.38
2723.44
2683.20
2746.88
2756.12
2762.27
2759.39
2762.64
2774.29
2772.67
2771.21
2771.86
2780.73
2638.42
2623.00
2787.50
2788.00
2787.50
2787.50
2788.50
2790.60
2794.41
2802.87
2800.67
2804.76
2802.72
2797.17
2802.19
2791.58
2819.26
2833.15
2841.45
2806.13
2867.67
2877.44
2840.20
2882.29
2843.70
2887.90
2901.50
2906.33
2907.74
2913.45
2917.74
2922.61
2930.15
2933.94
2936.81
2938.50
2939.83
2941.50
2943.07
2946.50
2812.68
2947.50
2948.00
2787.67
2980.91
2958.11
2960.05
2960.90
2963.39
2961.91
2962.17
2963.44
2969.50
2972.82
2971.09
2903.90
2976.50
2979.65
2983.20
2983.69
2980.72
2984.00
2992.12
3004.18
3013.11
3012.68
3014.87
3018.53
3022.57
3024.06
3026.82
3035.12
3034.95
2891.57
3036.00
3036.50
2885.80
3038.50
3039.07
3041.00
3044.55
3048.26
3054.08
3054.82
3062.82
3070.73
3073.62
3029.07
3077.87
3078.71
3080.28
3091.82
3087.49
3097.95
3100.00
3105.56
3108.74
2970.23
3112.22
3113.00
3116.00
3119.00
3123.08
3042.61
3054.75
3136.94
3138.56
3139.65
3140.15
3142.49
3144.24
3146.18
3147.86
3148.42
3148.32
3148.34
3033.04
3151.94
3153.21
3151.72
3149.00
3148.70
3145.25
3145.65
3147.04
3146.85
3148.24
3153.15
3154.66
3158.60
3160.65
3166.72
3167.50
3169.85
3172.55
3172.96
3176.55
3179.00
3182.04
3181.58
3184.92
3186.35
3185.26
3185.00
3185.67
3183.69
3183.50
3184.07
3183.12
3182.00
3180.80
3183.00
3183.00
3182.73
3182.68
3181.00
3185.71
3194.24
3197.95
3199.18
3200.07
3198.96
3200.81
3199.62
3202.60
3210.88
3214.59
3215.88
3217.50
3216.50
3216.50
3217.08
3216.50
3216.83
3217.50
3221.50
3227.57
3229.50
3232.57
3233.54
3233.80
3234.50
3234.67
3235.17
3235.10
3236.50
3237.00
3234.93
3232.00
3228.97
3225.90
3223.39
3218.03
3211.67
3209.93
3207.00
3204.16
3204.69
3203.23
3196.16
3195.28
3107.88
3190.50
3189.50
3189.50
3189.00
3189.50
3190.67
3191.50
3192.50
3193.00
3195.35
3197.39
3201.49
3135.41
3207.32
3211.38
3215.07
3215.40
3221.19
3221.58
3221.07
3224.43
3226.91
3135.66
3231.54
3230.50
3231.52
3231.50
3231.00
3230.26
3229.50
3229.50
3228.50
3226.00
3224.50
3222.00
3221.50
3221.00
3220.00
3219.00
3218.50
3216.50
3215.00
3213.64
3213.62
3213.59
3213.00
3213.00
3212.50
3212.50
3212.50
3213.41
3212.42
3212.50
3212.50
3213.00
3213.00
3213.00
3216.00
3219.38
3219.50
3220.06
3223.10
3223.00
3222.97
3221.72
3222.57
3223.21
3223.67
3223.88
3223.59
3222.88
3222.62
3221.14
3220.91
3220.20
3219.07
3218.66
3217.89
3216.23
3216.00
3216.00
3216.27
3215.72
3218.59
3217.14
3217.15
3215.03
3216.11
3212.90
3215.62
3212.75
3209.16
3215.69
3209.08
3197.50
3195.11
3190.13
3190.00
3189.59
3189.87
3189.00
3188.56
3184.43
3182.17
3180.14
3172.30
3127.73
3120.20
3112.94
3105.59
3110.69
3118.72
3121.53
3090.11
3130.84
3122.11
3108.07
3106.10
3135.54
3160.92
3158.41
3160.62
3163.78
3165.18
3166.90
3168.75
3171.91
3174.71
3173.18
3170.50
3175.24
3175.07
3107.36
3167.04
3166.61
3161.42
3159.76
3157.95
3157.28
3154.99
3151.07
3144.70
3135.29
3121.63
3119.22
3112.82
3110.59
3109.72
3108.03
3107.91
3105.70
3104.93
3103.17
3101.19
3097.89
3096.50
3088.95
3083.85
3080.21
3023.90
3027.00
3073.40
3014.06
3015.66
3064.24
3004.02
2981.41
3029.31
3017.13
3010.69
3006.98
2997.11
2984.67
2981.16
2988.10
2985.98
2983.46
2977.50
2976.53
2974.94
2971.10
2967.07
2962.86
2962.00
2960.00
2960.38
2960.16
2959.12
2957.33
2773.06
2955.18
2955.80
2956.71
2956.00
2955.00
2953.33
2951.19
2947.79
2947.85
2948.69
2947.27
2945.65
2943.36
2944.76
2944.82
2946.00
2945.24
2945.18
2944.94
2944.70
2943.30
2945.50
2947.10
2946.65
2947.00
2948.00
2948.00
2947.00
2945.42
2943.74
2945.31
2942.95
2944.00
2944.00
2942.07
2943.27
2940.33
2937.00
2850.58
2882.78
2888.79
2869.39
2825.17
2859.95
2798.84
2847.24
2824.26
2824.34
2838.45
2767.00
2814.22
2805.81
2804.06
2800.29
2747.25
2793.69
2787.91
2783.33
2780.97
2799.38
2766.76
2758.68
2667.69
2751.04
2749.95
2745.00
2741.16
2738.14
2731.88
2725.85
2720.53
2712.61
2591.12
2719.72
2691.17
2685.29
2677.90
2672.19
2670.59
2669.84
2666.66
2664.94
2658.12
2596.30
2641.72
2567.55
2634.17
2622.23
2612.73
2609.28
2607.09
2603.17
2602.02
2600.64
2596.00
2585.00
2588.54
2577.83
2573.44
2568.04
2564.03
2562.96
2561.00
2559.93
2479.74
2550.00
2521.41
2499.33
2427.28
2395.29
2345.43
2123.76
2455.82
2146.64
2377.20
2493.16
2515.59
2448.98
2480.63
2479.82
2477.36
2471.48
2466.29
2455.39
2444.18
2436.87
2392.18
2416.00
2383.83
2379.57
2407.63
2411.36
2362.58
2349.57
2350.26
2349.69
2313.34
2315.22
2308.14
2303.48
2260.38
2259.15
2248.78
2233.16
2230.04
2234.58
2219.15
2225.68
2224.41
2197.36
2167.76
2164.46
2158.33
2171.10
2149.00
2166.38
2091.01
2151.76
2128.88
2117.25
2105.88
2096.39
2084.92
2081.10
2080.12
2074.82
2083.84
2045.45
2053.44
2048.52
2040.95
2036.13
1994.62
2014.41
2007.81
1974.23
1994.56
2014.81
2011.87
1937.54
1942.84
1937.69
1931.90
1953.40
1941.27
1933.80
1931.80
1900.24
1920.28
1916.17
1905.82
1880.32
1899.80
1905.67
1888.33
1880.48
1881.56
1876.38
1874.76
1873.50
1869.50
1862.00
1858.61
1860.23
1855.18
1853.43
1846.75
1844.14
1836.42
1803.74
1843.76
1802.65
1791.19
1777.33
1765.52
1762.39
1757.08
1746.84
1750.43
1743.40
1742.06
1743.28
1740.09
1732.88
1730.56
1729.50
1725.03
1728.07
1721.78
1724.69
1719.27
1710.13
1694.55
1676.32
1665.77
1654.13
1644.20
1629.61
1625.69
1597.82
1614.58
1610.05
1598.49
1596.25
1592.29
1588.28
1583.58
1570.33
1533.16
1558.52
1554.95
1553.92
1553.60
1552.14
1551.21
1544.75
1539.03
1525.75
1516.76
1511.62
1508.63
1505.62
1490.10
1480.73
1473.78
1459.30
1432.60
1409.48
1419.66
1411.61
1414.45
1412.31
1402.76
1397.62
1395.45
1359.56
1375.00
1372.50
1372.28
1370.00
1367.50
1361.89
1358.15
1350.92
1344.29
1341.52
1339.47
1339.69
1334.60
1330.32
1326.36
1303.47
1288.86
1304.12
1296.17
1284.71
1278.37
1276.77
1272.16
1268.50
1267.00
1234.29
1262.74
1259.00
1256.50
1214.79
1207.87
1235.72
1228.67
1227.06
1224.54
1219.82
1215.80
1212.51
1210.24
1207.49
1201.96
1201.08
1191.72
1188.12
1185.49
1183.55
1179.06
1176.65
1170.00
1137.98
1163.36
1162.07
1161.23
1160.02
1160.22
1159.44
1156.75
1150.50
1148.50
1146.50
1105.62
1140.71
1138.95
1135.79
1131.06
1128.26
1125.48
1123.19
1120.39
1118.23
1117.18
1114.25
1112.55
1103.59
1101.00
1097.77
1097.42
1097.89
1094.83
1094.37
1094.33
1093.90
1092.92
1090.00
1057.12
1042.39
1060.07
1033.18
1044.99
1043.60
1039.67
1039.76
1024.73
1020.80
1033.27
1026.41
1022.76
1006.48
997.71
977.33
900.50
896.21
893.24
895.44
890.68
888.73
881.36
880.97
886.86
871.20
871.75
900.50
897.87
890.43
889.18
874.15
879.40
876.23
871.03
863.36
865.71
865.42
864.03
865.83
864.39
863.88
863.03
859.39
855.35
853.59
850.60
847.70
847.89
846.41
845.51
841.89
837.26
836.32
833.81
829.48
829.00
828.06
828.00
826.15
826.79
826.15
825.00
824.35
819.67
814.96
812.89
812.48
809.12
812.16
804.61
811.55
798.92
801.35
879.24
741.82
798.96
797.90
797.00
798.85
889.30
798.03
773.29
798.50
798.00
792.50
789.50
787.32
786.50
784.50
784.50
781.47
779.68
778.00
749.63
772.50
770.50
770.00
769.50
767.75
765.58
766.44
757.73
752.05
751.96
743.67
743.35
737.32
733.06
726.31
722.95
719.84
717.50
714.57
710.00
705.08
703.96
702.68
702.62
701.15
694.42
689.73
689.12
687.12
686.74
682.90
680.81
678.82
674.03
671.88
659.07
654.65
654.10
652.50
652.00
650.50
649.14
647.13
648.60
647.46
651.16
653.71
656.64
655.00
657.79
658.34
659.38
658.50
659.00
659.35
659.30
658.83
657.76
656.16
655.45
653.75
652.50
651.74
651.09
647.64
640.15
636.40
632.79
631.08
628.92
628.43
625.53
620.73
618.19
617.03
614.50
612.24
611.00
610.00
609.00
593.17
607.00
607.53
607.00
609.00
608.83
613.56
615.17
621.04
623.00
623.83
627.29
629.22
630.81
635.55
639.03
641.96
646.80
651.31
653.79
739.18
657.50
659.41
660.12
664.61
664.81
665.50
666.00
667.50
669.29
670.50
671.50
672.30
672.50
672.81
672.50
673.00
676.00
679.00
684.09
688.03
688.61
686.00
690.67
691.21
675.91
693.71
697.86
700.30
703.65
706.89
709.00
708.25
708.79
714.83
717.50
717.03
717.42
716.90
717.63
717.92
716.94
718.03
718.28
719.23
719.92
694.37
720.43
720.50
719.50
680.53
716.00
671.25
714.50
714.50
714.50
714.50
714.00
711.09
711.50
711.50
711.00
712.00
713.15
714.23
714.50
716.71
718.13
722.46
727.28
727.57
724.88
739.78
748.19
735.47
755.08
741.91
758.29
779.66
783.74
782.32
762.68
763.87
755.91
759.21
758.88
747.55
754.48
750.05
746.09
737.54
716.20
712.84
717.00
715.00
684.88
713.50
714.25
717.03
720.58
721.89
723.88
723.56
725.50
714.80
733.37
734.75
740.33
747.18
733.91
736.33
758.79
762.76
764.21
745.03
774.80
778.44
755.81
781.50
782.00
784.00
762.87
762.45
790.08
790.93
790.93
790.88
790.15
786.00
784.47
783.03
783.66
781.50
779.59
780.00
779.45
779.42
781.54
784.50
787.98
789.13
789.00
791.26
792.27
794.00
795.14
796.00
795.23
794.40
793.45
788.55
779.85
780.25
774.64
768.08
774.08
767.46
756.09
754.34
746.93
738.11
715.90
726.33
723.56
686.21
723.93
723.50
724.00
725.00
725.50
726.00
726.45
727.50
729.26
731.80
730.25
734.57
734.62
735.50
736.42
670.09
734.57
853.09
720.70
614.10
592.20
555.14
687.67
686.26
769.14
779.53
653.82
655.52
673.18
671.93
668.62
666.50
664.88
663.50
663.50
661.69
660.42
659.85
659.00
659.50
660.41
659.39
658.74
658.44
656.50
649.69
647.66
639.91
637.06
638.59
632.13
617.44
616.39
608.07
606.07
604.96
603.00
580.86
600.15
591.26
587.18
584.16
584.10
626.77
570.71
567.94
557.48
551.20
538.14
525.06
525.73
577.93
508.98
502.57
509.41
504.50
505.00
504.50
486.37
504.00
504.00
584.22
501.50
500.00
493.80
478.67
475.00
467.82
464.55
460.28
448.65
448.48
448.95
448.92
437.29
433.80
420.95
400.35
399.57
416.79
417.00
416.00
416.00
416.00
413.80
408.94
405.21
383.85
402.68
401.82
382.71
399.50
397.00
395.00
392.62
391.00
377.12
365.79
344.83
328.86
331.41
333.63
343.49
341.61
338.74
340.71
352.71
331.85
346.69
367.83
371.67
369.42
369.27
368.63
369.79
366.61
364.00
363.89
357.70
356.20
352.54
350.52
405.19
336.53
341.56
327.64
326.65
313.08
321.70
318.50
317.00
314.46
311.48
414.14
304.31
297.76
295.80
291.65
291.11
284.65
280.39
270.59
260.74
327.23
258.43
252.71
251.50
245.40
237.60
236.80
232.50
227.07
222.60
329.00
218.64
319.73
218.07
325.65
221.88
224.55
228.30
229.42
231.94
232.56
235.07
237.67
236.22
240.35
239.50
239.50
241.00
243.00
243.72
246.50
237.30
248.41
250.04
250.50
251.25
252.50
252.50
252.50
252.52
251.75
252.30
252.00
252.00
252.00
252.57
252.50
253.00
254.50
255.62
256.00
258.04
256.39
256.00
256.00
258.27
260.00
260.50
260.00
257.61
249.73
395.50
240.00
127.50
15.00
673.95
1302.13
767.32
881.75
1098.27
1421.85
1353.32
1422.77
1316.43
1510.11
1312.27
1477.98
1430.13
1536.12
1207.29
1392.94
1392.94
1226.50
1293.77
903.38
1510.09
1230.33
16.00
1276.12
1534.74
1629.38
1394.12
1577.03
1600.42
1622.58
1221.79
1224.86
1362.46
15.50
15.50
696.33
1351.17
1436.44
947.92
148.50
1261.00
1382.71
1460.67
1385.65
1435.67
1080.20
1592.52
1662.61
1622.53
15.00
1445.71
1369.01
882.07
1365.78
263.33
1354.00
1385.04
1021.77
1391.57
1412.86
23.00
1295.77
1482.05
1342.06
1300.06
1466.13
1511.59
986.76
1335.39
1713.09
1791.86
2309.41
2349.10
2275.29
22.50
2124.00
2188.86
2291.44
1952.91
1997.94
2026.00
1878.58
2030.63
1827.96
1602.98
1582.80
1496.88
1513.50
1379.54
1328.84
1312.06
1199.91
1350.11
1449.82
1328.47
1285.12
904.38
1185.00
1313.26
1498.85
1734.08
