1669.81
2063.25
2150.73
976.83
1440.04
2304.08
1805.05
1762.62
2037.81
1444.58
1676.98
1790.37
2134.41
1979.73
1906.13
1950.76
1992.75
1150.67
1580.67
1770.84
2006.81
536.50
1814.11
2079.68
1531.21
2170.72
2289.79
2268.50
2150.73
2266.42
2303.13
2243.31
2250.30
2291.84
2489.04
2550.71
2726.36
2547.98
2619.01
2662.96
2725.71
2741.11
2781.65
2512.08
2534.85
2321.97
2466.31
2342.71
2346.79
2319.91
2493.98
2448.65
2507.45
2780.08
2804.36
4875.50
4875.60
4874.75
4880.71
4877.73
4877.75
4880.20
4879.50
4877.45
4876.69
4882.11
4875.60
4885.00
4873.67
5094.45
5187.67
5209.65
5205.94
5211.88
5197.50
5212.37
5226.29
5228.08
5255.82
5257.39
5253.19
5255.10
5256.48
5263.85
5268.14
5274.09
5276.67
5273.79
5285.00
5295.87
5296.83
5295.30
5295.15
5301.86
5302.67
5304.57
5305.25
5310.17
5306.50
5311.14
5316.67
5317.10
5318.36
5321.67
5320.00
5330.67
5322.20
5321.10
5321.36
5342.83
5343.94
5342.00
5319.08
5320.17
5327.90
5312.04
5308.57
5306.04
5309.36
5307.79
5303.04
5301.61
5308.00
5301.83
5296.38
5308.18
5318.55
5316.83
5321.44
5324.25
5319.75
5318.50
5086.00
4851.00
4850.00
4850.25
4850.33
4848.50
4849.50
4849.60
4851.00
4850.50
4851.00
5229.33
5289.60
5287.82
5287.93
5291.14
5294.74
5297.96
5295.73
5301.10
5300.21
5297.18
5303.67
5309.40
5315.33
5311.60
5316.33
5308.75
5302.70
5306.12
5304.07
5314.29
5309.07
5306.53
5304.93
5302.11
5300.67
5310.38
5306.31
5300.75
5301.44
5312.08
5314.08
5308.44
5305.28
5305.14
5306.75
5306.63
5305.31
5306.06
5313.64
5308.84
5309.53
5311.93
5309.61
5312.15
5316.60
5319.25
5318.14
5319.71
5319.07
5313.00
5322.60
5323.62
5317.00
5315.40
5320.67
5320.60
5314.00
5318.00
5317.20
5309.71
5314.75
5312.55
5313.50
5317.25
5316.42
5318.00
5317.11
5315.29
5315.60
5309.67
5311.11
5306.67
5313.29
5308.29
5303.31
5301.80
5300.57
5297.00
5290.00
5281.50
5272.00
5269.33
5267.18
5276.56
5268.67
5261.74
5261.94
5259.59
5253.06
5248.37
5246.31
5248.43
5247.30
5255.35
5263.12
5263.86
5253.77
5268.73
5272.70
5280.70
5292.69
5300.36
5297.00
5302.38
5298.86
5298.88
5302.54
5302.50
5303.12
5300.12
5300.75
5302.58
5297.08
5295.44
5296.06
5297.40
5298.23
5299.00
5289.36
5289.00
5277.40
5285.88
5256.12
5249.80
5258.10
5244.74
5245.14
5240.71
5236.39
5232.62
5230.17
5223.62
5232.29
5230.59
5224.94
5223.75
5225.50
5220.67
5116.48
5098.74
5046.36
5047.65
5025.88
4996.53
4957.65
4912.35
4925.17
4855.50
4782.15
4702.29
4627.23
4534.54
4553.48
4391.03
4300.86
4098.69
4053.59
3944.46
3856.78
3871.51
3826.09
3831.12
3809.73
3784.67
3808.71
3819.18
3783.67
3796.38
3782.17
3780.15
3783.00
3779.57
3776.00
3778.18
3779.42
3782.67
3785.00
3800.29
3804.60
3815.08
3815.80
3833.30
3820.59
3839.29
3841.33
3844.00
3844.00
3844.43
3844.25
3842.75
3837.50
3838.33
3837.22
3837.50
3832.43
3831.08
3817.72
3813.59
3798.46
3799.46
3796.81
3810.17
3802.64
3802.83
3761.50
3756.60
3756.80
3757.17
3755.00
3753.00
3759.20
3760.50
3760.00
3760.50
3761.00
3759.00
3753.00
3757.00
3759.00
3758.50
3757.83
3752.00
3755.67
3755.00
3761.00
3757.00
3756.50
3756.00
3758.00
3756.75
3758.00
3756.17
3756.00
3759.00
3756.67
3755.33
3757.80
3758.83
3760.00
3763.17
3760.73
3759.07
3760.43
3759.33
3762.00
3759.75
3744.00
3754.75
3753.14
3763.00
3733.89
3724.07
3608.29
3715.69
3705.36
3581.43
3711.91
3715.17
3714.82
3509.89
3724.33
3768.00
3770.50
3768.38
3771.85
3778.14
3780.33
3785.67
3790.00
3795.95
3797.88
3793.38
3799.09
3808.39
3800.28
3801.09
3798.80
3798.56
3791.95
3791.46
3780.40
3801.45
3807.00
3811.80
3809.08
3812.80
3820.43
3811.31
3823.00
3816.78
3810.32
3807.97
3802.34
3799.52
3798.76
3803.30
3792.12
3777.33
3769.00
3768.57
3768.06
3767.90
3768.97
3770.80
3764.82
3769.70
3771.33
3776.33
3772.62
3773.29
3771.85
3771.29
3771.14
3773.00
3772.38
3773.14
3766.46
3767.00
3758.42
3761.50
3757.11
3755.67
3756.94
3759.40
3761.12
3765.58
3764.50
3763.09
3790.75
3790.80
3784.80
3790.63
3796.11
3794.36
3800.20
3804.42
3811.36
3816.14
3808.60
3814.20
3820.31
3818.64
3827.40
3826.00
3818.24
3818.80
3814.50
3814.88
3822.75
3815.38
3818.53
3808.40
3814.47
3817.32
3815.87
3818.20
3815.84
3821.46
3819.25
3820.47
3821.97
3812.90
3818.04
3812.46
3812.79
3817.59
3817.88
3807.19
3815.04
3814.52
3811.87
3810.13
3802.33
3801.08
3803.83
3798.71
3802.80
3808.67
3805.67
3798.80
3813.45
3813.86
3812.75
3807.33
3813.30
3816.50
3818.33
3816.50
3819.00
3823.00
3818.33
3817.80
3817.75
3817.75
3802.20
3792.47
3807.34
3786.75
3785.85
3773.00
3776.00
3775.57
3774.43
3774.38
3775.80
3779.17
3781.67
3782.50
3781.60
3783.00
3786.00
3788.00
3786.00
3793.57
3788.14
3790.50
3781.80
3782.37
3779.68
3779.00
3774.17
3783.80
3774.79
3776.11
3769.50
3761.50
3762.17
3764.38
3765.50
3761.00
3763.11
3752.19
3754.32
3747.60
3745.15
3748.00
3753.00
3758.00
3758.00
3754.20
3759.07
3754.26
3747.17
3752.24
3749.39
3749.88
3749.24
3753.56
3751.94
3748.88
3749.06
3747.40
3749.86
3752.96
3757.65
3754.75
3757.44
3758.83
3756.83
3758.60
3757.71
3754.95
3752.65
3749.09
3751.27
3748.89
3754.77
3740.79
3745.58
3741.56
3744.00
3727.67
3714.14
3727.00
3716.31
3711.68
3711.89
3710.30
3713.67
3712.89
3718.82
3722.75
3728.85
3729.75
3731.33
3735.15
3727.64
3747.15
3750.76
3753.33
3750.71
3749.89
3751.67
3748.56
3748.50
3745.44
3737.50
3742.64
3749.37
3747.44
3749.56
3744.75
3750.75
3754.54
3757.47
3756.17
3753.00
3758.14
3757.06
3759.82
3755.30
3760.82
3761.36
3763.40
3761.36
3759.57
3754.00
3756.35
3751.36
3749.77
3746.85
3746.57
3745.00
3746.12
3747.00
3747.85
3743.40
3746.17
3744.83
3746.54
3748.62
3746.73
3745.82
3748.29
3752.00
3747.20
3741.60
3744.00
3739.25
3737.86
3738.60
3719.88
3714.39
3712.60
3713.55
3713.53
3717.21
3713.62
3716.00
3713.94
3715.56
3711.33
3716.86
3717.10
3720.00
3721.50
3719.75
3721.83
3722.50
3739.22
3746.68
3749.57
3743.33
3747.18
3754.15
3756.50
3754.77
3757.90
3760.18
3763.67
3764.08
3766.57
3764.81
3768.40
3765.57
3769.79
3765.89
3766.88
3771.27
3780.60
3778.73
3776.54
3774.31
3772.85
3773.45
3773.06
3773.36
3768.72
3767.40
3769.71
3769.14
3767.05
3772.04
3777.92
3772.00
3771.88
3770.14
3775.33
3774.67
3799.39
3809.83
3807.20
3805.90
3808.74
3803.90
3803.75
3794.40
3800.33
3805.40
3803.71
3786.43
3790.87
3784.08
3796.00
3794.80
3797.50
3790.00
3798.88
3799.42
3806.50
3808.47
3814.59
3811.75
3806.20
3807.22
3820.39
3817.19
3819.18
3818.10
3812.94
3816.61
3816.56
3804.76
3792.33
3802.22
3807.12
3796.30
3776.08
3765.60
3760.29
3754.11
3752.80
3750.95
3750.23
3752.90
3759.70
3759.33
3762.56
3764.36
3767.36
3768.08
3767.50
3765.33
3809.08
3803.43
3806.25
3814.30
3813.72
3819.56
3821.97
3835.04
3845.35
3846.88
3835.60
3846.62
3849.88
3849.00
3856.38
3846.43
3861.43
3850.89
3838.11
3829.97
3838.87
3827.89
3825.32
3828.84
3817.19
3815.20
3817.54
3813.20
3807.17
3805.05
3806.91
3809.83
3814.45
3819.25
3817.47
3815.00
3820.17
3819.00
3818.93
3817.85
3814.56
3820.71
3820.56
3819.40
3812.64
3811.67
3812.25
3812.65
3809.36
3810.31
3803.54
3803.50
3804.83
3804.33
3802.60
3784.43
3757.56
3753.22
3750.33
3764.68
3754.65
3755.36
3753.29
3747.67
3740.75
3742.38
3745.83
3745.00
3739.79
3734.08
3730.27
3722.07
3713.14
3709.45
3718.18
3708.57
3697.86
3697.46
3699.13
3698.58
3699.60
3701.67
3701.14
3704.20
3699.33
3705.17
3710.33
3700.29
3713.29
3712.67
3726.81
3730.07
3735.72
3738.10
3742.25
3747.95
3743.92
3743.60
3746.18
3750.12
3750.27
3743.93
3744.12
3742.11
3742.40
3741.00
3742.50
3740.60
3738.25
3742.40
3743.00
3744.00
3740.82
3741.09
3745.80
3744.00
3740.80
3742.00
3745.25
3790.58
3802.25
3805.34
3818.72
3812.12
3823.56
3824.30
3830.10
3829.40
3829.14
3836.71
3840.00
3844.33
3853.10
3851.91
3854.53
3850.69
3845.30
3843.67
3844.60
3840.44
3840.50
3847.50
3850.83
3849.80
3857.14
3851.14
3858.40
3858.00
3864.25
3863.29
3864.00
3864.00
3855.44
3845.27
3840.44
3837.94
3833.50
3830.50
3834.13
3827.73
3829.67
3825.18
3817.06
3808.33
3809.33
3810.00
3810.38
3810.87
3809.83
3811.83
3814.70
3816.95
3828.00
3822.93
3827.00
3822.53
3820.80
3826.60
3816.50
3829.92
3832.00
3835.64
3836.40
3830.67
3827.82
3824.35
3821.05
3823.41
3824.21
3825.19
3825.23
3823.94
3825.65
3820.72
3819.81
3816.11
3822.73
3732.17
3764.17
3756.31
3759.69
3716.85
3711.76
3690.15
3614.31
3799.10
3808.50
3809.25
3802.33
3806.71
3807.07
3811.25
3814.00
3811.00
3811.00
3812.30
3815.00
3814.75
3819.86
3813.60
3817.69
3821.89
3821.14
3823.87
3823.11
3824.00
3832.78
3832.67
3842.00
3828.22
3827.29
3824.88
3825.43
3823.20
3820.58
3817.00
3816.67
3821.47
3803.85
3803.25
3797.75
3796.62
3790.81
3792.78
3785.55
3782.38
3781.20
3781.43
3779.80
3780.24
3781.44
3775.70
3776.60
3776.00
3776.00
3769.14
3764.75
3770.63
3768.93
3761.31
3763.90
3764.04
3763.68
3768.11
3761.17
3754.21
3752.00
3751.00
3751.73
3749.75
3747.67
3751.20
3748.50
3745.50
3744.00
3747.00
3743.80
3732.29
3728.69
3723.36
3713.69
3712.19
3718.65
3707.43
3710.38
3707.35
3705.75
3702.11
3708.86
3712.32
3717.17
3720.55
3731.75
3732.74
3718.94
3732.24
3739.95
3744.81
3738.00
3710.70
3725.55
3741.57
3722.58
3733.45
3723.39
3709.58
3705.31
3708.53
3709.25
3713.90
3710.48
3709.79
3710.00
3713.94
3718.30
3722.40
3722.00
3736.60
3731.71
3734.33
3722.30
3719.50
3720.62
3719.67
3717.38
3720.41
3714.00
3712.25
3712.73
3713.88
3708.20
3690.15
3698.23
3666.40
3664.18
3663.91
3661.62
3666.33
3664.00
3664.40
3666.88
3665.67
3667.86
3667.00
3667.00
3669.00
3664.50
3662.33
3657.00
3660.50
3654.46
3653.38
3653.72
3658.00
3656.91
3655.47
3654.16
3653.62
3654.25
3656.00
3660.11
3661.00
3662.88
3656.11
3660.33
3661.00
3660.00
3665.08
3657.81
3655.00
3660.60
3659.82
3667.00
3683.42
3690.58
3690.38
3691.36
3685.75
3689.73
3691.47
3691.89
3707.67
3707.18
3697.94
3698.05
3701.28
3703.17
3699.36
3703.50
3693.33
3700.20
3700.58
3699.71
3703.10
3699.43
3695.38
3694.82
3697.20
3694.33
3682.64
3680.36
3677.82
3676.82
3676.38
3675.08
3675.83
3668.47
3661.00
3672.92
3685.50
3693.00
3690.42
3697.60
3696.40
3689.50
3697.13
3701.55
3694.60
3703.90
3702.74
3704.06
3695.06
3700.77
3693.72
3697.50
3696.06
3692.89
3697.06
3694.00
3683.92
3678.71
3679.33
3681.00
3683.67
3685.00
3687.00
3685.71
3689.00
3698.11
3689.56
3690.53
3691.05
3689.18
3689.86
3692.69
3696.30
3692.27
3692.00
3691.55
3690.77
3689.62
3688.21
3691.11
3671.65
3665.59
3664.65
3665.23
3672.64
3673.38
3687.73
3685.71
3691.07
3693.47
3695.83
3692.42
3693.47
3696.69
3697.00
3696.67
3696.95
3704.39
3700.03
3695.70
3696.33
3699.12
3693.64
3692.13
3689.71
3687.00
3683.00
3683.00
3680.12
3677.00
3680.71
3682.25
3681.40
3682.00
3684.75
3688.60
3689.67
3683.04
3682.70
3698.44
3702.69
3712.50
3708.50
3694.14
3711.07
3739.62
3740.50
3740.00
3746.50
3749.85
3752.20
3754.40
3756.20
3755.68
3758.22
3759.25
3763.00
3765.43
3764.00
3763.00
3754.20
3750.35
3746.78
3748.88
3743.93
3746.45
3739.00
3740.00
3701.11
3688.81
3672.10
3667.62
3665.68
3665.12
3662.97
3659.05
3651.62
3653.83
3655.79
3654.92
3655.93
3654.00
3659.86
3661.92
3681.00
3677.32
3688.70
3688.86
3685.86
3703.06
3698.50
3698.73
3702.78
3707.61
3702.69
3703.07
3701.89
3701.96
3698.74
3699.71
3712.50
3702.06
3701.92
3708.40
3707.15
3714.50
3714.93
3715.25
3713.33
3716.00
3715.19
3714.25
3713.44
3709.80
3711.17
3711.00
3711.11
3710.31
3703.47
3706.27
3703.94
3698.18
3699.11
3693.50
3690.15
3690.74
3686.67
3696.14
3698.85
3692.07
3695.53
3691.12
3697.84
3698.36
3696.35
3697.05
3700.00
3698.68
3696.35
3694.43
3694.33
3697.07
3697.61
3700.50
3693.00
3701.00
3700.33
3698.23
3696.67
3701.65
3703.73
3703.65
3700.25
3699.60
3698.83
3703.86
3700.78
3694.90
3694.85
3697.38
3699.90
3697.33
3693.50
3699.00
3690.50
3697.65
3697.27
3699.67
3694.92
3700.94
3701.38
3704.00
3701.88
3696.21
3704.47
3697.33
3695.53
3694.09
3686.56
3684.00
3688.00
3657.75
3652.33
3654.46
3657.45
3652.00
3646.92
3641.56
3637.27
3634.10
3633.25
3635.38
3632.82
3638.13
3644.00
3639.30
3654.00
3645.69
3652.44
3653.00
3652.50
3657.00
3658.83
3655.45
3656.33
3658.18
3658.38
3659.00
3660.50
3661.27
3661.00
3660.25
3658.50
3658.50
3656.91
3654.23
3656.78
3659.62
3660.39
3657.71
3657.83
3660.60
3662.57
3686.67
3685.43
3684.44
3687.25
3669.00
3685.53
3688.76
3675.00
3682.86
3682.26
3676.88
3679.40
3675.50
3667.38
3664.47
3666.69
3669.47
3666.57
3673.29
3678.05
3674.08
3671.84
3676.83
3676.19
3677.74
3682.20
3681.43
3680.27
3680.28
3678.15
3684.21
3687.12
3688.50
3693.37
3695.41
3703.32
3706.30
3710.64
3714.56
3716.68
3711.22
3714.00
3723.71
3719.00
3718.29
3718.00
3720.00
3730.50
3722.71
3718.08
3717.00
3716.33
3718.58
3719.67
3724.56
3725.00
3724.83
3726.00
3724.50
3719.25
3721.11
3718.78
3716.88
3718.90
3717.60
3717.00
3714.15
3725.82
3721.09
3732.60
3725.04
3735.80
3720.18
3751.54
3746.00
3784.50
3770.24
3768.33
3768.76
3769.93
3775.10
3768.71
3755.36
3762.75
3762.29
3766.90
3762.09
3761.43
3757.10
3752.04
3746.08
3744.67
3743.75
3742.25
3743.00
3744.70
3745.25
3746.17
3747.33
3746.50
3744.50
3744.62
3744.17
3741.50
3742.83
3738.00
3716.17
3717.44
3715.57
3718.13
3719.77
3727.59
3725.45
3734.80
3737.08
3747.00
3742.18
3742.77
3744.94
3745.86
3751.50
3704.67
3716.29
3716.42
3554.62
3391.12
3733.18
3768.60
3771.20
3773.40
3774.50
3772.87
3774.33
3771.81
3769.50
3774.33
3775.00
3769.00
3768.00
3771.33
3772.10
3775.20
3769.57
3769.00
3773.50
3771.60
3771.62
3772.43
3770.29
3770.31
3770.00
3771.78
3771.62
3775.20
3774.75
3779.38
3781.71
3782.11
3781.27
3780.73
3781.38
3783.50
3782.50
3779.20
3781.14
3781.08
3777.00
3775.43
3768.79
3772.07
3768.50
3766.00
3769.71
3770.70
3772.00
3770.17
3765.67
3765.25
3770.14
3774.90
3775.80
3776.00
3776.00
3772.12
3771.80
3768.50
3773.67
3775.50
3777.00
3773.00
3772.00
3775.88
3773.60
3775.93
3777.64
3769.22
3772.80
3766.07
3767.12
3762.80
3764.86
3765.86
3771.50
3774.33
3794.89
3779.74
3779.26
3785.31
3801.24
3790.38
3802.26
3791.31
3813.47
3814.70
3813.21
3816.00
3813.45
3814.90
3815.33
3795.80
3803.62
3806.82
3801.59
3795.00
3772.73
3769.70
3767.35
3758.56
3756.07
3752.46
3737.91
3738.63
3732.27
3723.50
3719.23
3722.12
3715.54
3715.15
3716.56
3716.88
3708.00
3700.00
3709.69
3714.44
3714.00
3712.45
3717.57
3718.88
3734.88
3754.75
3759.68
3756.56
3771.08
3772.20
3760.46
3762.95
3770.15
3767.93
3771.25
3774.67
3773.85
3770.18
3770.14
3769.33
3768.59
3758.93
3751.71
3744.85
3760.67
3757.12
3750.85
3752.67
3755.71
3763.07
3762.52
3769.08
3763.79
3760.48
3756.00
3762.76
3769.00
3770.69
3768.77
3772.00
3769.21
3768.08
3768.54
3768.00
3773.67
3770.08
3768.18
3770.07
3773.87
3772.83
3773.13
3776.35
3783.12
3780.12
3782.75
3785.17
3781.43
3773.00
3773.17
3778.72
3777.80
3776.00
3774.00
3774.78
3775.00
3776.00
3776.61
3780.73
3777.17
3776.25
3777.55
3775.89
3779.57
3775.71
3777.60
3778.11
3779.88
3778.25
3778.67
3780.82
3781.67
3779.73
3781.27
3782.50
3781.80
3775.00
3781.62
3782.45
3782.25
3779.83
3780.43
3782.62
3785.00
3792.50
3775.00
3789.00
3790.00
3787.50
3789.00
3821.36
3826.29
3831.56
3828.83
3832.30
3837.75
3844.75
3847.55
3844.60
3834.88
3830.21
3829.85
3829.00
3826.07
3826.87
3826.11
3826.94
3813.20
3817.67
3814.12
3809.06
3808.43
3794.17
3793.31
3794.38
3787.07
3791.33
3796.12
3794.65
3787.50
3796.88
3792.00
3801.00
3800.47
3792.62
3796.43
3805.29
3817.12
3816.32
3819.06
3818.38
3822.21
3822.00
3808.23
3798.90
3810.67
3810.52
3806.46
3806.21
3786.85
3774.63
3775.56
3744.28
3742.43
3748.82
3718.88
3711.92
3710.15
3709.40
3705.47
3704.67
3713.12
3708.13
3712.14
3709.67
3711.29
3711.07
3713.94
3718.50
3713.36
3714.44
3712.64
3714.75
3715.00
3712.00
3714.67
3711.80
3709.14
3657.82
3472.28
3634.77
3690.71
3694.53
3691.97
3702.45
3701.68
3695.00
3712.46
3720.00
3731.31
3729.18
3731.33
3739.50
3740.50
3740.33
3738.67
3730.93
3730.40
3730.21
3730.83
3737.11
3734.33
3746.09
3746.82
3745.80
3749.75
3750.95
3751.00
3754.71
3750.45
3760.45
3759.80
3758.33
3758.25
3758.00
3756.43
3753.33
3745.62
3747.57
3748.83
3743.82
3749.00
3746.75
3746.11
3747.69
3737.00
3732.00
3713.88
3705.54
3714.21
3699.58
3695.47
3695.60
3695.54
3689.64
3697.94
3696.23
3701.76
3704.40
3700.81
3710.61
3717.43
3712.44
3723.26
3729.40
3739.67
3741.70
3743.32
3749.55
3757.43
3763.61
3788.54
3779.03
3784.24
3782.98
3781.71
3806.64
3808.36
3809.00
3775.18
3779.42
3756.83
3767.30
3727.17
3726.50
3726.00
3725.67
3726.20
3722.43
3726.50
3734.82
3734.83
3745.93
3740.62
3754.36
3760.30
3769.62
3769.84
3790.39
3790.67
3795.20
3807.40
3801.56
3795.50
3803.50
3802.70
3796.88
3802.75
3803.00
3800.50
3803.89
3804.71
3805.71
3801.00
3804.12
3805.20
3807.00
3805.71
3805.33
3803.50
3788.00
3765.64
3770.38
3770.00
3757.63
3755.00
3754.00
3755.79
3753.07
3757.00
3763.94
3762.00
3764.38
3769.91
3768.77
3767.47
3766.62
3767.86
3772.69
3774.91
3771.83
3763.60
3762.75
3759.00
3760.40
3759.67
3758.00
3760.89
3766.75
3765.57
3765.21
3771.00
3766.33
3766.31
3765.85
3768.50
3772.60
3767.00
3770.50
3789.00
3789.67
3784.08
3782.43
3793.61
3804.00
3801.20
3795.50
3796.71
3797.94
3799.12
3794.42
3796.86
3796.96
3796.73
3793.92
3797.40
3793.00
3794.36
3795.30
3806.00
3804.14
3798.60
3799.33
3796.65
3798.45
3794.27
3792.00
3789.44
3801.58
3801.18
3806.50
3802.75
3802.33
3806.91
3808.25
3805.83
3805.25
3803.31
3800.83
3801.53
3809.23
3807.08
3808.07
3806.90
3806.00
3805.17
3820.23
3827.12
3828.62
3834.11
3837.50
3838.80
3834.78
3833.09
3830.45
3826.36
3829.14
3827.37
3826.43
3828.00
3812.57
3813.55
3801.88
3798.00
3793.00
3772.97
3777.09
3780.73
3754.95
3754.79
3744.00
3742.30
3744.14
3743.40
3741.65
3739.77
3746.13
3738.71
3749.71
3751.24
3760.85
3784.84
3782.12
3787.15
3811.31
3794.52
3798.80
3813.10
3820.77
3822.14
3833.40
3831.00
3826.18
3823.35
3823.17
3815.64
3816.26
3819.94
3818.94
3822.73
3798.47
3772.67
3766.43
3763.11
3758.44
3750.92
3745.80
3747.64
3746.11
3745.50
3746.33
3746.12
3748.75
3749.11
3749.92
3749.57
3747.33
3751.92
3750.38
3749.62
3748.25
3756.00
3750.22
3745.30
3744.57
3753.56
3754.85
3750.09
3752.00
3749.43
3752.73
3751.62
3759.33
3754.38
3753.86
3755.23
3759.20
3758.91
3763.33
3764.80
3759.80
3763.30
3760.67
3759.47
3760.56
3757.22
3761.55
3762.50
3759.31
3758.09
3753.17
3753.67
3759.45
3760.33
3760.89
3760.43
3754.67
3758.73
3761.53
3764.22
3765.23
3765.40
3767.17
3766.53
3769.17
3775.28
3782.78
3776.85
3772.00
3775.80
3771.29
3769.75
3770.75
3771.70
3773.10
3774.50
3772.57
3774.81
3773.50
3773.78
3760.55
3761.42
3752.08
3733.83
3725.29
3731.43
3732.57
3732.89
3735.75
3738.14
3738.82
3736.50
3739.00
3738.67
3738.67
3743.50
3731.20
3738.20
3734.25
3728.71
3726.50
3725.00
3719.57
3724.00
3732.94
3735.27
3734.42
3735.22
3734.80
3741.00
3736.75
3736.00
3735.92
3734.60
3733.18
3727.58
3736.33
3718.64
3682.60
3626.79
3638.83
3632.57
3640.25
3643.24
3650.59
3646.78
3654.38
3662.45
3658.77
3661.00
3663.75
3670.50
3666.75
3667.33
3669.50
3673.08
3675.54
3683.95
3686.22
3684.19
3686.10
3690.50
3691.33
3687.33
3684.50
3681.55
3688.38
3690.18
3691.22
3687.75
3683.18
3685.30
3690.17
3686.50
3685.80
3685.70
3687.40
3689.11
3689.00
3699.40
3699.35
3698.38
3706.33
3707.00
3707.82
3711.25
3708.11
3706.65
3710.71
3704.64
3705.50
3704.40
3704.25
3707.46
3703.75
3705.82
3708.38
3705.50
3703.92
3702.45
3700.00
3702.43
3691.83
3695.17
3683.00
3685.80
3686.79
3696.40
3684.33
3686.20
3682.09
3685.73
3684.00
3689.00
3691.62
3672.65
3677.84
3666.08
3658.33
3658.67
3648.50
3651.00
3656.20
3655.90
3655.36
3655.22
3660.50
3661.27
3672.18
3677.44
3672.90
3688.54
3693.92
3699.47
3712.81
3711.18
3710.96
3711.29
3711.67
3712.80
3710.07
3705.27
3701.70
3703.00
3701.64
3701.40
3698.17
3694.64
3697.11
3695.56
3688.50
3686.75
3694.00
3686.50
3675.83
3671.36
3667.70
3667.07
3681.67
3689.00
3687.36
3687.62
3689.17
3690.46
3689.31
3693.50
3697.00
3696.54
3692.73
3693.07
3692.80
3693.64
3688.00
3681.08
3679.79
3682.78
3676.07
3677.83
3679.30
3677.56
3678.07
3672.55
3676.32
3673.50
3676.40
3675.05
3671.00
3675.94
3670.80
3668.84
3666.35
3656.67
3660.79
3662.75
3665.00
3659.83
3667.33
3685.33
3684.57
3672.00
3670.33
3694.15
3690.00
3694.50
3695.65
3697.29
3698.58
3693.14
3690.35
3694.50
3676.52
3677.42
3671.18
3661.11
3654.56
3644.85
3645.67
3642.77
3641.11
3640.93
3645.83
3643.00
3647.43
3641.09
3638.00
3650.00
3646.40
3647.60
3649.00
3653.64
3654.07
3657.64
3656.08
3655.12
3654.55
3668.82
3673.53
3685.88
3689.20
3699.67
3694.71
3698.12
3700.00
3700.00
3706.38
3705.42
3710.33
3710.60
3711.44
3716.75
3718.00
3722.00
3718.67
3720.00
3720.86
3713.90
3702.89
3708.96
3704.25
3690.25
3704.33
3707.24
3692.16
3664.71
3671.82
3667.50
3668.00
3679.07
3678.21
3689.79
3695.07
3693.92
3697.53
3698.11
3715.00
3703.48
3705.59
3717.81
3719.45
3721.29
3725.09
3725.00
3722.67
3722.88
3729.00
3723.92
3715.71
3715.59
3696.43
3697.29
3695.69
3693.67
3685.89
3673.12
3664.21
3647.36
3646.46
3645.74
3644.04
3643.29
3644.26
3649.82
3641.27
3650.90
3658.00
3660.78
3661.67
3660.44
3667.80
3666.60
3663.89
3668.40
3718.00
3703.43
3749.50
3754.25
3745.10
3751.00
3749.25
3749.73
3752.92
3752.22
3747.25
3747.00
3751.06
3750.00
3751.67
3752.88
3751.67
3753.10
3750.00
3748.91
3751.00
3746.50
3744.92
3743.00
3740.90
3741.33
3733.12
3731.56
3729.33
3728.67
3733.00
3728.40
3731.00
3731.00
3728.50
3684.50
3685.00
3684.80
3684.20
3673.50
3675.29
3678.45
3678.86
3676.78
3676.86
3677.00
3677.38
3672.31
3671.39
3670.60
3673.89
3673.67
3684.57
3692.86
3698.40
3697.04
3700.41
3705.60
3704.30
3705.65
3707.70
3709.42
3718.06
3712.83
3704.96
3702.56
3702.61
3694.62
3698.14
3703.17
3704.53
3694.88
3692.88
3690.44
3690.09
3691.53
3687.18
3688.50
3687.43
3687.17
3689.00
3688.17
3676.33
3675.91
3676.76
3676.71
3674.00
3678.00
3675.25
3675.75
3685.22
3686.57
3684.20
3690.11
3681.00
3682.26
3679.29
3676.38
3683.33
3683.38
3674.12
3675.43
3669.53
3662.60
3667.33
3665.00
3663.43
3663.27
3663.39
3661.89
3664.38
3668.35
3680.29
3666.36
3678.82
3682.00
3671.20
3671.67
3698.53
3699.94
3701.62
3699.16
3700.19
3700.38
3700.59
3702.38
3701.11
3698.11
3696.42
3695.90
3692.29
3693.33
3703.00
3695.64
3695.60
3698.00
3693.33
3693.04
3693.09
3691.20
3692.38
3693.00
3691.14
3690.00
3689.08
3692.50
3691.86
3691.00
3694.40
3690.67
3690.38
3687.40
3692.25
3701.20
3696.00
3696.71
3695.60
3694.20
3694.79
3698.28
3699.42
3722.21
3719.30
3715.35
3705.00
3714.50
3703.67
3714.33
3706.70
3703.25
3705.29
3700.86
3712.22
3715.26
3711.90
3710.11
3712.45
3715.62
3718.00
3718.00
3719.88
3721.40
3722.64
3721.67
3725.21
3725.33
3724.85
3724.11
3721.89
3723.83
3725.25
3720.21
3715.29
3717.47
3716.88
3713.90
3714.76
3716.93
3715.32
3716.12
3713.00
3713.62
3713.08
3708.88
3707.27
3708.57
3706.38
3702.80
3698.62
3696.00
3704.67
3707.53
3704.56
3709.00
3714.60
3713.50
3710.25
3716.25
3715.29
3706.71
3714.00
3702.57
3701.93
3702.52
3701.00
3702.21
3700.64
3697.00
3697.54
3691.00
3671.00
3663.25
3676.20
3682.00
3678.25
3680.00
3675.50
3678.00
3679.33
3680.29
3680.00
3688.89
3688.50
3693.20
3696.89
3693.85
3700.50
3705.17
3702.60
3698.23
3696.33
3699.17
3698.33
3699.90
3698.31
3698.24
3700.94
3699.50
3699.00
3698.19
3698.16
3696.90
3681.78
3683.80
3687.50
3656.00
3656.69
3651.12
3645.60
3634.50
3641.33
3645.94
3660.20
3651.71
3662.08
3659.94
3664.53
3664.67
3664.50
3671.00
3661.68
3657.33
3657.78
3661.18
3657.58
3659.67
3645.77
3648.05
3639.00
3630.43
3633.57
3631.00
3633.46
3634.20
3633.44
3633.62
3640.00
3638.20
3642.89
3651.54
3652.40
3655.00
3643.83
3679.88
3694.65
3693.88
3695.23
3697.64
3700.07
3702.17
3701.40
3704.50
3707.70
3708.46
3712.80
3710.75
3707.50
3703.68
3702.38
3698.19
3702.95
3693.46
3690.07
3684.31
3687.43
3692.25
3674.25
3669.77
3670.78
3667.54
3669.33
3667.88
3666.60
3670.23
3664.83
3663.23
3661.17
3663.43
3661.33
3664.40
3667.64
3668.20
3664.22
3665.70
3667.00
3667.60
3666.80
3666.40
3658.64
3661.21
3659.94
3659.12
3669.67
3655.50
3672.87
3664.68
3667.75
3683.60
3694.57
3691.38
3697.00
3694.00
3676.00
3691.82
3697.00
3699.36
3698.12
3693.91
3696.85
3699.35
3704.38
3705.70
3707.86
3710.26
3711.95
3715.16
3714.36
3713.64
3726.00
3726.67
3726.50
3726.25
3726.12
3723.22
3720.92
3712.63
3705.48
3696.75
3702.50
3704.20
3687.68
3694.27
3697.36
3661.85
3661.62
3660.80
3663.25
3659.86
3668.00
3667.29
3667.33
3684.43
3681.69
3684.67
3687.64
3690.00
3687.45
3685.09
3676.73
3670.88
3668.50
3667.00
3664.88
3669.00
3670.29
3667.50
3665.57
3671.45
3682.71
3686.44
3686.00
3699.12
3694.72
3690.61
3695.50
3701.67
3703.90
3703.43
3702.83
3702.86
3703.50
3701.30
3709.35
3707.73
3709.24
3709.10
3711.84
3720.97
3715.78
3719.70
3725.06
3729.88
3735.40
3745.58
3738.00
3759.91
3753.65
3753.89
3753.29
3749.53
3747.48
3744.14
3727.57
3742.55
3740.29
3725.57
3719.93
3719.59
3725.83
3721.75
3719.30
3725.31
3725.00
3720.52
3717.62
3716.73
3713.83
3715.25
3712.83
3717.10
3718.38
3718.47
3718.30
3720.60
3732.12
3727.25
3725.43
3751.28
3758.71
3759.20
3761.80
3761.24
3765.73
3760.23
3760.50
3764.85
3764.00
3764.38
3778.40
3775.53
3778.12
3771.60
3776.70
3785.44
3792.43
3790.54
3787.15
3786.19
3788.37
3783.73
3785.87
3777.77
3779.08
3778.27
3780.46
3779.94
3780.50
3784.09
3789.86
3785.22
3783.16
3782.50
3766.09
3774.92
3772.12
3771.92
3769.67
3757.92
3754.00
3756.12
3755.43
3756.00
3748.73
3747.67
3741.80
3729.80
3720.86
3736.69
3744.29
3745.75
3713.62
3697.83
3688.41
3677.85
3676.57
3689.17
3662.65
3657.75
3611.17
3658.20
3650.86
3648.75
3647.14
3652.67
3652.12
3650.79
3656.11
3657.38
3655.70
3657.62
3658.31
3660.38
3655.79
3664.71
3658.62
3659.64
3658.60
3648.46
3652.31
3650.27
3649.47
3647.94
3650.76
3645.73
3647.00
3645.20
3643.19
3645.44
3645.50
3650.86
3651.64
3654.00
3654.67
3652.55
3651.83
3650.39
3642.31
3641.64
3637.82
3636.54
3648.10
3634.77
3630.00
3630.55
3620.60
3619.55
3621.33
3620.33
3619.00
3620.71
3620.60
3617.67
3609.30
3611.14
3612.96
3610.78
3610.43
3611.08
3613.44
3613.60
3625.69
3618.52
3620.40
3631.42
3641.07
3642.73
3644.29
3640.84
3651.71
3647.50
3650.00
3650.08
3648.75
3644.83
3647.00
3637.86
3638.94
3639.00
3645.40
3650.68
3656.13
3658.58
3662.66
3666.41
3682.32
3688.69
3687.26
3689.25
3697.09
3701.26
3711.78
3705.92
3707.46
3701.83
3702.41
3699.60
3697.38
3698.56
3700.17
3698.88
3696.55
3692.27
3691.00
3690.60
3689.82
3690.91
3692.11
3691.42
3689.33
3688.80
3680.20
3677.10
3677.44
3677.64
3674.10
3673.56
3683.43
3679.40
3679.50
3669.10
3662.75
3664.12
3661.82
3658.85
3665.50
3664.67
3669.64
3672.00
3673.40
3674.81
3686.33
3670.40
3675.40
3701.72
3693.43
3710.72
3705.64
3718.46
3716.00
3738.55
3732.17
3732.24
3725.23
3728.16
3713.13
3712.00
3708.61
3705.11
3705.40
3669.00
3671.00
3662.17
3664.00
3657.04
3654.32
3658.53
3655.64
3655.04
3655.85
3657.88
3655.64
3658.93
3658.19
3664.44
3675.78
3673.40
3670.91
3679.80
3678.60
3679.50
3679.67
3681.00
3671.55
3667.94
3666.67
3667.12
3660.77
3655.94
3656.23
3633.12
3656.62
3624.50
3613.35
3602.36
3601.42
3599.91
3599.46
3598.80
3601.33
3610.64
3607.60
3606.69
3613.50
3613.20
3614.62
3609.83
3604.46
3608.50
3608.75
3623.92
3633.79
3634.38
3635.71
3632.50
3634.00
3633.83
3633.24
3632.27
3638.67
3630.05
3632.81
3633.33
3633.07
3633.90
3633.82
3639.61
3644.32
3645.32
3643.43
3646.22
3648.54
3655.86
3657.12
3663.38
3662.21
3663.40
3665.06
3665.30
3664.38
3666.33
3668.62
3668.00
3665.88
3665.00
3667.92
3669.77
3668.89
3670.83
3668.82
3682.43
3677.25
3680.00
3690.42
3689.08
3689.00
3690.62
3693.00
3693.08
3688.17
3690.38
3686.55
3691.69
3691.79
3691.69
3691.25
3695.80
3700.60
3699.60
3698.50
3697.45
3697.33
3697.64
3693.35
3696.79
3699.33
3700.25
3700.55
3700.41
3691.62
3659.08
3665.72
3652.45
3653.17
3649.24
3645.94
3641.29
3648.64
3651.76
3651.28
3650.38
3651.64
3643.24
3640.86
3645.97
3637.61
3651.00
3658.58
3654.47
3646.11
3658.40
3656.67
3660.50
3662.50
3658.00
3679.68
3689.67
3658.47
3612.06
3719.25
3717.86
3716.79
3719.83
3720.37
3719.81
3721.33
3719.00
3720.13
3723.33
3721.83
3717.20
3716.83
3717.00
3722.36
3725.86
3727.58
3722.50
3725.17
3732.20
3722.80
3722.20
3720.21
3719.83
3720.44
3718.43
3711.75
3724.00
3735.00
3736.78
3729.67
3738.33
3751.17
3746.00
3754.25
3761.92
3761.83
3763.31
3761.92
3760.82
3759.77
3761.50
3760.50
3760.50
3762.89
3761.88
3760.12
3761.36
3762.60
3765.30
3763.17
3768.63
3768.71
3762.96
3780.00
3763.06
3776.47
3786.00
3786.86
3796.10
3801.90
3802.44
3800.00
3805.17
3804.93
3801.17
3803.20
3796.80
3796.42
3790.50
3787.06
3789.73
3786.29
3787.38
3780.57
3776.00
3769.50
3770.62
3770.50
3768.60
3763.29
3757.92
3754.50
3756.89
3754.08
3758.70
3756.33
3757.60
3759.70
3754.81
3756.80
3755.83
3761.44
3758.19
3763.94
3776.50
3770.75
3762.92
3775.00
3778.00
3777.56
3777.27
3777.22
3778.63
3769.79
3776.69
3770.68
3774.83
3774.93
3771.82
3769.19
3746.29
3748.62
3738.31
3729.83
3733.53
3725.44
3727.07
3726.15
3726.76
3732.71
3735.30
3728.83
3738.00
3739.14
3735.54
3737.78
3734.71
3735.36
3730.80
3728.69
3723.92
3725.62
3723.42
3724.40
3729.43
3727.67
3731.25
3731.25
3734.25
3735.33
3734.00
3737.75
3736.40
3736.86
3739.00
3732.67
3733.67
3734.75
3738.00
3738.50
3732.67
3728.60
3728.33
3725.25
3724.92
3728.62
3728.23
3728.10
3731.05
3741.14
3735.07
3726.57
3732.00
3752.57
3754.64
3755.25
3757.38
3757.08
3755.69
3758.61
3750.40
3749.11
3741.76
3729.61
3745.23
3746.33
3740.22
3720.00
3719.96
3719.67
3709.25
3711.75
3712.18
3717.18
3714.53
3713.14
3709.91
3707.40
3710.15
3708.96
3707.40
3705.10
3699.00
3699.17
3699.83
3714.00
3700.05
3701.18
3705.24
3707.06
3706.33
3704.84
3712.18
3704.64
3710.45
3712.50
3734.94
3743.62
3745.13
3752.82
3747.19
3742.91
3729.21
3730.14
3727.00
3729.94
3726.06
3720.15
3713.14
3716.00
3714.58
3709.93
3712.25
3714.39
3721.35
3721.97
3721.90
3742.91
3744.15
3747.87
3752.50
3754.18
3754.33
3760.20
3760.30
3756.35
3754.07
3756.20
3758.08
3752.82
3752.25
3749.50
3748.40
3745.40
3748.22
3747.88
3748.17
3724.92
3740.44
3718.94
3725.00
3697.44
3702.50
3701.00
3692.47
3692.89
3691.08
3690.71
3691.50
3690.60
3691.00
3692.78
3686.50
3690.75
3693.86
3691.92
3690.44
3686.75
3687.21
3684.92
3687.86
3680.40
3673.14
3674.00
3668.40
3669.00
3669.56
3673.80
3673.56
3676.60
3680.29
3681.69
3682.78
3682.23
3683.59
3685.33
3688.00
3694.89
3695.81
3702.94
3699.43
3701.26
3702.21
3688.33
3688.20
3687.67
3687.00
3691.86
3693.50
3700.88
3685.67
3678.00
3671.00
3674.92
3664.62
3665.05
3669.14
3652.86
3653.88
3653.89
3650.96
3643.18
3641.88
3645.00
3642.82
3649.03
3647.50
3648.13
3652.09
3654.19
3653.73
3649.62
3650.87
3647.09
3647.33
3643.17
3638.55
3634.83
3637.43
3639.12
3638.18
3640.07
3636.53
3636.62
3624.54
3617.54
3618.76
3630.80
3630.43
3626.33
3620.50
3596.40
3586.92
3586.00
3584.18
3592.38
3587.00
3587.68
3593.28
3598.00
3590.13
3593.67
3600.35
3604.82
3607.30
3608.67
3608.67
3607.75
3609.71
3608.00
3602.19
3594.69
3593.08
3593.94
3595.35
3598.08
3595.00
3602.64
3596.00
3612.18
3599.38
3607.47
3614.00
3611.75
3641.43
3641.24
3642.68
3647.62
3648.10
3651.30
3650.57
3652.67
3656.25
3657.56
3656.55
3661.20
3663.09
3665.62
3664.40
3656.96
3654.88
3655.03
3653.32
3648.87
3655.42
3645.44
3650.00
3637.83
3634.80
3632.23
3634.40
3619.29
3611.67
3614.79
3602.77
3612.50
3611.40
3596.50
3594.88
3598.36
3596.62
3595.36
3593.50
3584.59
3589.40
3587.93
3581.62
3578.09
3576.62
3575.00
3574.40
3575.00
3574.67
3580.83
3581.00
3591.50
3587.71
3593.80
3589.07
3601.88
3599.86
3610.48
3621.35
3623.31
3632.28
3629.07
3630.92
3640.07
3643.42
3652.31
3660.00
3653.43
3659.07
3655.88
3652.53
3657.27
3659.74
3661.38
3665.18
3659.25
3657.50
3658.54
3656.00
3655.53
3652.92
3655.30
3656.38
3647.84
3648.69
3646.66
3643.58
3654.11
3653.34
3644.21
3652.07
3651.85
3651.88
3649.81
3664.67
3668.50
3668.25
3667.38
3663.88
3666.10
3665.40
3663.27
3664.31
3664.07
3664.00
3664.89
3666.27
3639.50
3634.64
3626.45
3626.29
3639.62
3632.32
3635.07
3637.11
3640.52
3639.58
3636.75
3641.18
3639.33
3640.80
3637.08
3637.74
3637.04
3636.83
3637.07
3634.89
3635.37
3637.83
3639.38
3639.88
3638.75
3639.00
3648.40
3645.80
3643.50
3643.80
3648.33
3656.93
3658.86
3653.00
3654.11
3659.13
3658.54
3653.25
3664.84
3662.78
3673.50
3672.83
3663.83
3666.00
3656.50
3664.87
3661.80
3660.24
3656.00
3652.87
3654.50
3655.00
3656.64
3656.25
3655.76
3660.12
3659.58
3664.61
3665.78
3667.94
3664.00
3674.21
3670.62
3670.00
3672.22
3668.00
3662.33
3662.57
3667.11
3666.67
3667.62
3668.28
3663.00
3673.44
3672.63
3676.93
3677.48
3677.45
3679.93
3684.71
3684.36
3692.90
3693.50
3695.33
3696.62
3696.00
3694.40
3691.89
3692.60
3687.78
3686.57
3685.00
3687.44
3689.11
3686.50
3687.12
3688.77
3685.80
3682.00
3685.75
3680.14
3684.10
3682.58
3681.00
3682.75
3678.00
3675.33
3666.80
3653.47
3651.28
3651.16
3657.44
3666.10
3675.90
3675.71
3686.00
3686.60
3685.71
3691.00
3730.52
3697.90
3694.50
3691.25
3693.67
3692.83
3690.75
3693.22
3692.29
3694.00
3691.33
3691.67
3695.65
3705.68
3701.65
3700.89
3701.89
3693.33
3692.33
3698.89
3699.88
3716.57
3718.67
3722.15
3716.05
3716.59
3712.03
3716.11
3713.36
3710.12
3701.64
3695.38
3694.90
3695.93
3700.33
3702.06
3703.93
3701.00
3702.67
3707.38
3704.15
3706.25
3702.33
3703.41
3704.11
3692.87
3692.75
3685.50
3679.76
3670.10
3680.06
3658.52
3652.19
3650.57
3649.00
3645.40
3643.27
3645.44
3648.10
3648.00
3649.10
3654.00
3659.06
3658.88
3656.76
3664.35
3666.36
3664.88
3664.36
3661.69
3654.58
3662.43
3659.25
3656.13
3655.06
3649.00
3650.62
3651.53
3644.67
3640.15
3634.00
3630.10
3628.25
3630.73
3630.67
3630.71
3621.38
3627.00
3616.80
3615.00
3617.00
3624.67
3621.62
3619.00
3624.46
3629.46
3628.85
3636.69
3631.23
3638.78
3635.41
3645.64
3658.27
3655.20
3657.70
3658.07
3660.77
3660.21
3662.00
3659.95
3664.15
3665.12
3665.92
3663.44
3659.76
3646.78
3644.77
3637.64
3639.69
3640.62
3641.30
3637.80
3633.48
3638.45
3647.71
3651.71
3649.00
3645.96
3649.25
3649.25
3648.42
3648.23
3652.79
3658.40
3655.83
3659.18
3654.48
3647.79
3657.00
3642.67
3643.35
3643.12
3641.13
3641.28
3638.40
3641.30
3638.12
3637.58
3631.17
3631.10
3626.82
3633.12
3635.45
3634.64
3634.23
3632.26
3633.54
3638.50
3639.40
3640.45
3648.76
3643.56
3648.25
3645.69
3647.00
3655.82
3662.50
3661.25
3665.22
3667.08
3667.93
3666.79
3669.22
3662.29
3665.79
3675.20
3674.71
3676.72
3688.89
3692.10
3693.44
3693.00
3691.71
3690.50
3689.47
3691.71
3689.59
3684.05
3671.15
3670.48
3667.42
3660.80
3666.00
3663.80
3655.16
3657.92
3657.85
3652.88
3652.33
3652.33
3653.29
3648.41
3645.00
3647.76
3648.42
3647.62
3647.06
3648.82
3644.69
3651.97
3642.94
3648.56
3647.65
3646.55
3657.04
3663.84
3667.67
3668.54
3667.38
3664.59
3664.41
3662.00
3655.23
3651.15
3653.43
3649.40
3650.33
3651.68
3646.30
3654.56
3659.12
3649.37
3651.04
3656.62
3656.91
3657.19
3671.42
3675.56
3678.82
3674.50
3682.06
3687.05
3686.59
3685.57
3695.85
3693.25
3695.40
3694.38
3694.65
3694.12
3697.38
3691.78
3689.11
3686.91
3687.00
3684.80
3688.00
3685.75
3684.67
3683.00
3664.93
3661.64
3656.78
3654.29
3656.17
3654.00
3652.00
3645.46
3645.76
3648.40
3657.83
3654.65
3651.48
3651.33
3652.29
3651.58
3656.64
3654.22
3665.58
3670.12
3672.00
3672.75
3670.33
3668.60
3665.75
3666.30
3662.29
3659.64
3657.42
3659.77
3661.62
3661.83
3640.00
3619.35
3602.29
3606.04
3599.00
3607.52
3601.44
3601.79
3595.42
3589.45
3597.32
3592.33
3594.95
3594.94
3585.11
3596.67
3597.80
3608.62
3622.50
3627.75
3626.90
3623.57
3626.25
3626.70
3627.50
3627.20
3627.00
3618.00
3605.50
3607.27
3599.67
3590.11
3608.25
3620.00
3585.64
3582.35
3587.32
3584.34
3573.29
3572.70
3570.08
3564.13
3552.76
3560.15
3567.20
3570.72
3573.11
3547.37
3543.68
3540.00
3542.40
3542.50
3533.50
3533.38
3541.56
3539.42
3536.67
3545.85
3543.44
3541.11
3538.50
3546.05
3560.96
3566.82
3585.94
3567.08
3588.11
3605.80
3609.56
3600.58
3615.24
3634.11
3626.00
3629.38
3633.50
3630.00
3630.64
3635.00
3631.07
3627.33
3632.50
3635.91
3637.18
3633.96
3630.76
3630.33
3636.36
3635.42
3632.78
3633.83
3635.57
3634.92
3635.58
3631.55
3631.18
3629.50
3607.00
3624.25
3623.50
3624.00
3623.50
3600.50
3605.09
3602.60
3597.67
3596.67
3596.54
3594.10
3592.50
3592.75
3590.44
3590.00
3588.38
3587.00
3585.00
3585.00
3588.20
3586.33
3582.10
3585.44
3585.45
3580.40
3584.63
3585.62
3589.47
3587.87
3587.52
3586.18
3588.10
3589.13
3590.00
3587.46
3586.33
3588.23
3590.48
3585.50
3578.33
3584.80
3574.62
3573.00
3569.17
3573.71
3571.73
3572.00
3571.83
3574.67
3576.75
3574.00
3569.50
3560.00
3547.14
3545.60
3548.00
3546.36
3553.00
3544.50
3548.50
3552.43
3549.78
3555.50
3568.67
3564.78
3569.17
3577.00
3575.14
3583.75
3590.39
3597.40
3594.91
3592.86
3598.79
3602.67
3608.82
3611.04
3606.73
3604.56
3601.72
3602.57
3598.93
3600.77
3599.92
3593.11
3597.11
3590.30
3598.00
3593.41
3591.60
3596.15
3593.41
3589.25
3585.00
3567.00
3558.88
3560.09
3559.25
3559.80
3572.00
3578.13
3575.87
3576.22
3571.95
3575.33
3578.84
3589.57
3591.26
3588.85
3590.57
3584.40
3594.25
3584.00
3580.00
3581.80
3585.82
3581.00
3582.31
3584.00
3586.40
3581.60
3581.88
3579.50
3582.91
3582.44
3581.91
3581.00
3580.86
3576.33
3575.50
3576.00
3573.88
3573.29
3574.33
3575.90
3575.14
3576.12
3577.80
3574.14
3577.00
3568.33
3571.00
3574.56
3574.44
3572.00
3572.00
3574.43
3575.62
3576.17
3581.50
3585.00
3573.87
3574.00
3573.00
3578.10
3579.25
3575.10
3577.20
3588.33
3589.00
3602.87
3625.71
3629.11
3621.00
3607.88
3602.13
3602.50
3604.53
3595.90
3596.82
3598.05
3597.31
3594.85
3593.05
3596.35
3597.92
3593.10
3594.71
3591.80
3590.33
3594.06
3598.39
3590.13
3594.53
3591.00
3594.31
3592.94
3600.48
3607.75
3606.39
3598.42
3601.73
3597.82
3596.81
3591.50
3596.86
3595.62
3592.33
3582.29
3573.14
3579.75
3581.12
3577.00
3577.75
3587.15
3580.88
3587.75
3605.73
3602.52
3609.44
3607.15
3608.17
3620.22
3628.62
3629.30
3633.88
3632.40
3627.50
3624.00
3633.00
3633.43
3633.20
3632.00
3636.40
3630.50
3632.00
3631.40
3629.38
3631.00
3631.80
3628.86
3629.57
3628.00
3625.50
3632.14
3629.75
3629.92
3629.42
3630.73
3630.42
3631.31
3628.64
3628.83
3629.75
3626.00
3627.33
3632.00
3630.10
3632.80
3632.00
3634.29
3631.62
3631.73
3631.11
3634.40
3634.83
3631.91
3632.60
3633.80
3628.00
3624.00
3624.00
3622.67
3628.00
3633.36
3628.33
3626.88
3626.50
3626.36
3630.00
3629.25
3627.67
3629.71
3629.20
3630.12
3631.36
3629.73
3629.12
3630.14
3630.29
3641.73
3639.00
3666.89
3695.27
3687.37
3694.90
3693.00
3698.36
3686.32
3680.72
3672.25
3671.55
3673.79
3671.55
3665.86
3661.22
3654.95
3655.41
3654.41
3653.72
3665.00
3678.88
3683.67
3680.67
3677.00
3688.60
3691.23
3688.82
3691.25
3688.70
3689.35
3688.23
3683.05
3677.26
3677.44
3679.80
3675.82
3684.00
3670.16
3669.77
3670.40
3667.00
3670.83
3674.75
3666.44
3670.17
3672.13
3664.94
3659.04
3660.25
3657.67
3656.06
3663.70
3656.78
3663.35
3664.07
3667.78
3669.50
3682.30
3682.09
3680.62
3680.50
3679.33
3677.80
3684.14
3682.80
3670.07
3669.45
3670.36
3664.50
3669.22
3669.14
3664.20
3669.50
3655.50
3639.68
3630.92
3633.91
3641.88
3641.12
3644.96
3659.67
3666.11
3670.87
3673.39
3676.09
3685.47
3687.28
3694.40
3709.31
3711.50
3719.47
3720.86
3720.00
3718.86
3718.36
3716.33
3716.39
3718.70
3717.64
3715.10
3719.20
3720.33
3717.79
3723.43
3727.32
3732.94
3731.60
3737.33
3742.27
3745.09
3741.73
3743.08
3739.12
3735.75
3741.81
3738.50
3742.18
3745.95
3749.10
3736.50
3745.50
3751.62
3753.62
3762.20
3754.00
3751.07
3742.76
3746.43
3741.68
3735.04
3725.86
3737.14
3734.88
3720.27
3719.47
3723.17
3708.18
3710.88
3707.96
3705.61
3708.77
3708.43
3713.81
3708.30
3708.13
3709.59
3709.27
3707.27
3708.08
3706.34
3703.83
3700.11
3695.00
3686.09
3677.25
3687.75
3667.90
3676.61
3677.52
3671.35
3669.05
3671.90
3666.63
3672.00
3666.58
3665.21
3673.47
3666.39
3663.28
3660.69
3656.25
3654.91
3654.41
3655.96
3653.23
3654.64
3657.60
3661.43
3664.14
3670.25
3670.50
3674.71
3678.00
3677.20
3683.00
3696.00
3700.00
3706.07
3705.55
3695.34
3696.18
3701.50
3700.44
3705.00
3703.81
3704.89
3703.76
3704.59
3697.00
3703.13
3696.12
3695.14
3695.00
3686.65
3685.54
3687.67
3682.90
3688.13
3691.08
3695.25
3689.62
3688.10
3687.23
3683.60
3683.30
3682.79
3683.17
3682.40
3680.43
3676.00
3677.50
3678.86
3667.72
3666.75
3674.00
3671.78
3673.33
3667.19
3664.33
3663.14
3667.94
3666.28
3670.00
3665.45
3675.82
3670.29
3673.22
3671.80
3672.75
3675.04
3635.14
3636.22
3648.67
3645.17
3653.48
3651.85
3631.78
3617.25
3595.00
3586.86
3583.83
3597.29
3600.93
3599.00
3591.33
3596.71
3588.75
3591.90
3589.00
3589.20
3589.64
3588.89
3588.75
3587.10
3585.75
3583.62
3583.00
3584.50
3591.25
3595.61
3609.25
3616.33
3625.46
3620.37
3615.50
3620.05
3638.78
3650.64
3651.06
3659.00
3659.29
3660.86
3658.53
3657.83
3659.50
3649.89
3651.08
3639.60
3646.24
3643.19
3642.56
3634.60
3634.38
3631.00
3630.20
3633.50
3632.22
3631.67
3628.88
3629.83
3629.80
3627.89
3628.00
3624.57
3624.33
3626.00
3626.00
3625.25
3624.50
3623.67
3620.00
3603.25
3603.62
3598.83
3597.60
3590.60
3586.81
3587.44
3587.62
3570.83
3579.40
3583.82
3577.06
3574.56
3575.73
3576.54
3577.62
3578.57
3587.00
3591.20
3590.21
3586.76
3593.54
3602.17
3594.25
3608.47
3613.30
3616.76
3622.00
3625.46
3622.69
3622.60
3628.24
3623.07
3604.77
3602.30
3591.38
3577.20
3595.21
3593.80
3593.05
3590.84
3579.85
3578.00
3570.50
3571.43
3573.50
3572.33
3573.20
3576.00
3577.00
3573.75
3574.43
3572.17
3571.00
3570.00
3569.50
3570.60
3568.75
3568.75
3570.40
3573.00
3569.75
3571.50
3571.25
3573.00
3564.00
3547.38
3549.10
3550.15
3573.67
3571.25
3567.20
3573.08
3579.29
3573.83
3577.57
3583.88
3587.31
3588.41
3589.06
3585.75
3587.52
3585.04
3584.27
3572.00
3576.57
3578.53
3580.00
3573.75
3576.42
3576.53
3577.10
3573.75
3572.00
3574.94
3576.38
3580.50
3581.86
3579.78
3576.86
3576.33
3581.50
3577.12
3578.40
3579.56
3578.00
3578.75
3574.67
3576.70
3581.40
3587.00
3573.50
3570.80
3569.75
3567.50
3568.50
3565.50
3565.00
3535.58
3534.22
3513.18
3517.50
3514.47
3510.89
3508.14
3511.67
3508.40
3503.00
3505.00
3507.50
3529.85
3524.31
3526.55
3525.67
3527.24
3534.35
3534.46
3540.17
3548.78
3551.29
3549.23
3551.50
3553.50
3552.10
3572.91
3573.65
3573.54
3582.67
3583.73
3587.10
3585.60
3588.94
3599.18
3600.60
3597.80
3595.60
3598.92
3600.38
3593.75
3591.89
3589.32
3585.32
3588.34
3585.96
3579.47
3581.27
3572.33
3581.13
3580.00
3584.38
3584.04
3591.29
3586.13
3598.60
3601.65
3604.41
3601.38
3596.85
3602.05
3598.77
3595.00
3593.79
3591.18
3590.88
3590.62
3595.43
3590.83
3592.11
3575.17
3569.54
3564.50
3562.75
3575.76
3587.57
3581.83
3593.90
3580.52
3595.70
3595.17
3600.55
3601.56
3610.38
3612.77
3612.76
3614.68
3615.69
3606.26
3604.44
3615.00
3613.40
3610.93
3607.78
3601.74
3600.32
3593.95
3596.09
3595.21
3596.56
3599.14
3597.80
3597.06
3600.50
3599.93
3606.92
3604.57
3603.67
3597.83
3601.38
3600.31
3542.93
3567.91
3513.40
3628.26
3623.33
3626.72
3622.47
3606.17
3615.33
3607.86
3611.82
3605.08
3601.72
3594.67
3593.00
3590.91
3590.44
3584.00
3590.44
3589.31
3610.67
3607.75
3593.54
3592.48
3604.00
3604.20
3603.67
3605.33
3605.00
3606.00
3609.78
3605.50
3606.45
3607.86
3609.33
3604.50
3605.00
3603.33
3605.00
3599.17
3605.88
3598.64
3595.27
3597.07
3594.96
3595.41
3592.90
3600.14
3597.64
3594.75
3597.43
3598.50
3605.40
3602.80
3595.50
3601.25
3601.81
3602.43
3602.12
3599.86
3596.79
3593.00
3592.87
3595.67
3594.25
3599.18
3598.85
3598.61
3599.26
3600.82
3599.33
3594.47
3587.50
3582.79
3584.57
3587.30
3586.00
3581.20
3577.75
3577.00
3574.75
3585.00
3588.00
3579.25
3577.12
3574.07
3577.64
3578.07
3590.00
3578.17
3581.59
3582.65
3581.50
3583.00
3586.33
3594.33
3622.86
3630.78
3628.29
3633.09
3622.56
3603.89
3610.45
3615.64
3605.14
3600.81
3604.75
3601.80
3592.00
3590.64
3591.88
3591.88
3590.33
3591.67
3594.25
3593.83
3597.14
3592.67
3595.44
3595.00
3600.60
3599.29
3599.23
3596.40
3599.00
3601.61
3602.45
3597.36
3598.54
3596.15
3597.31
3597.33
3595.46
3592.81
3595.55
3589.87
3591.20
3592.22
3590.36
3590.65
3593.69
3597.77
3599.21
3600.91
3609.50
3641.05
3643.19
3652.50
3648.50
3653.90
3644.95
3646.44
3646.35
3644.56
3641.66
3636.94
3636.86
3639.80
3638.06
3638.83
3633.00
3633.86
3632.18
3631.33
3632.60
3631.22
3630.50
3627.88
3629.09
3631.50
3629.71
3628.50
3628.30
3627.44
3621.00
3625.50
3629.00
3627.75
3621.91
3628.00
3622.29
3618.67
3625.40
3623.71
3628.83
3627.62
3628.30
3627.89
3629.09
3629.67
3629.70
3629.33
3629.18
3629.09
3628.62
3628.50
3622.50
3626.71
3628.00
3627.12
3628.80
3622.50
3627.75
3627.40
3629.80
3630.67
3639.10
3646.71
3648.38
3649.65
3641.35
3634.70
3636.75
3635.29
3632.21
3632.85
3637.75
3630.23
3621.44
3618.80
3621.55
3621.60
3623.50
3622.88
3626.60
3623.75
3624.16
3625.40
3625.70
3630.00
3630.90
3632.12
3631.12
3631.14
3636.75
3635.00
3637.17
3637.69
3636.57
3634.67
3642.80
3643.00
3643.50
3647.25
3649.17
3648.71
3644.00
3643.75
3649.00
3650.14
3647.00
3658.35
3656.14
3657.79
3657.19
3661.50
3658.67
3657.00
3660.25
3661.44
3655.81
3648.33
3647.93
3641.30
3647.04
3643.40
3637.55
3638.72
3640.22
3636.91
3636.09
3641.25
3640.87
3637.70
3635.29
3640.19
3640.39
3644.59
3648.68
3654.61
3653.90
3667.27
3669.00
3676.52
3671.33
3681.27
3680.33
3685.12
3682.00
3678.88
3678.90
3677.80
3680.45
3678.46
3683.19
3684.50
3683.21
3683.60
3678.67
3679.33
3680.17
3680.25
3680.44
3681.25
3681.21
3679.00
3679.40
3679.71
3681.22
3682.46
3686.77
3687.33
3693.90
3697.14
3698.14
3704.62
3709.27
3699.12
3697.12
3700.14
3700.14
3698.75
3701.86
3705.45
3704.56
3705.50
3705.33
3697.60
3706.00
3705.23
3703.62
3709.46
3710.20
3708.79
3710.21
3698.00
3695.62
3695.25
3701.29
3694.73
3700.20
3699.31
3699.64
3698.35
3701.00
3701.75
3690.62
3697.62
3697.88
3695.87
3695.62
3696.93
3699.21
3700.37
3699.56
3701.12
3708.25
3707.71
3691.50
3692.38
3700.50
3691.17
3687.00
3678.94
3669.70
3706.45
3709.26
3712.59
3720.75
3710.86
3723.60
3714.23
3728.60
3726.50
3726.22
3722.71
3731.00
3723.90
3724.44
3723.50
3724.27
3725.67
3724.88
3724.17
3726.33
3726.78
3721.50
3740.15
3741.67
3746.27
3745.50
3735.91
3733.90
3734.77
3735.58
3735.08
3732.76
3718.00
3717.84
3687.83
3657.00
3653.50
3653.00
3655.20
3657.67
3655.57
3656.17
3660.25
3659.75
3657.00
3661.50
3656.75
3655.33
3648.78
3647.50
3651.00
3647.10
3640.60
3640.62
3642.94
3638.94
3637.30
3636.76
3638.20
3635.25
3630.45
3628.30
3638.80
3639.50
3635.50
3636.60
3630.29
3634.69
3632.08
3630.58
3635.44
3631.17
3631.50
3632.20
3605.00
3599.44
3588.91
3585.00
3587.18
3590.80
3595.50
3597.33
3592.87
3592.25
3606.20
3606.50
3602.80
3596.77
3598.85
3596.90
3595.00
3586.35
3596.29
3592.18
3584.53
3583.26
3567.12
3555.23
3541.38
3537.67
3535.57
3538.35
3529.00
3529.50
3528.44
3526.96
3526.64
3536.19
3540.00
3543.30
3537.33
3544.82
3547.62
3545.42
3547.67
3553.00
3551.67
3550.75
3549.33
3548.78
3549.30
3549.11
3547.50
3549.90
3551.14
3551.00
3551.40
3554.50
3566.71
3560.14
3571.00
3562.40
3573.50
3558.00
3573.53
3581.75
3585.25
3591.33
3614.48
3618.38
3617.27
3626.58
3631.77
3643.92
3638.64
3642.60
3640.60
3644.50
3643.89
3638.75
3637.33
3637.12
3634.85
3619.90
3618.27
3612.79
3613.11
3619.20
3613.45
3599.67
3596.67
3595.50
3594.62
3592.83
3594.44
3593.57
3598.21
3599.38
3601.78
3596.92
3603.14
3601.64
3598.80
3598.50
3600.88
3598.22
3600.17
3599.00
3601.40
3604.08
3602.13
3602.83
3597.86
3600.67
3605.36
3603.55
3602.37
3599.91
3580.81
3556.21
3555.08
3553.67
3562.48
3576.26
3577.38
3577.22
3585.45
3593.21
3598.53
3612.73
3615.40
3621.79
3631.74
3637.53
3638.36
3627.72
3627.10
3613.40
3613.79
3616.15
3603.25
3603.00
3604.43
3610.44
3606.25
3598.44
3598.00
3599.89
3598.64
3604.42
3599.94
3599.67
3596.92
3591.45
3591.17
3589.55
3591.25
3590.82
3592.44
3589.50
3604.14
3552.06
3532.39
3412.25
3597.42
3623.47
3632.50
3629.25
3627.00
3627.15
3620.33
3618.12
3621.10
3619.85
3617.27
3623.14
3621.60
3626.00
3616.67
3619.90
3615.78
3618.60
3619.00
3619.00
3619.25
3635.91
3646.25
3641.80
3660.67
3640.50
3658.44
3666.19
3663.75
3665.75
3666.62
3666.00
3667.80
3673.08
3670.94
3668.19
3659.46
3656.50
3653.60
3662.44
3653.88
3625.50
3627.14
3625.50
3626.75
3634.40
3631.44
3633.67
3625.67
3632.10
3631.15
3627.43
3623.83
3620.86
3622.83
3619.88
3628.11
3625.60
3601.14
3591.25
3585.38
3593.71
3589.00
3586.86
3592.58
3591.92
3591.76
3591.32
3591.67
3592.78
3599.88
3598.50
3597.85
3600.00
3593.86
3587.43
3598.96
3587.47
3593.40
3582.00
3576.76
3574.60
3577.86
3574.50
3570.25
3566.33
3560.78
3560.08
3558.00
3569.33
3561.18
3558.36
3560.93
3561.50
3561.33
3561.62
3563.92
3568.31
3571.33
3572.92
3568.80
3574.71
3577.50
3575.43
3581.00
3579.80
3583.09
3581.56
3583.00
3579.33
3579.57
3580.71
3583.08
3586.50
3589.50
3589.20
3591.69
3600.00
3597.05
3594.95
3599.30
3598.50
3599.53
3597.86
3598.50
3604.82
3591.32
3589.09
3590.29
3595.80
3597.04
3592.07
3593.79
3613.68
3606.69
3615.27
3609.03
3616.27
3622.84
3626.43
3628.38
3632.92
3636.50
3648.29
3641.64
3660.50
3670.69
3669.18
3665.41
3664.20
3662.39
3662.94
3665.33
3669.84
3667.07
3662.00
3659.12
3658.39
3652.20
3651.11
3609.00
3599.69
3603.35
3609.62
3601.83
3565.00
3553.40
3552.67
3555.88
3555.60
3550.00
3553.00
3557.00
3553.33
3553.18
3552.17
3551.67
3545.00
3550.64
3546.75
3549.00
3551.50
3546.20
3549.50
3549.18
3546.17
3567.67
3573.05
3593.15
3582.94
3601.50
3601.57
3603.25
3604.56
3608.11
3610.36
3603.60
3609.50
3609.75
3601.57
3604.85
3603.00
3605.25
3612.17
3610.83
3609.83
3611.00
3611.71
3610.00
3606.47
3605.33
3600.67
3601.33
3597.91
3593.88
3604.78
3601.27
3553.12
3540.38
3538.88
3543.06
3538.92
3539.17
3538.60
3535.00
3536.67
3537.80
3537.33
3541.00
3539.14
3538.80
3543.00
3542.50
3546.73
3550.58
3548.00
3552.87
3556.78
3555.25
3563.91
3571.71
3573.77
3576.80
3580.38
3579.00
3578.44
3579.79
3588.09
3582.25
3580.67
3583.56
3589.00
3584.25
3587.22
3574.67
3581.26
3587.16
3591.42
3581.83
3587.22
3589.00
3591.04
3588.90
3586.65
3589.26
3582.45
3580.08
3588.37
3591.57
3585.05
3581.80
3585.17
3575.61
3579.61
3579.06
3581.93
3581.29
3585.00
3593.00
3585.86
3581.00
3584.38
3583.10
3583.40
3580.43
3575.33
3578.21
3576.91
3576.88
3579.67
3584.73
3581.62
3585.31
3583.80
3582.44
3583.00
3628.50
3626.25
3631.67
3631.92
3626.78
3634.17
3628.56
3631.75
3635.67
3636.44
3641.05
3641.57
3646.47
3649.33
3656.80
3656.16
3659.86
3662.33
3662.05
3662.44
3662.43
3650.82
3631.44
3647.41
3641.48
3636.05
3627.86
3642.69
3630.50
3612.70
3601.44
3603.50
3601.53
3600.53
3600.50
3601.19
3601.33
3604.56
3605.38
3607.00
3607.50
3609.25
3617.33
3612.71
3611.00
3612.94
3613.06
3619.62
3619.54
3619.90
3621.56
3619.07
3622.17
3622.35
3624.62
3618.93
3620.36
3615.36
3610.50
3608.60
3605.38
3608.27
3603.08
3601.71
3598.92
3602.60
3601.58
3601.82
3604.62
3602.80
3608.40
3604.00
3602.67
3607.29
3600.50
3606.92
3608.47
3608.08
3605.22
3604.36
3606.75
3606.50
3629.88
3624.00
3656.58
3649.38
3642.09
3651.56
3652.29
3656.75
3663.12
3661.91
3665.15
3664.12
3664.29
3666.50
3663.67
3666.60
3668.67
3666.71
3667.56
3670.17
3666.43
3662.14
3674.11
3666.88
3667.83
3669.25
3665.57
3662.80
3661.31
3679.65
3700.64
3670.23
3683.00
3697.67
3686.75
3674.00
3697.08
3714.88
3729.60
3725.55
3725.29
3726.60
3728.25
3727.62
3725.75
3724.40
3728.56
3720.50
3709.20
3701.58
3713.18
3701.68
3702.59
3689.95
3687.63
3682.48
3705.00
3669.33
3672.44
3670.08
3670.38
3668.10
3665.52
3658.28
3661.00
3659.14
3656.00
3662.83
3664.83
3664.64
3665.08
3663.73
3663.75
3661.27
3662.33
3665.00
3662.31
3663.80
3655.25
3659.62
3658.29
3656.40
3653.12
3650.42
3649.64
3643.82
3644.80
3641.42
3637.57
3633.76
3634.44
3628.83
3630.45
3635.55
3635.19
3634.08
3634.93
3633.75
3629.12
3628.09
3628.93
3621.00
3614.33
3620.50
3617.44
3619.44
3620.33
3622.83
3624.88
3629.40
3635.00
3636.60
3634.89
3634.11
3637.00
3642.42
3626.29
3630.67
3639.00
3635.17
3636.95
3636.24
3627.65
3608.83
3598.77
3598.14
3600.71
3601.29
3611.50
3615.85
3611.50
3613.05
3611.33
3618.86
3612.10
3618.22
3634.07
3631.75
3626.95
3616.24
3616.50
3612.09
3611.00
3605.75
3603.30
3600.21
3597.42
3590.48
3586.18
3585.14
3576.80
3577.77
3579.64
3579.36
3578.33
3579.83
3583.83
3583.67
3588.60
3588.62
3583.24
3582.73
3583.61
3582.70
3582.61
3579.28
3569.96
3567.04
3567.11
3554.83
3555.92
3547.38
3542.27
3542.65
3539.33
3532.25
3533.67
3528.83
3534.31
3533.25
3532.45
3524.75
3524.75
3518.36
3516.50
3523.54
3516.75
3524.33
3524.70
3521.55
3523.46
3525.75
3529.83
3519.50
3572.13
3599.90
3584.38
3588.86
3608.67
3630.92
3633.33
3632.76
3635.77
3635.92
3634.60
3634.67
3627.50
3630.57
3634.50
3633.67
3633.90
3634.00
3632.00
3632.43
3631.00
3628.86
3630.00
3620.00
3619.43
3594.40
3594.50
3592.00
3586.00
3586.75
3592.89
3591.05
3590.71
3591.05
3589.00
3589.00
3593.62
3592.71
3590.67
3593.13
3592.75
3594.38
3595.75
3595.50
3593.13
3600.00
3594.86
3595.57
3594.38
3592.20
3595.33
3594.00
3594.88
3594.90
3596.14
3596.50
3595.12
3595.44
3597.00
3599.60
3597.47
3614.45
3621.82
3602.85
3619.00
3598.33
3602.31
3610.50
3613.50
3616.00
3633.13
3625.80
3629.12
3627.90
3627.62
3624.24
3613.44
3612.00
3611.25
3605.89
3605.80
3605.33
3608.62
3618.78
3618.00
3622.81
3624.73
3621.61
3615.64
3620.44
3618.64
3620.71
3627.59
3624.09
3625.58
3625.80
3621.22
3610.83
3619.25
3615.20
3610.93
3610.61
3608.41
3606.00
3598.00
3597.67
3591.71
3587.54
3590.11
3583.67
3585.71
3593.17
3591.00
3591.75
3592.42
3584.86
3587.00
3590.13
3599.56
3597.44
3590.91
3596.94
3595.00
3604.10
3602.14
3602.80
3605.18
3613.45
3612.40
3622.62
3620.33
3625.29
3624.75
3623.50
3625.56
3618.32
3615.29
3610.07
3611.43
3614.00
3615.35
3607.69
3604.82
3604.90
3607.94
3604.50
3602.67
3599.45
3616.50
3598.71
3592.73
3580.29
3602.87
3563.65
3565.00
3569.92
3545.75
3542.56
3546.31
3544.60
3542.60
3548.33
3547.91
3548.67
3554.25
3554.50
3556.57
3558.00
3557.83
3558.43
3561.17
3567.86
3575.59
3590.10
3583.12
3614.50
3629.88
3630.80
3633.67
3633.00
3634.50
3634.00
3635.20
3636.64
3635.70
3633.80
3636.16
3632.14
3635.25
3633.18
3627.45
3625.95
3622.80
3616.77
3615.24
3610.55
3620.67
3610.67
3602.33
3593.42
3600.73
3608.77
3619.29
3625.61
3626.90
3631.70
3633.10
3635.19
3636.73
3641.76
3643.85
3650.33
3651.44
3647.94
3647.91
3647.73
3646.00
3649.25
3649.50
3651.09
3645.57
3645.26
3647.50
3640.86
3643.15
3642.75
3638.93
3637.31
3637.89
3638.20
3635.25
3634.29
3632.50
3632.67
3633.93
3635.55
3629.00
3623.00
3625.17
3619.44
3617.71
3618.20
3622.80
3627.00
3630.25
3630.57
3628.25
3627.00
3634.92
3634.83
3628.75
3659.25
3651.57
3662.88
3668.00
3681.83
3687.08
3684.42
3685.36
3684.17
3697.83
3703.55
3702.42
3705.84
3707.90
3711.00
3711.15
3709.60
3720.17
3723.11
3722.00
3726.00
3725.78
3723.09
3715.68
3711.69
3710.17
3711.56
3710.44
3701.77
3703.75
3699.88
3695.15
3696.50
3697.62
3702.14
3709.29
3705.33
3707.88
3708.29
3718.00
3713.80
3712.95
3717.50
3719.69
3718.20
3715.05
3710.87
3710.26
3711.90
3710.48
3710.36
3706.00
3699.86
3698.27
3695.83
3670.47
3678.93
3675.30
3698.25
3687.55
3677.09
3671.41
3674.54
3682.95
3687.62
3703.82
3706.70
3707.86
3708.00
3709.80
3709.62
3714.00
3711.00
3712.00
3713.43
3712.25
3711.75
3711.25
3714.93
3717.30
3715.50
3717.69
3715.00
3717.11
3717.70
3716.35
3717.33
3712.33
3707.74
3711.27
3716.20
3706.91
3709.89
3700.83
3698.50
3702.29
3704.08
3704.00
3703.62
3715.33
3705.18
3706.25
3710.00
3713.75
3710.50
3751.55
3753.50
3756.18
3751.70
3737.05
3718.47
3708.96
3730.72
3722.34
3713.08
3711.64
3709.57
3706.70
3711.05
3713.20
3707.40
3706.83
3711.10
3710.03
3710.26
3710.41
3706.21
3703.00
3705.05
3702.57
3701.86
3697.67
3703.46
3704.44
3701.75
3700.50
3699.93
3697.54
3696.20
3690.92
3693.90
3687.75
3686.20
3691.60
3689.00
3688.43
3682.25
3682.50
3678.00
3674.00
3674.67
3683.50
3685.90
3684.78
3686.29
3680.67
3685.33
3689.43
3690.78
3690.00
3689.50
3709.30
3723.50
3731.56
3743.37
3743.60
3759.00
3756.50
3762.23
3767.44
3755.54
3752.57
3763.90
3766.07
3767.25
3768.54
3767.70
3763.75
3758.14
3755.00
3759.25
3748.25
3751.40
3751.62
3750.22
3739.86
3745.86
3743.20
3739.78
3745.15
3748.17
3748.00
3748.10
3748.00
3746.88
3747.11
3750.00
3752.62
3750.93
3752.75
3752.08
3753.07
3755.92
3761.45
3790.40
3758.89
3776.67
3800.50
3793.44
3807.68
3824.00
3809.53
3817.40
3822.50
3817.60
3826.50
3833.00
3838.97
3844.19
3850.62
3856.00
3848.62
3850.78
3847.50
3844.44
3842.43
3840.71
3841.35
3832.47
3832.50
3833.93
3833.45
3827.84
3830.19
3829.61
3831.27
3832.93
3839.42
3831.15
3827.63
3829.58
3832.70
3862.50
3867.87
3868.18
3876.00
3878.00
3870.57
3876.73
3878.45
3881.96
3893.77
3899.54
3890.65
3907.67
3929.17
3895.56
3943.33
3938.31
3942.44
3946.50
3947.95
3945.82
3947.36
3946.53
3949.33
3944.50
3941.64
3944.67
3940.27
3937.89
3937.56
3932.44
3929.64
3929.88
3931.53
3928.86
3930.13
3925.58
3928.38
3921.50
3924.88
3927.54
3924.67
3925.38
3926.14
3927.60
3928.36
3928.30
3926.38
3928.70
3929.11
3927.50
3927.67
3960.78
3962.95
3970.15
3981.75
3983.40
3991.82
3996.44
4001.08
4004.00
4000.48
3998.93
4003.65
4002.67
4015.11
4016.24
4016.80
4016.44
4019.95
4028.50
4018.85
4050.88
4059.70
4073.80
4075.83
4075.36
4088.10
4096.53
4090.82
4085.96
4086.04
4092.32
4096.00
4093.36
4083.95
4092.06
4091.70
4093.58
4095.69
4088.04
4096.00
4105.62
4104.50
4100.56
4102.91
4108.30
4122.87
4118.94
4124.36
4118.09
4124.71
4115.72
4129.41
4123.03
4137.06
4142.10
4141.17
4140.43
4143.00
4145.11
4143.60
4143.27
4143.20
4143.36
4141.40
4140.50
4143.22
4145.11
4146.17
4150.00
4147.00
4196.50
4197.30
4209.00
4140.91
3951.00
3839.12
3755.80
3551.91
3134.73
4270.00
4269.50
4270.20
4276.33
4274.67
4280.00
4288.89
4291.77
4297.84
4307.80
4315.55
4326.33
4314.88
4331.05
4342.97
4357.85
4351.90
4358.50
4360.89
4379.45
4400.68
4406.68
4402.24
4418.00
4403.96
4411.94
4410.11
4421.67
4430.65
4434.83
4436.50
4433.50
4433.44
4436.00
4432.70
4433.50
4435.80
4445.50
4436.67
4439.83
4441.50
4441.00
4535.40
4504.00
4548.91
4553.70
4560.00
4563.57
4565.00
4565.33
4565.33
4560.00
4561.33
4557.67
4575.38
4561.82
4561.86
4571.33
4579.75
4602.49
4595.50
4609.79
4608.31
4611.17
4614.46
4632.20
4623.60
4635.96
4641.41
4644.92
4645.03
4643.78
4646.93
4665.69
4668.69
4670.89
4669.23
4667.25
4668.00
4672.20
4671.78
4675.55
4689.36
4675.45
4700.06
4672.33
4674.00
4675.60
4732.20
4742.06
4745.61
4762.83
4767.12
4780.97
4811.50
4789.82
4791.33
4818.00
4808.13
4804.00
4808.38
4813.00
4821.60
4823.67
4825.45
4822.15
4821.93
4824.10
4825.00
4819.25
4818.00
4815.13
4812.15
4811.94
4804.85
4809.00
4801.17
4799.95
4789.62
4783.41
4786.60
4788.89
4781.86
4785.07
4786.20
4786.41
4787.58
4788.60
4788.58
4787.00
4788.09
4793.87
4790.53
4789.62
4790.29
4786.60
4778.29
4780.50
4783.27
4789.00
4793.00
4783.86
4785.50
4755.71
4728.30
4729.38
4722.62
4721.00
4722.89
4708.21
4709.50
4708.17
4708.67
4704.46
4708.50
4710.75
4716.31
4718.14
4716.26
4715.20
4710.15
4709.10
4707.55
4713.21
4708.20
4711.00
4698.36
4706.60
4662.56
4659.28
4632.76
4632.44
4621.33
4615.31
4619.46
4611.62
4604.45
4609.91
4577.58
4584.79
4564.83
4565.44
4565.00
4564.11
4556.67
4550.12
4561.42
4500.00
4509.26
4509.26
4494.80
4494.33
4512.00
4518.95
4491.78
4475.30
4465.23
4461.34
4450.50
4429.71
4428.90
4423.88
4421.00
4403.37
4393.39
4391.50
4377.35
4375.12
4374.00
4369.64
4369.09
4362.00
4359.00
4351.83
4355.15
4351.57
4360.09
4347.18
4334.75
4329.85
4313.21
4306.85
4305.00
4300.04
4292.06
4282.90
4282.71
4266.75
4248.68
4241.82
4241.58
4233.64
4222.41
4210.86
4204.00
4195.13
4193.37
4179.59
4164.10
4167.09
4169.53
4168.08
4129.09
4122.85
4125.24
4121.60
4120.78
4109.33
4120.64
4109.86
4108.25
4110.73
4114.00
4116.54
4117.67
4116.61
4119.47
4118.56
4122.30
4125.75
4120.82
4123.50
4124.38
4124.44
4114.91
4108.20
4114.17
4112.00
4112.38
4111.71
4106.00
4026.83
4025.49
4006.23
3994.00
3993.97
3981.24
3980.78
3984.00
3981.90
3980.45
3974.83
3972.14
3980.95
3970.86
3972.88
3970.50
3974.38
3974.18
3980.93
3984.00
3974.67
3975.52
3976.69
3979.19
3992.40
3997.33
3975.00
3964.17
3978.45
3946.23
3921.88
3909.24
3928.92
3884.45
3896.72
3881.56
3870.51
3859.68
3857.52
3849.00
3836.56
3836.51
3824.23
3831.55
3820.41
3819.96
3811.36
3821.35
3823.07
3825.85
3821.80
3825.25
3829.07
3816.78
3811.42
3810.85
3821.19
3805.80
3804.26
3797.34
3777.89
3762.05
3761.40
3766.31
3762.00
3761.93
3761.00
3757.60
3759.50
3763.18
3761.62
3756.25
3764.14
3762.83
3761.35
3759.93
3759.12
3760.50
3761.71
3761.40
3760.00
3743.64
3731.43
3727.75
3743.71
3754.93
3754.11
3753.71
3752.00
3710.16
3714.62
3715.12
3713.68
3715.56
3712.33
3712.00
3716.53
3716.92
3717.76
3720.75
3714.57
3719.67
3718.43
3725.67
3728.00
3727.31
3725.00
3726.00
3726.67
3730.67
3725.33
3722.67
3723.43
3721.00
3715.80
3714.52
3713.53
3709.90
3707.76
3710.65
3713.52
3709.80
3711.83
3713.36
3712.87
3713.18
3715.09
3707.25
3707.09
3709.71
3710.27
3712.00
3709.75
3704.50
3710.60
3715.78
3715.67
3715.24
3705.77
3705.22
3712.79
3712.91
3708.78
3712.35
3712.86
3713.17
3716.56
3725.62
3719.42
3722.19
3721.07
3713.41
3707.85
3700.68
3704.16
3694.84
3694.58
3697.88
3695.28
3675.88
3667.83
3665.54
3664.88
3664.50
3666.87
3664.17
3662.08
3656.25
3659.93
3657.38
3656.55
3656.56
3656.89
3661.20
3662.85
3658.24
3661.78
3669.81
3668.56
3668.80
3666.42
3672.14
3697.36
3697.95
3703.00
3705.70
3705.40
3693.81
3688.00
3689.29
3691.89
3691.76
3681.27
3691.36
3678.52
3663.20
3659.57
3658.78
3657.20
3655.17
3656.12
3651.14
3651.56
3647.00
3631.38
3655.17
3629.19
3600.12
3635.26
3654.00
3613.24
3613.75
3610.37
3610.16
3610.36
3606.59
3608.07
3612.41
3609.06
3606.91
3615.14
3610.29
3611.78
3597.44
3598.85
3600.43
3596.78
3595.60
3598.21
3598.13
3597.35
3595.11
3589.67
3594.12
3596.56
3591.38
3592.29
3593.40
3593.57
3595.74
3594.72
3610.11
3615.36
3610.48
3619.59
3621.79
3623.63
3630.35
3635.43
3635.89
3636.94
3637.17
3635.09
3634.75
3636.71
3636.36
3638.09
3638.47
3643.83
3638.50
3640.06
3642.60
3642.75
3643.35
3644.67
3644.29
3641.85
3643.83
3643.36
3641.00
3638.80
3637.00
3635.80
3637.75
3636.62
3630.12
3632.67
3633.85
3633.21
3635.42
3632.50
3627.00
3621.94
3625.44
3625.60
3616.29
3622.56
3614.41
3613.08
3610.31
3610.91
3603.43
3602.75
3601.00
3606.96
3611.00
3604.83
3607.50
3616.40
3615.38
3603.31
3608.50
3649.45
3649.17
3651.50
3649.50
3649.86
3628.00
3644.20
3643.16
3641.15
3641.48
3641.43
3644.56
3647.33
3646.38
3647.97
3654.12
3651.20
3661.20
3659.00
3659.50
3658.62
3673.25
3654.00
3649.17
3611.70
3637.77
3640.24
3641.63
3642.30
3638.31
3636.90
3634.82
3635.00
3631.11
3630.10
3628.50
3625.00
3619.82
3633.50
3613.79
3612.87
3612.60
3602.78
3593.00
3590.71
3599.83
3597.50
3596.70
3584.69
3583.30
3578.22
3575.25
3567.71
3567.47
3566.38
3566.07
3557.70
3562.71
3549.32
3546.10
3542.36
3546.33
3554.92
3552.00
3565.11
3564.85
3555.27
3570.33
3558.13
3610.14
3619.50
3612.89
3633.42
3642.81
3646.54
3645.48
3640.36
3645.71
3641.87
3655.58
3656.17
3657.69
3650.83
3649.50
3638.11
3616.79
3620.78
3614.22
3613.59
3616.23
3625.85
3620.53
3617.72
3609.55
3601.14
3598.96
3599.81
3607.29
3607.25
3596.77
3595.38
3596.00
3588.62
3588.71
3587.20
3582.11
3583.86
3577.83
3570.69
3577.62
3564.00
3568.70
3555.23
3548.46
3547.79
3542.50
3538.10
3546.78
3545.59
3543.32
3546.33
3550.50
3552.50
3550.93
3550.17
3547.38
3551.29
3549.67
3550.33
3547.87
3548.35
3552.75
3550.38
3551.18
3548.44
3534.64
3537.86
3539.87
3540.72
3541.11
3534.94
3537.26
3537.25
3529.20
3527.91
3528.32
3530.53
3530.00
3531.29
3528.81
3526.59
3524.58
3526.76
3527.21
3526.95
3524.50
3527.78
3537.95
3532.48
3531.92
3535.75
3537.11
3538.80
3534.23
3549.43
3554.50
3559.00
3557.38
3557.33
3553.00
3548.20
3549.05
3547.25
3546.43
3539.50
3540.95
3535.52
3535.48
3536.70
3532.90
3522.37
3522.90
3523.38
3523.50
3520.86
3518.86
3522.70
3523.70
3523.65
3534.60
3524.50
3526.00
3532.71
3531.76
3533.23
3531.86
3528.39
3529.71
3526.57
3530.27
3527.38
3524.95
3523.18
3524.26
3525.00
3527.44
3529.13
3530.33
3532.35
3529.25
3528.63
3522.89
3527.84
3527.53
3527.24
3524.86
3524.65
3525.07
3531.19
3528.13
3531.09
3529.45
3531.14
3532.24
3538.40
3543.00
3544.00
3548.20
3547.00
3546.17
3547.50
3548.70
3546.00
3552.71
3572.70
3559.00
3599.43
3602.92
3602.43
3611.13
3614.96
3625.74
3631.50
3631.74
3632.56
3634.81
3637.36
3634.88
3632.69
3630.31
3635.22
3616.67
3610.00
3613.14
3617.00
3609.88
3610.17
3602.43
3598.57
3609.18
3601.81
3590.20
3589.50
3588.40
3586.29
3582.92
3582.75
3577.80
3581.00
3585.00
3583.44
3583.29
3583.57
3583.55
3587.67
3587.38
3583.42
3590.81
3587.56
3588.53
3585.11
3592.50
3596.13
3600.75
3600.90
3604.86
3608.67
3611.29
3609.32
3609.84
3617.48
3628.20
3632.73
3633.67
3636.00
3632.92
3637.00
3635.54
3637.87
3633.93
3628.50
3641.06
3636.71
3641.41
3661.52
3666.91
3691.69
3642.55
3681.97
3682.03
3713.20
3710.37
3708.61
3710.69
3713.60
3715.36
3716.00
3718.50
3701.83
3704.29
3703.00
3698.72
3681.57
3681.76
3684.29
3682.84
3682.40
3680.46
3683.50
3674.50
3681.25
3680.83
3678.30
3678.73
3674.93
3675.64
3658.57
3663.36
3661.85
3665.13
3661.60
3657.40
3656.96
3657.29
3646.68
3644.21
3646.00
3645.07
3642.25
3611.64
3612.87
3621.44
3624.06
3616.31
3625.60
3620.31
3609.53
3609.31
3605.00
3606.70
3608.29
3607.06
3606.95
3606.40
3606.74
3608.00
3609.88
3615.83
3613.33
3616.40
3616.00
3619.67
3619.00
3617.00
3617.50
3617.00
3668.10
3672.64
3687.58
3700.00
3694.33
3702.00
3698.75
3700.61
3695.60
3694.46
3693.58
3683.22
3685.14
3686.73
3661.80
3661.42
3654.91
3658.22
3662.25
3656.15
3646.86
3641.16
3643.40
3646.19
3646.36
3642.08
3627.57
3622.00
3626.68
3611.06
3613.05
3612.73
3612.96
3607.21
3605.13
3594.31
3594.24
3597.90
3589.71
3585.00
3582.92
3584.44
3585.91
3586.75
3591.30
3595.25
3595.25
3593.25
3596.47
3600.04
3597.93
3607.00
3606.80
3609.67
3608.75
3608.00
3603.00
3597.66
3594.52
3597.77
3592.38
3599.00
3597.64
3598.69
3594.56
3595.61
3598.79
3596.83
3598.45
3599.64
3599.56
3594.44
3593.40
3591.57
3582.12
3589.36
3587.14
3587.29
3585.00
3584.23
3579.50
3577.00
3541.80
3543.03
3550.73
3561.97
3550.27
3552.36
3565.29
3572.17
3572.84
3583.50
3596.46
3602.43
3602.72
3602.20
3600.44
3602.61
3604.91
3607.15
3599.00
3599.52
3600.19
3598.38
3589.29
3599.81
3595.12
3600.14
3603.53
3598.56
3605.12
3605.54
3598.82
3597.30
3604.35
3604.86
3593.33
3604.30
3602.85
3605.43
3595.44
3601.12
3603.24
3606.23
3605.64
3603.17
3606.00
3604.90
3614.09
3620.85
3620.57
3620.69
3610.22
3617.00
3621.73
3620.77
3623.20
3610.83
3613.58
3617.18
3622.33
3618.18
3626.29
3624.26
3623.73
3624.35
3623.94
3621.09
3618.62
3617.00
3614.25
3614.88
3614.40
3612.67
3608.30
3607.75
3608.40
3599.00
3613.12
3611.67
3599.75
3585.06
3592.30
3586.67
3580.67
3581.00
3581.67
3583.31
3582.71
3586.00
3592.24
3594.73
3598.50
3606.91
3607.75
3614.18
3605.64
3612.18
3629.30
3623.69
3619.20
3625.33
3617.69
3615.85
3613.78
3608.00
3600.70
3603.00
3598.95
3597.55
3596.93
3601.80
3600.48
3596.17
3593.89
3571.31
3583.90
3602.15
3593.05
3586.92
3547.91
3549.91
3548.21
3552.68
3547.23
3541.92
3549.38
3542.50
3550.25
3548.31
3548.08
3549.29
3550.33
3555.14
3551.50
3552.40
3553.44
3555.00
3552.62
3549.89
3555.89
3554.00
3552.40
3549.33
3553.45
3554.00
3555.17
3556.50
3556.00
3555.27
3558.88
3556.33
3559.75
3590.46
3598.84
3593.56
3582.00
3591.44
3579.50
3582.90
3579.67
3586.06
3678.64
3590.85
3583.00
3591.75
3591.40
3598.00
3595.75
3592.60
3594.53
3588.00
3586.20
3587.92
3589.75
3593.47
3592.60
3580.00
3590.08
3587.22
3589.67
3592.80
3592.80
3604.15
3600.56
3599.60
3597.42
3605.11
3606.00
3603.56
3606.40
3615.33
3619.31
3619.80
3626.62
3639.00
3639.55
3631.26
3645.45
3645.56
3645.47
3642.12
3641.11
3641.79
3638.05
3640.74
3629.22
3626.03
3635.72
3623.58
3616.79
3608.24
3601.08
3596.69
3594.67
3596.23
3602.05
3606.22
3616.56
3617.38
3614.50
3620.48
3624.84
3621.62
3639.32
3642.38
3643.11
3651.71
3654.00
3649.24
3652.80
3656.71
3663.22
3669.25
3671.00
3674.73
3669.29
3671.00
3671.50
3672.00
3674.43
3671.00
3672.38
3668.75
3670.00
3674.00
3675.40
3679.00
3686.29
3698.27
3699.89
3694.58
3696.05
3694.22
3692.67
3687.79
3682.67
3685.26
3694.67
3690.46
3677.64
3685.62
3682.71
3678.50
3671.40
3692.25
3694.29
3696.45
3697.36
3701.00
3699.44
3694.90
3698.29
3703.57
3708.95
3711.71
3718.76
3717.26
3714.90
3715.87
3719.50
3722.75
3728.70
3726.12
3723.63
3716.12
3728.50
3720.85
3718.40
3709.00
3709.56
3713.31
3718.57
3718.35
3714.32
3716.15
3716.94
3717.12
3716.21
3715.67
3713.50
3717.67
3717.22
3710.31
3715.29
3714.00
3713.50
3714.45
3719.23
3715.57
3720.31
3718.50
3716.25
3721.83
3722.40
3728.00
3728.00
3745.80
3760.80
3761.95
3758.50
3759.38
3772.16
3779.07
3783.79
3785.61
3784.38
3784.40
3782.25
3788.43
3790.00
3801.62
3812.27
3813.73
3821.76
3820.83
3817.75
3825.44
3821.97
3819.32
3832.26
3836.31
3836.64
3841.83
3846.50
3858.62
3867.67
3865.86
3872.95
3877.00
3879.24
3881.67
3883.67
3886.50
3886.46
3891.62
3892.62
3896.79
3896.78
3903.50
3908.33
3907.47
3913.47
3915.11
3917.59
3920.50
3938.62
3938.75
3938.82
3940.94
3942.21
3945.26
3952.06
3958.90
3954.20
3964.14
3970.20
3974.00
3981.10
3993.57
3994.62
3997.69
4001.92
3999.73
4012.24
4010.22
4013.56
4015.30
4013.00
4021.42
4018.79
4023.69
4019.00
4020.64
4016.50
4022.50
4021.61
4021.06
4022.46
4023.00
4021.00
4047.39
4072.38
4098.00
4119.67
4112.00
4111.17
4110.80
4111.00
4113.36
4114.00
4112.33
4114.33
4112.83
4115.25
4117.82
4122.25
4121.70
4130.64
4123.53
4124.89
4123.83
4125.43
4127.71
4157.08
4168.81
4171.95
4185.53
4191.44
4186.58
4199.50
4213.80
4229.52
4223.00
4233.05
4235.56
4236.59
4247.91
4241.62
4253.64
4262.50
4260.25
4259.71
4263.81
4264.00
4266.62
4254.00
4251.38
4253.89
4254.80
4247.20
4250.12
4250.00
4243.75
4240.82
4239.65
4227.38
4241.05
4246.23
4244.80
4264.33
4235.04
4242.17
4244.33
4256.45
4259.43
4256.50
4262.67
4260.88
4263.90
4260.71
4262.83
4261.40
4273.00
4272.50
4262.14
4258.00
4256.92
4260.73
4255.19
4255.58
4246.07
4242.20
4251.50
4252.80
4243.36
4247.00
4246.09
4245.61
4256.36
4254.00
4254.50
4259.06
4259.40
4264.83
4264.67
4263.60
4261.25
4262.33
4261.90
4261.06
4261.67
4256.00
4254.77
4259.67
4257.33
4255.00
4254.90
4249.67
4208.30
4166.57
4178.19
4148.17
4170.83
4171.52
4154.61
4145.82
4141.40
4135.50
4138.14
4144.75
4140.00
4138.50
4138.56
4139.81
4140.00
4136.53
4135.14
4138.00
4132.71
4133.46
4115.00
4099.54
4105.16
4129.50
4121.29
4110.70
4086.84
4066.65
4071.14
4067.24
4065.62
4066.50
4057.74
4055.05
4050.60
4052.24
4027.78
4026.00
4027.71
4026.76
4026.31
4025.83
4021.00
4018.73
4009.50
4004.87
3998.06
3996.24
3973.50
3975.97
3965.97
3968.43
3961.73
3934.77
3938.00
3938.47
3934.14
3930.00
3926.12
3920.80
3918.20
3920.22
3916.86
3912.76
3906.66
3909.38
3901.41
3901.00
3893.80
3898.62
3893.52
3894.97
3890.19
3891.11
3888.60
3892.83
3891.86
3887.81
3886.28
3890.41
3889.81
3887.33
3884.95
3894.43
3863.29
3879.74
3855.57
3843.38
3871.27
3812.44
3793.10
3793.98
3782.29
3775.14
3778.59
3781.21
3770.50
3764.77
3763.62
3765.88
3763.19
3765.07
3766.92
3760.58
3760.20
3760.73
3761.00
3761.15
3758.42
3745.24
3722.12
3708.24
3710.44
3710.07
3710.59
3699.03
3696.31
3697.00
3696.71
3695.80
3683.09
3680.00
3679.91
3695.43
3695.75
3690.57
3694.88
3693.33
3693.00
3696.00
3695.67
3686.40
3688.60
3680.75
3676.86
3678.56
3676.82
3673.38
3674.73
3668.09
3670.00
3669.43
3659.60
3663.56
3656.93
3655.76
3651.83
3652.58
3643.79
3645.17
3645.73
3644.00
3647.81
3667.50
3651.26
3654.41
3652.55
3654.81
3652.40
3653.16
3648.50
3649.43
3647.80
3645.31
3649.44
3636.20
3635.11
3637.50
3634.38
3627.20
3610.57
3611.64
3607.10
3606.64
3603.17
3602.33
3596.67
3597.89
3600.20
3601.56
3604.26
3606.79
3601.50
3611.62
3619.50
3619.33
3617.00
3619.50
3637.27
3652.33
3657.16
3661.25
3660.12
3661.71
3660.80
3659.50
3660.09
3653.52
3650.18
3650.46
3653.55
3640.11
3648.81
3643.22
3639.09
3641.10
3639.35
3641.33
3643.20
3633.80
3629.50
3632.14
3632.26
3627.46
3623.05
3617.56
3614.23
3617.38
3609.00
3604.57
3606.29
3606.25
3612.00
3611.89
3608.17
3607.93
3608.91
3606.71
3609.60
3606.65
3600.71
3599.11
3600.85
3598.57
3596.78
3600.60
3597.20
3590.00
3591.75
3590.18
3589.17
3589.11
3585.33
3590.50
3600.00
3594.17
3592.00
3493.11
3594.33
3589.50
3588.00
3587.22
3587.00
3582.11
3585.00
3583.35
3585.29
3585.70
3583.20
3581.58
3577.17
3574.56
3552.39
3563.29
3564.84
3583.90
3583.22
3584.36
3581.55
3590.50
3583.43
3584.90
3574.78
3549.50
3588.00
3561.25
3530.58
3525.00
3490.73
3493.67
3490.09
3493.67
3488.06
3482.32
3472.17
3481.89
3482.91
3483.20
3484.77
3485.18
3484.19
3486.58
3489.19
3496.00
3493.77
3480.75
3485.32
3484.00
3496.60
3499.33
3517.61
3510.50
3507.25
3513.67
3505.50
3513.60
3503.67
3509.00
3518.83
3520.13
3514.77
3521.00
3525.71
3525.91
3524.18
3526.36
3526.00
3525.45
3536.32
3553.00
3538.79
3540.74
3540.11
3539.36
3541.45
3540.89
3546.44
3546.04
3549.69
3551.64
3553.39
3552.83
3549.88
3549.00
3551.30
3552.85
3550.89
3552.15
3549.79
3555.21
3553.94
3554.29
3555.87
3552.80
3560.00
3558.29
3560.50
3557.83
3560.00
3560.80
3558.00
3561.60
3571.29
3565.47
3568.24
3585.16
3586.73
3566.20
3588.83
3592.35
3596.20
3596.35
3598.33
3599.30
3597.72
3592.25
3594.19
3593.83
3590.36
3590.32
3588.82
3587.67
3568.50
3577.00
3579.79
3579.12
3583.45
3574.38
3573.61
3565.24
3563.00
3564.75
3565.22
3570.00
3568.33
3568.27
3569.15
3578.25
3576.33
3570.00
3565.62
3561.00
3568.00
3561.67
3562.20
3562.00
3561.88
3560.00
3559.07
3560.50
3554.47
3553.33
3551.92
3556.00
3559.00
3553.00
3553.80
3551.62
3551.38
3547.57
3547.75
3545.47
3542.91
3541.90
3540.67
3539.33
3527.89
3534.80
3524.25
3525.69
3528.50
3521.00
3515.62
3512.55
3500.14
3490.55
3475.64
3478.40
3485.32
3483.35
3485.81
3483.75
3492.85
3495.92
3500.40
3502.50
3513.43
3513.46
3517.29
3519.39
3530.00
3528.08
3545.14
3531.68
3552.75
3545.43
3546.12
3544.67
3557.50
3557.33
3553.50
3552.71
3551.40
3548.00
3555.38
3555.18
3553.29
3554.58
3557.27
3554.50
3549.77
3548.52
3540.89
3551.44
3549.36
3555.82
3550.95
3549.78
3530.58
3527.13
3535.83
3533.00
3538.17
3538.44
3538.50
3541.95
3546.59
3549.13
3550.23
3546.80
3547.88
3547.53
3544.63
3546.17
3544.39
3547.55
3547.09
3534.61
3533.88
3533.50
3522.80
3506.77
3499.07
3495.30
3497.00
3481.92
3479.47
3477.70
3474.63
3468.08
3463.89
3463.31
3462.92
3458.55
3457.14
3459.38
3445.00
3446.40
3446.25
3445.43
3449.80
3451.82
3451.85
3458.29
3457.06
3460.36
3456.19
3459.00
3470.10
3471.10
3473.88
3474.33
3474.38
3482.44
3484.19
3489.36
3494.71
3490.05
3490.67
3487.41
3487.87
3483.56
3486.31
3487.55
3485.68
3491.14
3490.25
3490.27
3491.30
3488.54
3492.77
3497.41
3503.95
3511.29
3516.75
3521.31
3524.46
3529.19
3527.92
3538.00
3536.20
3540.28
3536.15
3537.96
3537.93
3540.33
3569.80
3573.33
3575.38
3570.20
3567.20
3561.46
3560.67
3562.27
3568.50
3547.55
3551.00
3544.81
3543.36
3545.21
3531.55
3532.60
3528.36
3540.90
3536.94
3532.38
3537.63
3537.15
3532.38
3530.40
3528.85
3528.59
3520.35
3509.44
3509.56
3507.79
3516.53
3516.33
3523.88
3525.83
3527.76
3531.08
3527.42
3531.63
3533.00
3542.91
3538.62
3545.50
3549.50
3549.00
3543.50
3542.00
3545.20
3546.40
3546.00
3546.17
3547.00
3548.50
3543.83
3545.29
3551.33
3548.92
3550.43
3550.12
3554.18
3554.73
3555.45
3555.56
3570.33
3568.25
3565.33
3558.67
3563.00
3557.50
3558.71
3559.33
3548.08
3548.33
3549.47
3539.27
3542.83
3544.55
3546.50
3540.40
3541.08
3541.20
3542.50
3541.00
3542.75
3552.00
3553.43
3551.00
3550.22
3551.14
3552.50
3556.50
3563.88
3563.14
3573.40
3567.50
3583.60
3582.22
3585.82
3583.64
3579.20
3586.00
3586.00
3581.10
3578.25
3577.29
3571.00
3571.00
3565.89
3577.25
3555.60
3553.33
3546.50
3550.93
3540.14
3539.38
3532.71
3534.17
3525.00
3524.00
3527.60
3524.00
3526.17
3528.17
3532.62
3534.82
3532.71
3532.15
3538.46
3539.86
3543.50
3543.40
3542.25
3544.00
3547.00
3573.50
3567.18
3581.67
3590.00
3589.31
3588.62
3585.71
3588.33
3586.23
3588.17
3584.05
3577.36
3578.54
3573.10
3568.00
3568.75
3564.11
3562.71
3563.20
3563.25
3559.53
3557.42
3559.30
3550.42
3550.15
3551.31
3551.22
3550.08
3549.92
3550.25
3551.13
3558.36
3557.90
3542.47
3538.67
3541.09
3534.00
3538.50
3532.79
3533.68
3530.50
3524.40
3522.33
3524.00
3528.20
3528.08
3530.87
3528.08
3530.69
3533.10
3529.33
3529.62
3532.36
3528.23
3525.73
3525.00
3517.50
3519.07
3520.64
3516.11
3514.79
3516.75
3510.64
3512.57
3510.82
3511.33
3509.20
3508.62
3510.38
3506.82
3505.62
3504.00
3503.15
3501.93
3511.15
3506.73
3509.23
3506.22
3506.90
3504.12
3505.05
3503.00
3507.89
3510.00
3506.18
3507.86
3499.62
3504.20
3511.50
3508.00
3504.58
3507.83
3513.17
3519.00
3523.13
3526.73
3517.83
3521.60
3528.00
3528.79
3521.70
3525.08
3528.83
3518.75
3518.62
3507.78
3506.30
3504.29
3513.25
3513.00
3496.58
3498.37
3491.38
3492.00
3495.71
3497.38
3498.00
3494.36
3505.75
3501.91
3512.00
3513.00
3515.50
3517.73
3518.00
3522.50
3522.20
3523.50
3520.50
3521.44
3513.79
3517.14
3513.67
3513.23
3514.10
3510.50
3503.14
3504.60
3503.17
3501.00
3505.50
3502.50
3497.40
3497.75
3497.38
3499.33
3499.29
3497.50
3498.50
3501.00
3500.50
3530.89
3532.38
3534.86
3535.29
3554.67
3552.00
3551.67
3546.44
3542.93
3541.67
3540.73
3531.79
3536.21
3532.62
3527.56
3527.75
3534.00
3537.73
3540.42
3541.50
3547.21
3544.22
3549.67
3549.38
3544.16
3540.00
3538.90
3537.50
3537.09
3531.50
3533.50
3530.00
3506.67
3495.12
3490.50
3497.00
3495.38
3487.95
3487.39
3485.20
3482.50
3483.11
3491.83
3491.79
3493.08
3491.58
3495.50
3493.60
3495.90
3495.73
3495.36
3494.57
3494.56
3493.80
3495.80
3491.33
3492.73
3494.58
3495.85
3495.36
3494.17
3493.00
3493.00
3502.44
3494.94
3500.61
3503.47
3501.18
3507.40
3509.00
3519.00
3535.27
3546.06
3563.27
3571.27
3566.93
3571.47
3579.60
3577.78
3579.57
3577.80
3572.08
3572.29
3570.73
3573.23
3564.18
3556.60
3555.67
3552.50
3549.81
3548.70
3549.80
3546.00
3541.15
3545.22
3542.36
3539.71
3538.11
3536.45
3528.89
3519.15
3515.15
3526.74
3537.30
3536.00
3536.24
3542.58
3541.29
3541.35
3540.67
3543.05
3540.56
3540.21
3536.00
3535.33
3534.29
3536.00
3533.75
3535.78
3539.00
3534.33
3535.87
3534.00
3528.79
3529.82
3528.40
3524.22
3521.75
3522.67
3518.89
3517.67
3519.67
3522.75
3518.67
3516.44
3516.00
3514.40
3511.00
3506.43
3513.67
3507.90
3515.50
3520.48
3523.64
3528.70
3532.94
3533.55
3534.00
3531.93
3527.18
3529.56
3529.69
3537.38
3531.20
3531.00
3528.59
3530.10
3527.19
3529.67
3525.09
3519.91
3523.69
3515.00
3515.36
3514.10
3513.20
3507.75
3506.67
3508.67
3491.50
3498.80
3499.33
3494.00
3503.42
3506.47
3507.24
3511.68
3511.94
3520.00
3525.50
3526.43
3523.67
3525.64
3526.07
3521.82
3521.64
3523.54
3526.73
3521.89
3519.75
3520.27
3524.14
3524.20
3521.78
3519.00
3517.17
3517.40
3517.62
3518.73
3523.67
3523.00
3526.67
3527.92
3526.08
3520.50
3535.26
3533.20
3538.77
3535.67
3547.11
3548.00
3544.73
3545.00
3545.92
3547.62
3553.75
3555.67
3555.30
3555.20
3546.70
3550.33
3547.91
3548.62
3546.92
3550.67
3539.59
3522.28
3507.70
3505.12
3508.58
3543.91
3542.53
3544.00
3543.29
3547.74
3545.92
3548.12
3550.25
3555.00
3555.00
3558.50
3554.00
3556.00
3552.67
3556.90
3557.90
3561.71
3559.86
3568.00
3571.58
3570.31
3573.58
3575.47
3577.38
3562.67
3580.74
3580.93
3585.21
3579.90
3577.62
3568.88
3561.50
3559.15
3554.71
3550.12
3551.23
3545.33
3542.08
3543.00
3544.67
3547.82
3548.18
3547.13
3551.77
3556.38
3554.38
3561.83
3561.00
3566.50
3563.25
3568.20
3568.57
3569.00
3567.88
3571.00
3568.50
3574.50
3563.80
3555.12
3552.27
3540.18
3544.14
3536.61
3530.97
3528.07
3526.12
3516.74
3505.71
3506.68
3498.91
3501.00
3503.20
3502.93
3497.67
3498.88
3504.50
3506.00
3513.40
3513.20
3516.00
3516.50
3515.33
3515.00
3519.50
3522.20
3522.80
3520.75
3525.62
3529.31
3534.30
3535.10
3539.91
3537.62
3541.46
3541.09
3538.71
3538.73
3524.55
3521.09
3513.00
3511.12
3512.74
3514.57
3499.67
3509.93
3501.82
3497.29
3500.67
3500.27
3499.60
3499.12
3496.57
3510.14
3507.93
3507.42
3505.27
3503.74
3493.56
3495.79
3496.39
3477.50
3492.50
3492.80
3493.11
3493.60
3488.21
3484.22
3490.08
3490.55
3484.70
3483.80
3488.32
3489.00
3485.92
3480.86
3495.04
3495.76
3495.86
3488.75
3491.73
3493.23
3501.00
3512.71
3527.52
3539.50
3546.00
3536.21
3540.33
3545.32
3545.15
3548.32
3547.81
3554.11
3552.00
3559.14
3560.00
3558.83
3557.31
3545.00
3544.50
3536.80
3531.00
3546.80
3549.67
3546.00
3541.89
3541.38
3514.92
3517.17
3503.43
3502.26
3501.57
3517.25
3520.12
3524.38
3522.00
3513.07
3515.30
3527.07
3520.44
3521.90
3522.00
3518.60
3520.00
3522.90
3524.40
3524.45
3524.73
3521.67
3525.71
3527.08
3527.00
3522.40
3525.36
3528.31
3531.40
3532.20
3532.12
3533.56
3532.67
3528.94
3524.78
3529.50
3528.00
3529.31
3530.43
3527.77
3526.00
3522.50
3518.67
3518.00
3518.50
3514.00
3504.12
3496.44
3493.15
3480.62
3488.44
3482.67
3478.60
3464.00
3480.93
3467.12
3468.67
3467.23
3464.92
3463.33
3458.17
3465.06
3465.80
3472.60
3469.08
3472.64
3469.33
3475.46
3481.65
3477.94
3479.17
3480.00
3481.29
3480.71
3480.33
3479.56
3476.52
3476.50
3464.55
3463.08
3461.60
3464.45
3462.76
3460.71
3455.75
3456.33
3451.75
3439.71
3439.67
3437.95
3419.00
3413.50
3430.39
3433.60
3437.95
3424.75
3445.48
3451.54
3469.91
3431.46
3452.44
3460.07
3477.69
3484.05
3484.32
3484.88
3490.50
3486.10
3484.69
3484.07
3488.93
3497.20
3492.00
3489.45
3491.69
3494.56
3489.80
3495.25
3498.86
3498.45
3499.40
3503.50
3500.36
3499.00
3499.17
3499.00
3491.78
3478.41
3465.32
3470.00
3468.95
3465.11
3451.73
3453.85
3444.90
3433.62
3435.55
3435.12
3436.55
3434.57
3432.00
3442.00
3433.81
3435.75
3433.65
3433.64
3428.82
3442.00
3421.86
3424.41
3418.12
3408.67
3416.78
3404.57
3402.63
3400.08
3400.53
3403.91
3404.06
3403.47
3416.54
3434.88
3429.76
3424.00
3433.86
3445.94
3443.91
3455.35
3470.36
3485.57
3484.60
3481.60
3490.50
3490.20
3494.27
3491.56
3487.85
3488.47
3496.07
3502.44
3502.38
3493.00
3486.57
3487.17
3480.72
3475.90
3478.42
3469.00
3464.43
3440.67
3458.10
3440.78
3442.14
3441.67
3438.75
3442.93
3439.75
3438.92
3435.00
3437.62
3444.70
3446.44
3443.10
3441.60
3439.67
3439.55
3440.73
3440.23
3442.19
3443.20
3442.69
3447.53
3443.67
3443.78
3439.40
3446.60
3451.62
3453.11
3459.35
3490.05
3476.65
3538.75
3446.77
3448.86
3446.75
3459.33
3446.50
3459.00
3458.00
3456.25
3454.86
3460.00
3456.82
3455.00
3458.07
3454.87
3459.20
3462.64
3471.07
3470.20
3473.26
3473.80
3481.15
3485.84
3488.33
3493.81
3495.92
3495.36
3490.21
3478.09
3489.39
3489.73
3490.50
3483.95
3490.00
3479.85
3463.58
3464.78
3447.82
3449.33
3457.58
3448.10
3464.70
3460.95
3463.72
3455.64
3466.36
3456.77
3473.41
3468.19
3469.07
3473.42
3474.93
3475.23
3474.82
3476.00
3482.62
3474.30
