 63.00  6377.9857  46.55   7.98    100
 1951 04 15 07 30 00
 15/04/1951, 07:30:00, RES=0.2500  APOD FN = TRI
 2884.946 2930.606 0.0500116653     913
  0.58035
  0.58035
  0.58035
  0.58035
  0.58035
  0.58035
  0.58035
  0.62446
  0.77417
  0.59892
  0.57767
  0.57322
  0.13196
  0.06220
  0.02060
  0.01053
  0.00162
  0.01138
  0.00969
  0.07389
  0.01342
  0.01067
  0.01039
  0.00982
  0.00727
  0.00796
  0.01507
  0.02528
  0.02418
  0.01351
  0.02087
  0.03379
  0.27932
  0.32892
  0.43508
  0.43668
  0.42686
  0.43799
  0.45041
  0.45055
  0.45041
  0.45019
  0.43938
  0.44701
  0.43906
  0.43618
  0.44501
  0.44601
  0.44928
  0.44076
  0.43353
  0.43396
  0.43360
  0.43637
  0.43268
  0.44107
  0.44204
  0.44419
  0.45140
  0.45181
  0.45225
  0.45254
  0.46218
  0.45413
  0.45240
  0.44998
  0.45367
  0.45339
  0.46261
  0.46176
  0.45211
  0.44672
  0.44628
  0.43823
  0.44220
  0.43537
  0.43943
  0.45069
  0.43750
  0.42521
  0.43141
  0.43296
  0.43552
  0.44956
  0.45906
  0.46630
  0.45746
  0.45481
  0.45452
  0.43211
  0.42502
  0.42328
  0.42946
  0.43410
  0.43069
  0.43902
  0.44544
  0.43410
  0.43013
  0.43310
  0.44303
  0.44786
  0.45254
  0.46332
  0.45970
  0.45811
  0.45796
  0.46226
  0.47609
  0.47807
  0.47892
  0.47465
  0.46765
  0.46772
  0.47353
  0.46955
  0.47098
  0.47006
  0.47191
  0.46913
  0.46616
  0.47359
  0.46728
  0.45109
  0.45796
  0.47966
  0.47697
  0.46630
  0.46282
  0.46530
  0.46828
  0.46658
  0.46715
  0.46729
  0.46679
  0.48091
  0.48403
  0.47807
  0.47569
  0.47230
  0.47410
  0.47155
  0.46304
  0.46091
  0.46156
  0.45357
  0.44907
  0.45481
  0.46044
  0.45608
  0.44597
  0.44630
  0.44559
  0.44343
  0.44772
  0.44488
  0.44727
  0.44105
  0.43949
  0.45558
  0.46667
  0.45048
  0.44814
  0.45224
  0.44658
  0.44445
  0.44443
  0.44278
  0.44346
  0.44056
  0.42970
  0.43999
  0.43870
  0.43714
  0.45597
  0.46374
  0.47848
  0.47905
  0.45637
  0.45140
  0.45771
  0.46658
  0.45652
  0.44326
  0.45793
  0.45001
  0.43864
  0.44382
  0.44864
  0.44913
  0.44772
  0.43935
  0.44034
  0.43864
  0.43834
  0.42927
  0.45644
  0.47191
  0.47931
  0.43446
  0.46647
  0.45296
  0.45254
  0.45027
  0.45027
  0.44744
  0.44488
  0.45665
  0.45679
  0.45963
  0.47128
  0.47949
  0.47081
  0.47140
  0.46687
  0.46516
  0.46947
  0.47395
  0.47779
  0.46431
  0.46939
  0.47312
  0.46953
  0.47396
  0.47711
  0.46871
  0.48073
  0.48119
  0.47089
  0.46247
  0.47302
  0.46906
  0.45989
  0.47486
  0.47807
  0.45498
  0.45254
  0.45768
  0.47297
  0.47325
  0.46530
  0.46701
  0.47280
  0.47261
  0.47679
  0.46977
  0.46919
  0.46871
  0.46984
  0.46332
  0.46318
  0.46006
  0.46204
  0.46431
  0.46460
  0.46922
  0.47336
  0.46117
  0.47398
  0.48044
  0.47963
  0.48218
  0.46814
  0.46630
  0.47523
  0.47672
  0.47448
  0.46847
  0.46417
  0.46241
  0.47431
  0.47240
  0.47268
  0.46573
  0.45873
  0.45268
  0.46119
  0.45759
  0.44814
  0.44275
  0.44389
  0.45127
  0.46608
  0.47982
  0.47892
  0.48162
  0.48119
  0.48956
  0.49126
  0.48304
  0.48218
  0.46501
  0.46997
  0.47254
  0.47637
  0.46469
  0.47171
  0.47817
  0.47430
  0.48423
  0.49268
  0.48587
  0.48601
  0.47640
  0.47412
  0.47077
  0.46630
  0.47665
  0.48204
  0.48039
  0.46105
  0.45580
  0.45850
  0.44928
  0.44842
  0.43849
  0.44091
  0.45055
  0.45013
  0.44601
  0.45736
  0.45708
  0.45679
  0.45722
  0.45547
  0.45443
  0.46360
  0.46516
  0.45865
  0.45738
  0.45424
  0.45140
  0.46207
  0.46942
  0.47424
  0.47169
  0.46757
  0.47835
  0.48091
  0.48445
  0.49327
  0.49658
  0.49509
  0.48587
  0.47835
  0.48062
  0.49348
  0.50006
  0.49445
  0.48034
  0.47850
  0.48077
  0.47815
  0.48701
  0.48460
  0.48275
  0.47750
  0.47892
  0.47369
  0.47453
  0.46899
  0.47085
  0.47724
  0.47767
  0.46828
  0.46474
  0.46516
  0.46630
  0.47963
  0.47828
  0.48048
  0.49112
  0.48834
  0.47765
  0.48284
  0.48034
  0.48360
  0.48610
  0.48006
  0.47495
  0.47077
  0.47949
  0.48198
  0.47704
  0.48048
  0.47077
  0.47140
  0.48077
  0.47849
  0.47552
  0.49382
  0.49300
  0.49438
  0.51316
  0.51339
  0.50431
  0.48600
  0.48566
  0.49137
  0.49651
  0.49878
  0.49825
  0.50455
  0.50970
  0.50060
  0.49396
  0.49908
  0.50211
  0.49950
  0.50006
  0.50219
  0.50272
  0.49940
  0.49098
  0.49913
  0.49239
  0.49906
  0.49226
  0.48594
  0.48701
  0.48701
  0.48587
  0.48711
  0.48578
  0.47098
  0.47569
  0.47240
  0.47453
  0.47694
  0.47490
  0.48236
  0.46772
  0.46221
  0.45523
  0.45318
  0.45881
  0.46756
  0.47254
  0.47583
  0.47892
  0.46736
  0.46843
  0.47057
  0.47453
  0.47523
  0.49108
  0.49694
  0.49850
  0.48401
  0.48346
  0.48734
  0.49268
  0.50559
  0.49744
  0.49092
  0.50261
  0.50403
  0.50766
  0.50111
  0.50328
  0.50091
  0.50300
  0.51992
  0.51453
  0.50346
  0.49637
  0.50076
  0.49622
  0.50333
  0.49301
  0.49346
  0.49467
  0.49424
  0.49736
  0.49221
  0.49467
  0.49509
  0.49509
  0.49892
  0.50148
  0.49077
  0.49453
  0.49609
  0.49446
  0.49410
  0.48289
  0.48658
  0.48871
  0.49062
  0.48870
  0.48214
  0.48899
  0.48743
  0.48304
  0.47935
  0.48105
  0.48403
  0.47311
  0.47183
  0.47024
  0.46509
  0.46360
  0.46743
  0.46682
  0.47217
  0.45999
  0.45864
  0.46428
  0.47892
  0.48389
  0.48573
  0.49630
  0.49580
  0.51353
  0.51254
  0.50873
  0.50375
  0.48479
  0.48974
  0.49566
  0.49394
  0.50324
  0.48999
  0.49027
  0.49651
  0.60830
  0.48984
  0.48414
  0.47566
  0.48687
  0.49166
  0.49637
  0.49907
  0.50587
  0.50277
  0.50006
  0.49562
  0.49640
  0.50359
  0.48026
  0.50673
  0.50942
  0.50034
  0.49321
  0.49679
  0.51249
  0.50891
  0.50148
  0.49888
  0.49969
  0.50034
  0.49902
  0.48658
  0.47929
  0.48674
  0.49353
  0.48914
  0.49311
  0.49287
  0.48275
  0.47609
  0.47481
  0.46521
  0.45963
  0.48324
  0.47687
  0.47835
  0.48445
  0.48857
  0.48649
  0.49175
  0.49055
  0.49690
  0.49921
  0.50638
  0.51580
  0.51374
  0.48581
  0.48687
  0.49765
  0.49651
  0.49665
  0.48980
  0.48800
  0.48956
  0.48999
  0.49793
  0.49573
  0.48899
  0.49226
  0.50252
  0.50875
  0.49633
  0.48531
  0.49198
  0.48474
  0.48261
  0.48662
  0.48843
  0.47765
  0.46284
  0.46290
  0.46488
  0.46524
  0.47367
  0.46431
  0.46190
  0.46652
  0.45788
  0.46279
  0.46601
  0.46928
  0.47140
  0.46837
  0.44963
  0.45304
  0.45424
  0.44685
  0.42993
  0.42493
  0.42521
  0.41531
  0.39736
  0.40042
  0.40332
  0.39555
  0.38062
  0.36091
  0.35594
  0.35170
  0.34119
  0.33660
  0.48697
  0.29545
  0.26839
  0.25792
  0.23289
  0.21423
  0.20205
  0.19111
  0.18182
  0.15181
  0.15089
  0.15834
  0.15536
  0.17210
  0.17948
  0.18731
  0.21529
  0.24581
  0.25914
  0.27976
  0.29843
  0.32267
  0.34658
  0.34856
  0.35809
  0.38700
  0.38825
  0.44164
  0.42759
  0.43183
  0.45180
  0.45013
  0.45808
  0.46233
  0.45935
  0.46374
  0.46332
  0.46332
  0.46546
  0.47679
  0.47650
  0.46858
  0.47843
  0.48943
  0.49236
  0.49596
  0.49308
  0.48478
  0.48233
  0.48541
  0.49070
  0.48736
  0.48218
  0.48155
  0.48573
  0.49153
  0.50332
  0.50620
  0.48233
  0.49948
  0.49601
  0.50566
  0.50913
  0.50814
  0.51318
  0.51566
  0.51025
  0.51112
  0.51566
  0.51509
  0.51538
  0.51481
  0.50705
  0.48800
  0.49189
  0.49907
  0.49941
  0.49183
  0.48488
  0.47263
  0.47031
  0.47325
  0.47906
  0.48920
  0.49157
  0.47985
  0.47197
  0.48289
  0.49226
  0.49779
  0.49254
  0.49566
  0.50402
  0.50276
  0.49433
  0.49243
  0.49251
  0.48967
  0.48915
  0.49495
  0.49836
  0.49096
  0.49820
  0.50746
  0.50783
  0.50754
  0.49844
  0.52394
  0.49728
  0.49367
  0.48474
  0.48984
  0.48992
  0.47637
  0.47396
  0.46923
  0.46854
  0.46233
  0.46162
  0.46261
  0.46162
  0.45042
  0.44190
  0.42455
  0.41204
  0.40039
  0.38927
  0.37537
  0.36691
  0.34899
  0.34415
  0.31608
  0.30899
  0.31457
  0.30672
  0.30941
  0.30969
  0.30799
  0.33241
  0.34147
  0.35153
  0.36750
  0.38544
  0.40190
  0.41154
  0.42259
  0.43850
  0.44857
  0.46361
  0.47092
  0.47269
  0.48167
  0.47990
  0.48758
  0.49253
  0.47996
  0.48190
  0.48813
  0.49254
  0.49651
  0.49907
  0.50355
  0.50513
  0.52541
  0.52786
  0.52020
  0.51665
  0.51155
  0.50857
  0.50449
  0.49831
  0.49779
  0.50548
  0.50488
  0.50786
  0.51183
  0.52361
  0.52155
  0.51027
  0.50878
  0.51624
  0.51126
  0.52205
  0.53467
  0.53609
  0.52687
  0.52644
  0.51607
  0.50722
  0.51112
  0.51660
  0.51566
  0.51041
  0.50916
  0.50701
  0.51197
  0.50372
  0.50181
  0.51254
  0.51396
  0.50169
  0.50299
  0.50843
  0.51268
  0.51538
  0.51864
  0.52162
  0.52148
  0.51878
  0.51736
  0.52417
  0.51850
  0.52169
  0.52205
  0.51339
  0.51197
  0.51450
  0.52751
  0.52474
  0.52318
  0.50516
  0.50675
  0.51495
  0.51266
  0.51353
  0.51736
  0.51793
  0.51368
  0.52027
  0.52054
  0.51623
  0.51765
  0.51112
  0.50956
  0.51684
  0.50715
  0.50149
  0.50844
  0.50772
  0.50629
  0.52247
  0.51892
  0.51339
  0.51921
  0.52244
  0.52616
  0.52443
  0.51112
  0.50786
  0.51985
  0.51715
  0.51637
  0.51580
  0.52390
  0.53570
  0.52956
  0.53453
  0.54095
  0.52829
  0.52526
  0.52446
  0.54162
  0.54446
  0.54825
  0.52871
  0.52630
  0.53915
  0.53928
  0.53750
  0.53822
  0.53460
  0.52729
  0.53743
  0.53608
  0.58035
  0.58035
  0.58035
  0.58035
  0.58035
  0.58035
  0.58035