3299.50
3299.50
3299.50
3299.50
3299.50
3299.50
3299.50
3299.50
3299.50
3299.50
3299.50
3299.50
3299.50
3299.50
3299.50
3299.50
3299.50
3299.50
3299.50
3299.50
3299.50
3299.50
3299.50
3299.50
3299.50
3299.50
3299.50
3299.50
3299.50
3299.50
3299.50
3299.50
3299.50
3299.50
3299.50
3299.50
3299.50
3299.50
3299.50
3299.50
3299.50
3299.50
3299.50
3299.50
3299.50
3299.50
3299.50
3299.50
3299.50
3299.50
3299.50
3299.50
3299.50
3299.50
3299.50
3299.50
3299.50
3299.50
3299.50
3299.50
3299.50
3299.50
3299.50
3299.50
3299.50
3299.50
3299.50
3299.50
3299.50
3299.50
3790.50
3790.50
3783.84
3779.12
3755.91
3751.05
3744.29
3740.78
3737.73
3734.86
3730.24
3728.24
3720.69
3713.00
3711.92
3710.84
3710.73
3711.83
3712.00
3716.84
3719.50
3720.50
3722.88
3722.38
3720.21
3716.00
3710.46
3709.50
3708.00
3707.50
3706.12
3705.50
3703.50
3701.50
3699.03
3695.50
3693.50
3687.00
3684.50
3681.00
3673.54
3671.33
3666.96
3666.50
3666.50
3667.00
3671.44
3678.24
3677.35
3679.43
3681.50
3682.50
3683.50
3685.00
3685.50
3684.00
3681.12
3677.03
3675.23
3672.83
3668.02
3664.50
3661.50
3659.00
3653.00
3645.00
3636.00
3634.00
3632.00
3631.50
3631.00
3631.00
3631.00
3630.50
3631.67
3638.62
3645.05
3649.42
3655.53
3663.67
3667.50
3671.26
3672.06
3674.17
3680.50
3686.50
3688.00
3690.00
3690.00
3688.50
3681.34
3679.50
3678.00
3677.00
3676.50
3675.00
3674.50
3674.00
3673.50
3672.50
3669.50
3669.00
3666.44
3660.00
3657.50
3657.00
3655.50
3654.50
3652.00
3650.00
3649.06
3647.37
3645.09
3636.50
3634.00
3633.50
3636.00
3637.50
3638.00
3638.00
3638.00
3637.50
3637.00
3635.50
3631.00
3628.00
3626.00
3626.00
3626.00
3625.00
3623.50
3616.27
3614.50
3614.00
3613.50
3614.00
3614.00
3619.90
3618.83
3616.74
3617.56
3553.51
3501.82
3475.57
3618.00
3573.52
3615.00
3615.00
3614.00
3613.50
3613.00
3613.00
3611.45
3603.85
3602.57
3595.96
3593.89
3592.91
3592.50
3592.12
3593.74
3594.28
3594.95
3594.95
3594.42
3597.52
3592.74
3577.68
3579.71
3573.36
3579.78
3569.80
3556.47
3550.06
3538.53
3521.50
3519.00
3514.50
3510.50
3510.00
3510.00
3509.50
3509.50
3509.50
3509.50
3510.00
3512.50
3516.39
3520.12
3521.71
3522.47
3525.50
3526.00
3527.31
3531.94
3541.00
3541.50
3541.77
3541.13
3540.00
3539.50
3539.00
3539.50
3544.06
3546.50
3549.00
3550.00
3550.50
3552.00
3552.50
3553.50
3553.50
3555.00
3561.22
3567.00
3568.50
3570.54
3570.00
3570.50
3570.50
3571.00
3573.00
3574.00
3579.50
3580.50
3580.50
3579.50
3580.00
3580.00
3580.50
3580.50
3581.00
3585.22
3586.76
3590.05
3592.13
3592.32
3592.05
3591.78
3596.86
3598.39
3599.00
3597.13
3595.19
3591.45
3594.46
3594.90
3598.95
3601.60
3604.78
3610.35
3611.45
3613.46
3615.92
3617.50
3621.50
3623.50
3624.50
3626.00
3624.50
3623.50
3622.50
3622.00
3621.00
3619.00
3618.50
3613.51
3602.44
3599.13
3595.42
3596.31
3594.44
3592.46
3592.27
3593.02
3588.88
3587.50
3588.42
3591.82
3595.00
3597.50
3598.50
3599.77
3599.26
3597.50
3597.00
3594.00
3592.75
3591.00
3591.00
3592.00
3592.50
3592.00
3591.00
3586.50
3586.00
3584.50
3583.50
3582.83
3582.78
3582.50
3582.00
3582.00
3582.00
3579.50
3578.50
3577.00
3575.00
3573.00
3570.00
3568.50
3566.50
3560.00
3557.00
3546.41
3543.39
3547.94
3536.33
3531.71
3530.14
3528.50
3522.50
3517.50
3516.00
3516.00
3517.63
3522.50
3521.84
3524.49
3526.46
3531.00
3532.68
3536.00
3540.00
3544.00
3548.50
3552.50
3556.00
3560.36
3561.00
3565.00
3569.07
3574.00
3575.50
3579.50
3581.00
3582.00
3581.50
3582.00
3581.00
3581.00
3580.00
3580.00
3584.00
3586.86
3586.29
3580.00
3576.50
3572.72
3574.77
3567.09
3571.64
3571.36
3566.98
3565.23
3551.09
3547.02
3550.89
3551.68
3554.80
3558.46
3556.12
3567.50
3572.50
3576.50
3578.50
3579.00
3578.50
3573.42
3575.50
3570.33
3569.00
3567.50
3564.00
3557.50
3545.20
3547.57
3536.89
3530.50
3488.88
3525.50
3523.50
3519.00
3511.80
3500.45
3499.00
3496.18
3493.59
3489.80
3488.50
3486.50
3486.00
3484.50
3482.00
3479.00
3478.00
3477.50
3480.00
3480.00
3480.50
3392.44
3486.00
3486.50
3487.50
3488.00
3489.50
3497.00
3497.50
3499.50
3503.50
3511.00
3514.50
3515.50
3517.00
3518.00
3519.00
3518.00
3518.00
3518.50
3518.00
3517.50
3517.00
3517.12
3518.28
3518.98
3520.18
3522.33
3525.00
3526.57
3528.00
3531.67
3536.17
3545.47
3540.00
3555.22
3558.95
3560.84
3561.70
3560.50
3564.77
3557.25
3541.66
3564.34
3565.66
3587.80
3598.00
3599.00
3599.50
3597.50
3592.50
3585.00
3584.00
3577.50
3575.50
3574.00
3573.97
3572.00
3568.71
3561.50
3561.50
3562.00
3562.00
3563.50
3563.50
3564.00
3563.00
3559.12
3552.00
3549.50
3547.00
3545.00
3545.00
3543.50
3540.50
3540.50
3545.06
3551.50
3553.00
3556.38
3556.16
3557.50
3558.00
3560.00
3563.00
3570.00
3573.50
3574.50
3575.00
3574.00
3573.50
3573.50
3573.50
3574.50
3574.50
3575.00
3574.00
3576.00
3574.92
3575.00
3575.50
3576.50
3579.91
3585.28
3585.82
3590.35
3593.82
3599.50
3600.00
3597.91
3595.00
3589.93
3588.31
3584.34
3581.50
3580.00
3578.50
3572.00
3568.50
3567.00
3567.47
3568.50
3568.50
3568.50
3568.47
3569.00
3570.00
3574.50
3576.50
3581.50
3582.50
3591.22
3593.30
3594.24
3596.00
3597.00
3598.50
3603.70
3604.50
3611.50
3612.00
3611.50
3612.00
3611.50
3610.50
3608.50
3605.50
3602.50
3601.55
3598.52
3595.50
3592.50
3591.33
3588.00
3580.50
3573.41
3570.00
3567.00
3563.00
3559.50
3558.50
3557.50
3555.00
3555.50
3556.50
3558.00
3559.50
3560.50
3562.00
3562.50
3564.00
3568.82
3582.66
3586.84
3591.14
3595.79
3598.26
3602.37
3604.39
3604.10
3609.07
3619.92
3620.66
3621.00
3620.00
3615.14
3616.50
3611.76
3608.87
3605.00
3602.50
3598.38
3596.95
3596.00
3594.50
3593.16
3591.00
3588.00
3586.00
3584.50
3583.00
3582.00
3582.00
3581.50
3581.50
3581.50
3581.00
3581.00
3580.50
3573.31
3572.50
3572.79
3568.50
3566.50
3564.50
3562.50
3560.91
3553.50
3551.00
3549.50
3552.50
3555.00
3556.00
3556.50
3556.50
3558.00
3558.00
3559.00
3560.50
3561.00
3560.50
3558.50
3555.00
3549.36
3547.00
3545.00
3544.00
3543.50
3543.00
3542.00
3537.50
3537.00
3537.00
3537.00
3537.50
3537.00
3536.00
3535.00
3532.50
3531.00
3531.50
3533.50
3534.50
3535.00
3535.00
3535.50
3535.50
3536.00
3536.00
3535.50
3535.50
3534.50
3534.00
3534.00
3534.50
3537.36
3539.80
3542.50
3545.50
3546.50
3548.10
3552.50
3554.50
3559.00
3559.00
3558.50
3557.50
3555.47
3553.50
3551.50
3550.50
3545.00
3542.00
3537.00
3529.50
3529.00
3528.50
3527.00
3526.00
3524.00
3523.00
3523.50
3524.50
3527.00
3528.00
3530.00
3534.93
3540.00
3542.00
3544.50
3545.00
3546.00
3549.00
3549.50
3551.00
3551.00
3546.00
3544.50
3543.50
3542.50
3541.00
3540.00
3537.59
3535.50
3534.50
3533.50
3533.00
3531.50
3530.50
3529.50
3529.13
3528.50
3531.00
3535.00
3537.80
3537.73
3551.97
3556.50
3558.13
3577.42
3892.53
3750.39
3570.69
3514.90
3450.22
3557.89
3569.00
3568.50
3567.50
3566.00
3565.00
3563.50
3563.00
3565.00
3566.00
3568.50
3569.00
3570.00
3573.50
3575.53
3576.06
3574.50
3572.00
3569.86
3567.66
3564.40
3564.32
3562.00
3557.50
3550.00
3520.07
3523.51
3523.50
3521.00
3519.50
3517.00
3515.00
3514.00
3513.50
3513.00
3513.00
3513.50
3514.00
3514.50
3519.50
3520.50
3521.00
3523.00
3523.00
3524.00
3524.00
3526.50
3527.50
3527.00
3525.00
3523.50
3523.00
3522.50
3522.50
3522.00
3523.50
3526.00
3528.00
3528.91
3532.50
3537.29
3542.27
3549.36
3564.70
3572.04
3574.13
3582.71
3585.50
3593.00
3598.00
3603.00
3605.00
3605.50
3605.16
3604.67
3603.81
3602.00
3597.50
3592.50
3590.50
3586.67
3579.50
3579.00
3578.00
3577.50
3575.50
3572.00
3565.00
3564.00
3564.15
3563.93
3558.78
3553.21
3548.00
3546.50
3547.50
3554.50
3557.00
3558.00
3558.50
3562.64
3560.96
3564.15
3570.58
3574.50
3574.00
3571.50
3571.50
3570.03
3566.00
3564.00
3564.00
3564.00
3564.00
3563.50
3563.00
3559.50
3558.00
3555.00
3554.00
3551.50
3551.00
3550.00
3551.00
3551.00
3545.93
3544.91
3545.57
3544.70
3541.60
3538.50
3535.50
3535.00
3535.50
3542.00
3547.00
3550.00
3552.00
3555.50
3560.00
3562.00
3563.00
3564.00
3565.29
3564.31
3564.59
3562.58
3564.00
3562.61
3560.50
3557.00
3553.50
3551.00
3550.00
3549.50
3548.50
3547.00
3543.68
3540.00
3537.50
3535.50
3533.00
3531.50
3530.00
3528.60
3529.00
3532.50
3534.97
3537.07
3538.69
3539.50
3540.50
3542.50
3547.81
3550.50
3551.00
3552.50
3555.56
3555.00
3554.50
3553.28
3550.93
3551.95
3552.00
3552.94
3553.00
3550.00
3547.50
3547.00
3546.50
3547.50
3547.00
3549.00
3550.50
3552.00
3554.00
3556.00
3560.00
3561.50
3564.50
3568.00
3569.00
3572.50
3573.50
3574.50
3576.00
3576.50
3578.00
3580.00
3581.88
3580.50
3580.00
3578.50
3578.00
3578.00
3571.33
3562.59
3562.27
3560.86
3548.84
3544.59
3543.50
3543.50
3546.86
3550.85
3560.20
3557.48
3554.58
3562.00
3570.51
3577.00
3578.50
3584.00
3585.50
3585.50
3585.50
3586.00
3586.50
3587.50
3587.50
3587.50
3587.00
3600.00
3601.12
3603.87
3604.83
3605.70
3605.00
3607.00
3607.50
3610.93
3609.86
3604.50
3599.00
3594.00
3590.00
3586.50
3585.50
3581.23
3579.00
3577.00
3575.00
3576.50
3577.00
3577.50
3577.00
3580.50
3581.00
3583.00
3584.50
3590.00
3593.90
3595.50
3596.00
3596.00
3596.50
3596.39
3597.43
3597.41
3597.00
3596.50
3591.50
3584.42
3581.00
3576.50
3571.97
3562.05
3561.44
3555.85
3556.05
3550.79
3538.50
3535.02
3531.00
3530.50
3530.00
3530.00
3531.50
3534.00
3535.50
3538.60
3541.23
3542.00
3543.50
3545.50
3547.50
3549.50
3550.50
3552.00
3551.50
3633.96
3524.75
3528.67
3563.00
3565.50
3567.00
3568.50
3569.50
3569.50
3564.00
3560.00
3560.00
3551.04
3547.50
3545.95
3544.65
3543.50
3540.50
3538.00
3535.50
3533.50
3532.50
3532.00
3532.00
3533.00
3533.00
3533.50
3533.00
3532.00
3531.50
3531.00
3529.50
3525.00
3523.50
3521.00
3521.00
3520.50
3520.50
3520.00
3519.50
3519.50
3519.50
3519.50
3519.00
3517.50
3517.00
3517.00
3518.50
3521.00
3526.50
3525.12
3523.07
3519.00
3534.10
3524.50
3539.44
3555.02
3561.00
3565.50
3569.00
3571.00
3573.00
3574.00
3575.50
3576.50
3577.50
3583.50
3586.50
3588.50
3590.50
3591.00
3588.00
3578.40
3568.10
3563.75
3563.30
3561.56
3558.00
3558.04
3558.55
3556.00
3550.50
3543.50
3535.50
3535.00
3538.00
3539.00
3540.00
3541.00
3542.50
3544.00
3545.74
3551.86
3553.00
3554.50
3555.00
3554.00
3552.50
3551.50
3551.50
3551.50
3550.50
3551.00
3551.50
3552.50
3553.50
3554.00
3554.00
3554.50
3557.50
3559.00
3560.50
3561.00
3559.00
3557.00
3556.00
3555.50
3555.50
3555.50
3555.00
3554.50
3553.50
3550.50
3544.00
3543.45
3542.00
3540.50
3533.00
3525.86
3516.86
3512.50
3511.76
3506.50
3499.00
3496.07
3494.00
3486.00
3481.50
3480.00
3478.50
3478.00
3479.50
3484.02
3487.00
3491.92
3501.00
3503.00
3503.50
3505.00
3507.50
3509.00
3509.50
3509.00
3508.50
3507.50
3507.50
3506.50
3504.50
3501.50
3498.81
3491.50
3490.00
3489.00
3488.50
3485.00
3482.00
3476.00
3472.00
3470.00
3468.00
3463.00
3462.00
3458.50
3458.00
3466.00
3472.50
3476.77
3479.93
3483.59
3486.81
3486.97
3489.74
3500.75
3509.35
3514.50
3515.00
3516.02
3516.50
3515.00
3516.00
3516.50
3517.60
3521.00
3521.50
3521.55
3521.71
3527.00
3529.06
3531.00
3531.68
3531.05
3530.10
3531.52
3529.70
3529.83
3528.00
3527.50
3521.00
3506.53
3496.52
3494.59
3494.09
3492.07
3489.46
3486.82
3482.84
3475.02
3463.50
3462.50
3463.00
3463.00
3463.00
3464.00
3464.00
3464.00
3460.66
3458.00
3457.00
3455.50
3455.00
3449.50
3445.41
3440.00
3437.50
3435.50
3431.00
3430.00
3430.00
3434.50
3434.50
3444.00
3452.90
3464.88
3467.31
3470.83
3473.77
3475.29
3484.85
3493.97
3499.07
3506.00
3510.50
3515.00
3515.50
3516.50
3517.50
3517.50
3519.50
3522.00
3526.00
3528.19
3527.00
3522.14
3520.00
3516.50
3508.49
3501.50
3500.00
3497.19
3496.00
3491.00
3484.24
3479.00
3473.56
3472.50
3471.57
3470.50
3470.17
3469.67
3470.50
3471.00
3471.00
3472.50
3473.50
3471.00
3473.50
3473.50
3473.50
3473.50
3474.00
3475.86
3476.50
3469.00
3473.06
3476.30
3475.56
3481.74
3499.49
3495.48
3576.37
3601.88
3530.49
3433.66
3368.81
3163.24
3042.34
3268.12
3421.12
3478.45
3479.81
3480.00
3481.50
3482.00
3482.50
3483.50
3485.50
3487.00
3488.00
3489.00
3492.50
3498.50
3501.50
3503.00
3504.00
3511.50
3515.00
3516.00
3517.00
3517.50
3516.50
3516.00
3515.50
3514.50
3513.50
3510.50
3508.00
3503.00
3499.73
3490.76
3485.25
3480.00
3478.50
3473.50
3474.00
3475.45
3451.59
3463.55
3462.91
3466.42
3451.85
3478.94
3491.20
3486.52
3488.04
3507.20
3508.18
3508.00
3508.50
3509.00
3501.43
3497.77
3497.98
3497.55
3493.68
3493.13
3490.30
3485.15
3476.00
3469.34
3472.78
3475.50
3473.50
3477.00
3476.50
3477.38
3482.00
3483.50
3483.00
3483.00
3483.00
3482.00
3482.50
3482.50
3482.50
3483.00
3483.50
3485.00
3486.00
3488.50
3489.00
3489.00
3487.50
3485.00
3484.00
3482.00
3478.50
3478.00
3477.00
3476.00
3475.00
3469.06
3467.50
3467.00
3467.00
3466.50
3466.50
3467.50
3470.12
3475.50
3478.40
3479.50
3480.44
3483.00
3484.94
3486.55
3487.85
3493.50
3493.50
3491.70
3484.68
3483.50
3482.50
3481.50
3479.50
3474.50
3467.50
3463.28
3461.62
3459.10
3451.33
3447.33
3453.64
3450.24
3447.58
3437.24
3437.87
3455.90
3456.21
3452.47
3454.90
3458.00
3460.70
3467.50
3470.93
3470.56
3473.00
3472.88
3472.69
3474.50
3476.00
3478.00
3479.91
3480.66
3482.17
3486.42
3494.98
3502.20
3511.50
3513.00
3515.67
3521.89
3523.30
3523.56
3523.98
3521.43
3517.24
3511.23
3506.73
3498.22
3495.06
3493.50
3493.50
3487.90
3480.51
3474.50
3468.50
3460.50
3459.50
3461.00
3466.57
3470.50
3472.50
3474.50
3475.50
3478.00
3481.00
3485.00
3490.00
3491.50
3497.00
3504.00
3509.00
3511.00
3511.50
3512.00
3512.00
3509.50
3508.50
3505.91
3505.31
3506.31
3508.00
3507.50
3507.50
3507.00
3505.92
3506.50
3506.50
3510.00
3512.45
3521.72
3527.03
3528.00
3529.25
3530.79
3531.50
3530.50
3531.50
3533.00
3533.50
3534.00
3533.56
3535.50
3535.08
3535.50
3535.00
3530.57
3526.49
3519.77
3515.45
3511.65
3508.25
3506.18
3506.21
3502.50
3492.00
3489.50
3487.50
3487.50
3488.00
3490.50
3491.56
3496.82
3497.50
3493.54
3492.97
3495.15
3497.00
3494.46
3500.79
3505.65
3506.70
3511.38
3510.16
3512.84
3517.00
3518.50
3520.00
3527.00
3537.28
3540.00
3540.50
3541.50
3541.50
3540.00
3539.50
3539.00
3538.00
3536.50
3535.50
3535.00
3534.50
3533.00
3524.50
3517.39
3514.31
3509.07
3507.24
3503.26
3501.00
3500.75
3500.90
3494.50
3487.00
3486.00
3486.50
3486.50
3486.50
3486.00
3485.00
3483.50
3479.00
3476.00
3474.50
3474.00
3474.00
3473.50
3473.00
3472.50
3473.00
3598.14
3436.81
3364.75
3419.78
3471.75
3474.00
3471.94
3466.00
3464.50
3464.50
3463.50
3462.00
3463.00
3462.50
3461.00
3459.50
3459.00
3459.00
3459.00
3458.50
3458.50
3458.50
3458.50
3458.50
3458.50
3459.00
3460.50
3460.50
3459.50
3459.50
3459.50
3459.00
3459.50
3459.50
3461.00
3462.63
3465.15
3481.20
3485.82
3490.14
3492.70
3500.72
3503.49
3510.58
3516.12
3522.00
3525.55
3529.00
3529.50
3526.00
3520.22
3518.00
3517.00
3518.73
3518.76
3517.75
3514.50
3513.50
3505.00
3504.00
3503.50
3503.00
3501.50
3499.50
3494.00
3493.84
3492.08
3494.53
3484.70
3480.75
3475.19
3470.68
3467.48
3461.43
3452.31
3453.85
3452.00
3453.50
3454.00
3455.00
3457.92
3460.00
3465.76
3473.32
3479.50
3485.09
3487.69
3494.03
3500.94
3502.17
3503.91
3507.50
3507.00
3510.00
3511.00
3510.50
3509.50
3508.50
3505.50
3503.50
3498.37
3497.36
3492.68
3489.22
3489.39
3492.81
3485.37
3483.50
3485.00
3487.12
3489.68
3502.03
3504.51
3507.33
3509.50
3509.50
3510.00
3510.50
3510.00
3510.50
3510.50
3507.50
3505.50
3503.50
3499.85
3498.40
3494.50
3484.76
3480.00
3478.93
3477.50
3477.47
3477.50
3477.00
3477.00
3476.50
3477.00
3478.50
3480.00
3483.00
3486.00
3487.50
3489.50
3493.00
3494.00
3494.00
3493.50
3494.00
3494.50
3495.00
3496.50
3499.50
3500.53
3502.81
3504.50
3509.00
3511.48
3513.00
3514.50
3515.50
3517.50
3517.00
3514.50
3511.00
3509.50
3509.50
3509.00
3502.00
3500.50
3500.50
3496.00
3491.50
3486.00
3484.00
3484.00
3486.00
3491.00
3492.00
3492.00
3492.00
3492.50
3493.00
3493.50
3493.50
3495.00
3495.00
3495.00
3493.50
3490.50
3488.50
3487.50
3485.50
3483.50
3483.50
3482.00
3481.50
3481.50
3481.50
3482.00
3483.00
3483.50
3485.00
3487.50
3494.50
3498.47
3500.50
3501.50
3501.50
3501.50
3502.00
3502.00
3502.00
3499.32
3497.00
3497.00
3493.90
3491.84
3495.38
3496.50
3490.24
3487.28
3489.96
3489.95
3492.90
3486.53
3426.89
3412.60
3468.00
3472.50
3470.65
3470.50
3462.50
3459.00
3455.50
3454.50
3444.44
3439.75
3435.33
3433.61
3431.95
3428.28
3428.45
3430.55
3428.17
3431.19
3434.50
3437.00
3439.50
3440.00
3442.00
3445.50
3447.45
3453.00
3454.50
3457.50
3463.00
3463.50
3464.00
3464.50
3464.50
3465.00
3464.50
3464.50
3464.50
3474.89
3480.11
3486.53
3485.10
3479.73
3504.00
3467.10
3525.50
3532.50
3535.50
3545.00
3547.00
3530.00
3537.36
3545.87
3570.00
3580.81
3590.34
3592.51
3594.65
3598.24
3602.00
3610.00
3611.39
3641.69
3668.22
3673.76
3622.74
3741.61
3735.43
3769.53
3755.76
3802.99
3896.01
3892.66
3902.62
3878.31
3702.69
3735.21
3836.04
3786.40
3615.20
4424.20
5024.42
4886.77
5042.28
5038.81
4901.24
4873.78
5242.92
5304.72
5306.50
5313.26
5310.50
5303.00
5295.50
5292.60
5288.58
5287.50
5287.00
5286.50
5284.50
5283.00
5280.00
5280.00
5280.00
5281.00
5285.00
5291.00
5292.00
5301.25
5306.17
5308.61
5311.42
5312.57
5312.50
5320.13
5324.00
5325.50
5325.00
5326.52
5326.04
5323.50
5323.50
5323.00
5320.50
5319.00
5315.50
5315.50
5314.96
5313.00
5313.00
5313.00
5312.50
5311.12
5310.00
5307.00
5307.00
5307.50
5307.50
5306.50
5307.00
5307.00
5308.00
5309.00
5310.00
5310.00
5310.50
5308.50
5307.00
5300.50
5298.00
5294.50
5290.50
5287.50
5286.50
5285.00
5284.50
5282.50
5279.46
5272.50
5271.50
5271.00
5274.00
5276.00
5277.50
5280.00
5284.05
5286.00
5287.00
5288.00
5292.00
5301.71
5311.92
5320.00
5325.50
5334.00
5336.00
5337.00
5339.50
5342.85
5350.98
5268.55
5359.50
5355.11
5351.50
5348.56
5346.04
5339.97
5338.43
5336.16
5336.49
5340.14
5335.50
5336.86
5341.48
5345.50
5349.17
5354.00
5356.00
5361.00
5361.50
5361.00
5361.50
5360.50
5355.50
5349.00
5345.48
5343.22
5321.27
5311.52
5310.46
5308.41
5307.04
5305.74
5299.38
5287.50
5284.00
5280.50
5280.47
5282.50
5282.50
5283.00
5283.00
5283.00
5281.50
5279.00
5277.50
5274.50
5272.50
5271.50
5270.50
5269.00
5267.50
5268.00
5268.50
5274.50
5279.52
5283.50
5284.50
5286.00
5287.00
5287.50
5288.00
5290.50
5295.00
5298.00
5298.00
5296.50
5296.00
5295.00
5295.00
5294.00
5296.50
5297.50
5298.00
5298.50
5300.05
5301.53
5303.56
5302.50
5300.50
5298.00
5291.00
5289.50
5289.50
5288.50
5287.50
5283.50
5280.00
5275.50
5273.00
5272.50
5273.50
5276.00
5277.50
5279.50
5279.00
5280.00
5281.50
5283.00
5285.00
5287.50
5289.00
5289.00
5289.00
5287.00
5285.50
5284.00
5282.50
5280.50
5278.50
5273.33
5263.08
5257.77
5250.09
5246.28
5242.69
5239.50
5239.50
5239.50
5238.50
5237.00
5235.50
5236.00
5236.00
5237.00
5237.51
5241.70
5241.10
5241.31
5243.81
5243.00
5242.58
5244.00
5247.22
5248.00
5255.50
5253.07
5250.50
5252.00
5254.65
5236.17
5232.50
5232.50
5232.50
5232.50
5232.50
5232.50
5232.50
5232.50
5232.50
5232.50
5232.00
5232.50
5232.00
5232.00
5232.00
5232.50
5232.50
5232.50
5232.50
5232.50
5233.00
5232.50
5232.50
5233.00
5233.00
5233.50
5233.50
5233.50
5234.00
5234.00
5234.00
5234.00
5234.00
5234.00
5234.00
5234.50
5234.50
5234.50
5234.50
5235.00
5235.50
5235.00
5235.00
5235.00
5235.00
5235.00
5235.00
5234.50
5234.50
5235.50
5236.00
5096.00
5236.00
5236.50
5235.50
5235.50
5235.50
5235.50
5236.00
5236.00
5236.00
5236.00
5236.00
5236.00
5236.00
5236.50
5236.50
5236.50
5237.00
5236.50
5237.50
5237.50
5237.00
5237.50
5237.50
3947.20
3317.10
3290.28
3219.99
3266.37
3295.38
2931.53
3301.21
3299.09
3287.87
3115.68
3157.92
3215.90
3074.92
3216.32
3292.40
3317.62
3343.75
3330.52
3222.06
3216.28
3187.87
3232.72
3131.78
3223.46
3222.51
3231.72
3115.83
3238.34
3126.18
3246.29
3191.76
3316.01
3356.64
3342.28
3150.67
3116.44
3182.96
3315.80
3215.76
3126.16
3127.02
3164.27
3232.15
3313.11
3278.09
3135.28
3199.27
3136.28
3246.71
3205.24
3071.37
3196.04
3242.99
3152.41
3118.72
3154.45
3183.68
3283.32
3247.88
3259.70
3276.24
3205.19
3349.20
3339.23
3267.76
3211.31
3220.51
3180.47
3216.86
3109.93
3160.39
3129.67
3269.47
3192.88
3238.94
3245.62
3216.25
3264.95
3209.34
3170.12
3083.87
3239.94
3274.01
3233.77
3100.75
3198.65
3146.48
3364.77
3404.22
3529.94
3521.36
3478.24
3418.28
3443.46
3427.64
3360.03
3205.81
3231.72
3442.49
3631.99
3619.02
3416.64
3377.78
3463.66
3377.51
3367.90
3331.18
3287.32
3096.40
3128.67
3199.81
3230.25
3215.21
3280.43
3227.81
3319.74
3245.74
3232.43
3216.76
3265.98
3007.29
3279.66
3211.40
3241.46
3192.82
3137.42
3148.28
3109.10
2933.34
3056.55
3148.96
3203.51
3131.88
2536.00
3049.63
3269.34
3150.63
3286.37
3295.04
3104.00
2980.26
3024.85
3059.92
3019.67
3104.45
3053.41
3048.60
3036.84
3002.50
2730.05
2933.25
2942.53
3061.95
3016.70
3039.90
3033.45
2926.46
2916.57
2970.89
2979.14
3008.71
2928.98
2929.14
2909.89
2788.11
2927.30
2901.89
2927.95
2848.95
3022.69
2935.38
2877.41
2947.45
2938.20
3241.00
3050.52
3314.12
3070.88
2798.82
2987.33
2994.77
2897.15
3039.91
2825.17
2822.57
2847.94
3067.96
3246.14
3257.82
3127.62
2933.53
3002.14
2911.31
3326.82
3306.20
3297.44
3223.37
3039.78
3196.18
3190.53
3040.50
3091.86
3167.70
3093.39
3061.75
2985.16
3153.62
3026.66
2935.30
2919.06
3041.92
2938.04
3054.57
2976.40
2997.88
3096.99
3014.97
3101.30
3004.82
3094.65
2980.09
3188.25
3045.90
3086.54
2998.33
2987.91
2926.85
2945.36
2955.92
3271.28
3201.34
3190.57
2943.94
3247.15
3056.08
2907.48
2940.29
3000.98
2962.28
3063.11
3026.59
3268.85
3215.88
3074.19
2972.11
3044.28
2952.60
2969.31
3035.70
3016.29
3129.12
3085.37
3115.31
3248.29
3044.52
3067.76
3060.32
3028.81
3117.51
3268.88
3223.52
2938.26
3152.44
3404.51
4033.40
4196.95
4114.52
4147.02
4493.38
4674.61
4672.45
4348.98
4528.66
4290.90
4120.86
3628.27
3448.54
3141.58
2957.80
2650.07
2416.08
2204.60
2026.93
1765.59
1605.05
1500.27
1428.46
1466.63
1843.53
2004.23
2334.31
2702.30
2630.99
3180.83
3112.45
3080.79
3144.89
2735.87
2864.49
2866.22
3138.29
3178.48
3213.46
2949.22
2838.93
2897.96
2843.91
3117.98
2943.38
3212.47
3253.61
3171.04
3220.76
3202.09
2963.61
3072.72
3010.93
2777.32
2912.36
2905.43
2845.76
2997.21
2909.21
2940.35
2908.82
2986.56
2927.69
3066.63
3062.27
3064.97
2811.24
2908.38
3247.19
3161.78
2811.08
2878.15
2995.57
3142.81
2944.54
3045.63
2927.19
3039.03
3195.51
3244.05
2972.21
2932.62
3065.83
2994.43
3006.67
2998.24
3126.50
3137.99
3266.07
3100.77
3128.70
3135.23
3076.19
3044.05
3208.68
3041.50
3135.99
3174.70
3279.60
3241.94
3127.59
3030.27
3272.37
3023.07
3090.10
3146.48
3252.14
3122.05
3092.73
3270.27
3240.74
3253.78
3165.09
3135.52
3284.90
3137.37
3158.90
3194.48
3207.45
3160.37
3174.51
3273.48
3307.21
3255.29
3205.19
3094.66
3087.80
3149.40
3049.09
2989.64
3218.29
3131.19
3220.79
3223.76
3242.09
3148.84
3205.60
3281.87
3308.15
3263.59
2976.01
3171.30
3253.65
3136.59
3196.53
3254.47
3278.38
3260.03
3159.67
3251.06
3245.93
3205.23
3138.65
3195.61
3143.86
3288.97
3311.03
3301.55
3370.22
3277.89
3353.38
3173.06
3314.28
3225.61
3124.65
3144.81
3356.20
3261.50
3259.19
3299.54
3210.64
3312.28
3291.06
3216.21
3244.55
3244.42
3137.26
3171.94
3165.62
3218.20
3271.07
3226.90
3148.31
3159.34
3204.02
3222.65
3071.24
3175.01
3002.72
3198.64
3172.12
3273.58
3190.18
3249.51
3260.54
3222.17
3130.39
3113.84
3110.76
3242.34
3259.25
3254.24
3234.89
3133.70
3110.39
3010.18
2991.86
3023.36
2937.82
2916.39
2908.69
2921.08
2933.07
3096.72
3052.45
3048.54
3366.76
3250.44
3304.35
3256.84
3079.69
3191.80
3192.74
3214.58
3158.84
3166.55
3259.65
3162.56
3113.79
2987.93
3093.23
3110.98
3157.62
3254.28
3149.92
3004.53
3184.71
3274.97
3317.20
3207.39
3310.30
3291.04
3266.19
3167.31
3160.34
3160.44
3185.47
3303.83
3311.87
2965.68
2966.51
3105.46
3308.33
3367.10
3299.87
3374.62
3384.20
3390.05
3328.34
3172.51
3307.03
3402.87
3441.80
3295.47
3370.61
3385.98
3205.81
3282.43
3210.29
3238.25
3206.39
3323.89
3229.87
3326.28
3081.69
3309.04
2722.98
3111.78
3234.93
3238.42
3264.15
3233.62
3268.24
3111.23
3011.88
3336.74
3338.46
3255.25
3302.08
3077.74
3117.97
3172.11
3293.50
3252.33
3238.47
3218.84
3269.21
3397.13
3429.82
3502.58
3006.05
3624.38
3849.25
4131.45
4550.30
4611.77
4446.87
4039.65
3825.77
3689.60
3779.67
3374.75
3127.78
2914.12
2675.83
2513.50
2370.54
2089.96
1954.19
1980.24
1878.38
1651.04
2032.52
3203.18
3149.27
2863.73
2960.49
2948.48
3121.77
2981.42
3075.82
3025.79
3085.20
3046.89
3195.08
2964.92
3042.67
3061.37
2969.98
3110.36
3130.53
3048.63
3027.13
3144.56
3182.98
3132.72
3171.92
3170.15
3073.80
2963.21
2984.62
2997.94
3054.80
3046.52
3007.72
3120.59
3045.37
3252.12
3136.28
3070.17
2968.95
2925.31
2939.67
2965.88
3050.43
2946.66
2968.87
3008.08
3116.61
3148.95
3127.23
3137.08
2995.89
3157.65
2930.71
3003.82
2998.04
3103.52
3089.91
2994.03
3082.65
3112.54
3098.58
3024.25
3029.20
3066.20
3029.56
2950.81
3156.06
2964.01
2993.67
3260.77
3131.56
3202.18
3178.77
2992.93
3066.67
3091.34
3156.47
3206.02
2942.55
2940.58
3056.82
3086.35
3182.51
3035.34
3029.97
3009.58
3174.14
3222.31
3262.25
2998.38
3086.67
3139.34
3094.29
3173.39
3311.61
3325.38
3283.63
3087.12
3221.03
2981.34
2998.95
3024.79
3009.30
3102.08
3177.71
3191.31
3112.93
3139.02
3129.75
3127.67
3103.31
3228.23
2959.83
3221.76
3194.74
3046.15
3047.03
3167.78
3080.67
3047.13
3131.05
3182.60
3174.50
3225.48
3165.39
3167.76
3145.86
3102.69
3217.27
3093.88
3086.04
3263.97
3310.74
3134.88
3148.76
3268.28
3102.55
3124.38
3087.21
3259.29
3105.24
3107.79
3080.37
3306.54
3260.06
3215.23
3269.24
3257.38
3108.10
3150.13
3106.55
3158.94
3182.16
3085.31
3257.46
3164.52
3035.55
3217.45
3159.18
3235.56
3130.52
3035.52
3071.84
3134.52
3230.05
3138.21
3143.81
3194.49
3069.75
3096.05
3021.57
3222.98
3253.39
3232.09
3135.03
3122.09
2937.17
3026.65
3179.62
3132.98
3241.40
3101.72
3113.61
3133.52
3117.60
3081.53
3163.82
3079.16
3204.29
3040.82
3058.53
3208.36
3082.13
3032.53
3001.97
3235.20
3085.14
3074.27
3027.59
2944.09
3033.89
3085.91
3111.29
3221.31
3286.70
3335.63
3277.27
3212.46
2981.36
3266.18
3294.65
3206.61
3150.13
2964.94
2939.23
3016.53
2972.04
3217.05
3099.97
3209.43
3316.74
3301.77
3296.59
3332.60
3305.14
3273.51
3188.11
3123.16
3179.51
3143.78
3242.45
3095.09
2947.52
3284.30
3025.41
3242.44
3013.18
3038.70
3289.89
3340.08
3339.89
3055.25
3129.14
3022.12
3030.31
3261.56
3094.80
3033.70
3194.44
3087.61
3090.64
3205.21
3070.09
3052.09
3064.34
3064.55
3124.11
3147.92
3179.24
3075.62
2938.22
2952.27
3182.33
3186.74
3068.81
3124.80
3184.38
3064.76
3111.52
3102.05
3240.37
3258.43
3323.42
3457.12
3412.83
3259.84
3781.41
4138.13
4356.22
4522.21
3517.08
4119.98
4788.63
4529.19
3780.26
4404.87
4345.74
4004.73
3720.37
3400.59
3152.92
2840.59
2576.43
2237.76
1995.13
1700.69
1644.66
1654.47
1487.80
1456.95
1674.50
2567.74
2725.23
2872.35
2698.14
2707.42
2797.45
3209.73
3008.87
3045.08
3001.55
3033.82
2884.19
2898.32
2959.15
3180.22
3294.58
3129.86
3129.78
2925.12
3322.31
3024.95
3311.02
2941.61
3166.78
2840.92
2982.51
2965.69
3183.15
3203.59
2953.84
3244.27
3041.43
3089.83
3033.41
3123.65
3038.11
3046.33
2998.22
2964.19
3021.15
3045.16
2948.53
3030.64
3054.02
3197.89
3123.71
3080.19
3108.78
2898.41
3049.71
3060.47
3176.13
2986.96
3018.30
3050.60
3278.60
3101.18
3164.25
3161.65
3317.10
3232.44
3141.18
3055.46
3028.02
3046.28
3072.17
3099.10
3025.80
3070.87
3054.90
3040.61
3043.16
3219.59
3248.59
3215.48
3263.08
3255.74
3305.78
3388.46
3266.40
3233.58
3139.23
3311.68
3170.27
3153.16
3147.46
2958.61
3017.54
3036.30
3103.68
3089.09
3230.32
3210.98
3180.85
3284.27
3293.86
3279.04
3191.87
3133.84
3330.44
5345.50
5346.00
5346.00
5346.00
5346.00
5346.00
5346.00
5346.50
5346.50
5346.50
5347.50
5348.50
5355.00
5358.50
5360.00
5361.00
5361.50
5362.00
5362.50
5362.50
5363.23
5362.50
5365.15
5365.67
5366.50
5366.52
5364.70
5363.54
5363.25
5363.52
5362.50
5361.50
5357.38
5354.00
5352.50
5352.50
5349.50
5347.50
5344.50
5341.50
5335.32
5333.97
5337.00
5337.50
5338.00
5338.50
5342.00
5347.10
5351.32
5352.85
5353.10
5356.34
5350.00
5356.57
5356.96
5361.50
5365.63
5370.19
5361.18
5362.57
5364.10
5362.42
5361.83
5358.81
5358.19
5357.37
5356.00
5354.14
5352.71
5352.14
5353.00
5351.36
5351.32
5351.00
5346.79
5346.36
5347.00
5349.04
5350.50
5351.00
5349.00
5346.79
5348.00
5349.96
5350.22
5349.80
5345.83
5341.00
5333.50
5332.00
5330.00
5329.00
5328.50
5326.50
5318.00
5315.12
5310.00
5309.00
5307.50
5307.00
5299.50
5298.00
5297.00
5294.50
5294.00
5293.50
5293.00
5293.00
5292.50
5289.00
5286.50
5286.50
5285.00
5283.50
5282.95
5282.76
5278.73
5252.09
5248.04
5178.18
5126.13
5006.17
5213.00
5187.03
5187.51
4781.05
4410.50
4717.82
4547.99
4518.29
5033.82
4841.36
4473.47
4315.40
4504.31
4444.62
4388.31
4317.20
4617.48
4401.29
4401.87
4392.06
4205.53
4189.82
4178.09
4132.84
4125.36
4080.36
4047.25
3984.15
3944.38
4006.41
3974.31
3931.50
3889.47
3830.90
3768.34
3711.19
3667.79
3645.04
3626.37
3623.11
3620.00
3611.70
3604.50
3600.00
3598.00
3597.50
3599.00
3599.50
3602.93
3604.00
3604.60
3604.61
3603.50
3603.00
3601.83
3600.75
3593.79
3584.97
3578.50
3576.50
3577.94
3575.60
3574.52
3571.50
3566.00
3565.50
3564.00
3559.67
3551.50
3550.00
3549.50
3550.00
3554.00
3558.23
3569.00
3579.73
3584.45
3585.64
3586.58
3590.64
3596.98
3594.60
3605.52
3619.00
3620.00
3621.00
3621.50
3621.50
3620.00
3618.00
3615.50
3614.00
3612.50
3611.00
3609.50
3609.00
3608.50
3609.00
3610.00
3611.50
3611.50
3612.00
3612.76
3614.75
3624.39
3623.00
3626.59
3630.43
3631.00
3631.50
3637.15
3646.16
3647.18
3649.29
3649.60
3649.90
3647.28
3641.18
3642.87
3635.50
3635.50
3635.50
3632.00
3625.50
3622.00
3619.00
3617.50
3615.50
3614.00
3614.00
3614.50
3614.50
3614.42
3615.50
3615.35
3616.00
3617.00
3608.56
3602.44
3605.03
3603.05
3599.23
3593.15
3589.10
3590.48
3584.47
3574.00
3573.50
3574.00
3574.50
3575.00
3575.50
3576.50
3577.50
3578.59
3579.50
3579.50
3573.87
3569.33
3569.23
3567.84
3568.43
3571.50
3570.92
3572.43
3574.00
3574.00
3575.02
3588.75
3605.32
3617.67
3622.84
3624.36
3625.73
3626.31
3627.00
3628.31
3631.43
3637.71
3638.98
3635.34
3633.32
3632.25
3630.86
3629.31
3628.81
3627.88
3624.00
3623.50
3623.00
3623.50
3628.26
3628.16
3629.34
3636.57
3637.57
3638.00
3641.50
3653.50
3656.50
3661.50
3664.50
3666.00
3666.00
3666.00
3666.00
3665.97
3659.00
3649.46
3647.68
3636.85
3628.21
3626.81
3627.18
3622.13
3612.63
3609.41
3596.20
3585.00
3583.50
3579.00
3575.00
3574.00
3575.00
3576.50
3577.50
3580.00
3580.50
3587.60
3590.71
3592.67
3593.98
3597.11
3602.69
3603.94
3604.55
3605.07
3603.70
3604.48
3604.59
3604.89
3605.50
3606.00
3606.00
3607.15
3607.48
3608.08
3607.78
3603.46
3602.94
3602.12
3600.58
3597.34
3593.94
3592.71
3591.68
3592.05
3592.62
3595.36
3601.74
3603.89
3610.84
3612.99
3619.02
3621.60
3625.32
3632.00
3633.00
3633.50
3633.00
3623.05
3620.82
3616.65
3607.93
3604.00
3609.39
3604.63
3593.27
3587.46
3582.40
3574.00
3575.02
3574.40
3576.68
3576.76
3578.00
3585.76
3588.00
3588.50
3588.50
3588.50
3589.00
3589.00
3588.50
3596.00
3600.77
3606.59
3615.29
3620.29
3622.44
3626.04
3628.06
3628.50
3634.00
3637.00
3639.00
3638.50
3637.00
3634.50
3634.50
3633.00
3632.00
3632.50
3632.50
3633.00
3628.07
3632.53
3631.45
3627.70
3630.26
3623.44
3625.74
3633.50
3639.50
3641.00
3641.00
3642.03
3642.11
3643.00
3643.00
3643.50
3645.00
3646.50
3650.50
3651.50
3652.50
3652.81
3652.00
3652.00
3657.00
3678.65
3669.67
3673.50
3691.85
3699.67
3701.53
3704.58
3708.00
3715.50
3727.50
3729.00
3726.06
3713.73
3707.42
3706.30
3705.68
3708.29
3709.49
4250.11
4103.39
3788.33
3505.04
3641.67
3652.14
3649.27
3648.50
3647.50
3648.00
3648.50
3648.50
3649.00
3650.00
3650.00
3650.50
3651.00
3651.00
3649.00
3643.50
3642.00
3634.50
3633.00
3632.50
3633.00
3633.50
3631.00
3630.00
3624.00
3621.50
3621.00
3620.50
3621.00
3621.50
3624.50
3628.00
3628.50
3629.50
3630.50
3632.00
3636.00
3640.00
3641.00
3641.50
3643.36
3641.50
3643.35
3645.57
3664.87
3668.06
3681.50
3689.47
3691.00
3698.00
3699.00
3699.50
3699.50
3699.00
3690.98
3678.67
3668.86
3667.72
3665.83
3661.50
3659.95
3659.41
3659.00
3657.00
3647.32
3641.00
3638.00
3637.00
3636.00
3635.50
3628.00
3625.50
3625.00
3624.00
3622.94
3622.94
3622.44
3621.00
3619.00
3618.00
3616.50
3616.00
3616.50
3617.00
3619.00
3619.50
3620.50
3621.50
3626.50
3628.00
3632.02
3633.00
3633.50
3633.00
3634.50
3636.50
3636.15
3638.50
3636.44
3633.50
3634.00
3632.15
3628.34
3621.64
3614.90
3612.22
3610.27
3607.10
3603.92
3602.50
3597.50
3596.50
3595.00
3594.00
3593.00
3592.00
3601.33
3608.62
3635.97
3618.32
3621.69
3627.28
3632.13
3641.64
3650.21
3655.43
3665.28
3675.79
3678.81
3681.50
3689.00
3687.70
3688.04
3684.70
3679.81
3679.53
3679.29
3678.21
3676.46
3673.72
3671.00
3667.50
3655.20
3650.48
3647.25
3642.50
3642.00
3643.68
3635.45
3634.80
3629.51
3628.67
3628.02
3628.35
3630.82
3632.22
3635.05
3637.10
3640.52
3641.27
3641.92
3639.85
3637.31
3636.39
3636.14
3636.64
3632.00
3631.50
3627.50
3626.50
3627.00
3627.00
3627.00
3626.50
3625.50
3625.50
3628.59
3631.50
3630.53
3631.50
3631.50
3630.10
3632.50
3633.00
3637.43
3639.50
3640.50
3640.50
3640.50
3641.00
3640.00
3640.50
3640.50
3641.00
3641.00
3641.00
3640.50
3640.00
3639.50
3640.00
3639.50
3639.00
3638.00
3635.00
3632.50
3629.00
3630.00
3627.00
3625.00
3625.00
3624.50
3619.50
3614.00
3606.10
3602.26
3601.20
3608.00
3601.75
3602.97
3603.97
3603.97
3608.61
3613.81
3616.10
3619.31
3617.87
3617.87
3619.85
3620.50
3620.50
3621.00
3620.50
3620.00
3619.00
3614.68
3608.60
3606.69
3606.17
3608.35
3612.37
3615.37
3622.50
3623.50
3629.22
3630.71
3629.74
3635.00
3634.50
3633.50
3628.50
3632.00
3629.50
3628.50
3627.00
3626.50
3626.00
3626.00
3625.50
3625.00
3625.50
3625.00
3618.28
3624.00
3623.00
3622.63
3618.69
3616.89
3585.82
3572.55
3563.50
3555.00
3553.00
3551.00
3550.00
3548.50
3548.00
3546.00
3543.00
3543.00
3543.00
3543.50
3544.00
3545.00
3547.50
3548.50
3549.00
3551.00
3551.00
3551.50
3551.00
3551.00
3550.00
3549.00
3549.00
3547.50
3548.00
3547.50
3548.00
3553.19
3554.50
3554.50
3556.84
3558.19
3559.50
3556.59
3556.70
3552.58
3551.00
3550.50
3550.50
3551.00
3550.50
3549.00
3548.50
3553.69
3547.62
3547.00
3545.00
3540.50
3534.58
3530.50
3527.50
3525.00
3523.00
3522.00
3522.50
3522.00
3522.50
3523.00
3528.29
3531.00
3533.50
3534.00
3534.50
3537.85
3541.00
3548.00
3550.00
3550.00
3549.00
3547.50
3546.00
3543.50
3543.50
3543.00
3543.50
3544.00
3544.50
3545.00
3546.00
3546.00
3546.50
3546.00
3543.50
3540.50
3539.00
3536.50
3535.50
3535.00
3534.50
3532.50
3532.00
3533.00
3533.50
3534.50
3535.50
3540.70
3542.86
3551.00
3561.00
3562.00
3562.50
3563.00
3563.50
3565.00
3566.00
3566.00
3566.50
3566.00
3565.50
3563.00
3561.05
3558.00
3556.50
3555.00
3555.00
3555.00
3554.50
3554.50
3554.00
3557.50
3558.00
3559.00
3559.50
3561.00
3563.50
3573.68
3569.86
3592.86
3307.46
3462.46
3620.00
3625.81
3629.81
3630.02
3633.28
3623.04
3620.00
3602.87
3592.30
3586.78
3584.33
3572.62
3528.63
3465.94
3536.24
3516.86
3509.28
3506.00
3507.00
3511.95
3515.44
3521.82
3523.50
3525.50
3528.45
3531.35
3531.37
3531.50
3541.19
3537.07
3533.93
3531.50
3544.07
3539.98
3543.50
3551.00
3552.00
3553.50
3554.00
3554.00
3554.50
3554.00
3553.50
3553.50
3552.50
3551.50
3551.00
3550.00
3549.54
3547.00
3545.50
3540.50
3537.50
3536.50
3538.00
3523.67
3519.50
3517.50
3512.00
3510.03
3502.57
3500.61
3498.03
3497.54
3497.80
3496.82
3500.69
3504.54
3507.81
3519.82
3532.09
3537.18
3542.83
3545.88
3547.71
3551.62
3564.00
3563.50
3563.50
3564.50
3563.50
3561.50
3560.00
3559.50
3559.00
3560.00
3559.44
3561.50
3562.00
3562.50
3562.50
3562.00
3562.50
3563.50
3562.50
3561.50
3561.50
3561.50
3561.00
3560.00
3559.50
3558.09
3559.00
3559.00
3559.00
3559.50
3560.00
3560.50
3560.50
3561.00
3561.00
3561.00
3561.50
3560.50
3558.52
3556.20
3555.06
3556.00
3546.00
3538.44
3497.26
3530.09
3523.10
3515.54
3512.50
3512.50
3513.00
3513.00
3513.00
3513.50
3513.50
3511.00
3510.50
3510.50
3513.50
3519.07
3524.27
3530.98
3534.50
3536.50
3537.42
3539.84
3542.50
3555.00
3563.43
3571.00
3574.47
3576.00
3576.50
3576.00
3572.00
3569.00
3567.50
3567.00
3566.00
3563.50
3562.00
3560.43
3556.00
3553.50
3554.00
3553.50
3554.50
3556.00
3557.00
3558.50
3558.00
3559.00
3560.50
3562.00
3563.00
3564.00
3565.50
3569.50
3570.50
3571.00
3571.50
3573.50
3571.00
3569.50
3569.00
3570.00
3569.00
3566.36
3565.60
3562.44
3558.42
3554.63
3547.00
3544.50
3544.00
3640.24
4430.63
4289.17
3965.89
3686.98
3512.92
3396.94
3151.31
2922.15
3169.03
3554.00
3552.46
3553.50
3502.28
3467.94
3552.50
3552.00
3551.50
3550.50
3549.10
3550.22
3552.75
3559.62
3563.00
3567.50
3575.00
3578.50
3579.50
3580.50
3583.00
3587.37
3590.29
3597.33
3597.96
3598.07
3590.14
3590.27
3590.00
3590.00
3589.30
3584.64
3583.50
3582.50
3581.10
3577.00
3576.50
3577.00
3575.00
3572.00
3569.00
3567.50
3567.00
3566.00
3565.00
3564.00
3561.00
3557.00
3555.00
3555.00
3555.50
3558.00
3560.00
3565.00
3566.50
3567.00
3567.50
3568.00
3568.00
3568.00
3567.50
3565.50
3565.00
3562.50
3561.00
3557.66
3552.00
3549.00
3547.00
3543.50
3541.00
3539.50
3538.50
3537.00
3532.57
3529.50
3526.00
3526.00
3525.00
3525.00
3523.50
3523.00
3523.00
3525.00
3526.00
3527.50
3527.50
3527.00
3528.00
3529.00
3530.00
3535.00
3544.75
3551.89
3558.56
3563.50
3566.00
3568.00
3569.79
3571.00
3572.26
3580.00
3581.50
3582.00
3583.88
3595.47
3600.54
3607.03
3612.19
3625.98
3626.19
3629.51
3611.46
3583.92
3644.50
3644.50
3637.66
3614.35
3621.92
3614.90
3611.44
3603.82
3597.31
3592.70
3583.68
3569.38
3561.94
3561.50
3557.50
3557.50
3557.50
3558.50
3559.50
3561.00
3561.00
3563.88
3561.00
3562.00
3563.50
3564.00
3566.00
3566.50
3571.00
3574.00
3576.00
3577.00
3578.00
3582.00
3585.50
3587.50
3588.50
3588.00
3587.00
3582.00
3575.28
3569.63
3569.40
3564.54
3563.00
3561.50
3559.50
3557.50
3521.89
3543.00
3542.00
3542.00
3542.00
3541.50
3541.50
3542.50
3550.50
3555.17
3558.42
3563.00
3564.00
3565.50
3567.00
3570.00
3572.73
3577.50
3589.00
3590.00
3590.00
3593.00
3595.50
3594.61
3593.50
3593.16
3587.56
3580.91
3581.03
3580.06
3577.96
3577.43
3579.50
3579.25
3580.65
3582.39
3587.18
3587.95
3588.88
3591.96
3594.00
3607.54
3614.50
3619.60
3619.89
3621.50
3622.02
3623.20
3625.15
3629.00
3629.00
3629.22
3628.77
3626.50
3626.00
3624.50
3619.86
3615.50
3613.50
3611.71
3611.57
3607.43
3604.36
3604.00
3603.30
3603.35
3599.00
3594.00
3588.00
3586.00
3585.00
3582.00
3580.14
3577.50
3575.00
3572.00
3569.50
3566.03
3554.35
3549.00
3546.02
3546.00
3544.93
3545.69
3544.35
3544.90
3544.97
3547.00
3550.00
3552.49
3554.97
3557.00
3555.00
3555.00
3554.50
3551.50
3549.50
3547.00
3543.00
3539.40
3535.03
3533.03
3529.14
3524.34
3521.00
3522.13
3524.39
3526.68
3526.78
3530.17
3532.55
3536.36
3541.97
3547.41
3546.16
3546.38
3546.32
3545.10
3543.60
3542.24
3538.12
3536.00
3536.00
3535.50
3534.00
3532.00
3528.00
3525.50
3524.00
3523.08
3523.55
3524.38
3523.06
3402.30
3519.95
3442.65
3514.86
3522.42
3523.50
3523.63
3523.50
3524.00
3540.11
3536.95
3536.82
3516.48
3539.90
3537.90
3534.17
3541.68
3543.25
3542.23
3539.82
3543.29
3561.88
3573.91
3573.75
3573.50
3567.43
3562.94
3560.00
3558.50
3558.93
3556.50
3556.50
3556.50
3557.00
3557.00
3557.50
3558.00
3558.00
3557.00
3557.00
3557.50
3557.00
3557.00
3556.50
3554.50
3554.50
3554.00
3553.50
3553.00
3552.50
3552.00
3551.00
3546.50
3546.00
3546.90
3548.03
3549.06
3549.72
3550.00
3551.50
3557.50
3558.00
3559.05
3560.50
3561.00
3561.50
3561.50
3563.00
3563.00
3563.61
3563.00
3562.93
3557.66
3553.80
3552.54
3552.84
3551.92
3548.25
3545.28
3542.16
3537.57
3525.00
3519.00
3517.50
3516.00
3514.50
3510.00
3504.97
3501.08
3501.00
3499.50
3497.50
3499.36
3500.03
3496.30
3494.41
3494.50
3503.00
3511.00
3515.40
3519.90
3518.93
3519.00
3522.90
3532.25
3543.10
3552.11
3560.39
3569.50
3569.50
3570.00
3570.50
3571.50
3572.00
3573.00
3573.50
3572.00
3570.00
3556.00
3546.00
3539.40
3534.71
3531.88
3529.74
3528.28
3525.52
3517.65
3511.00
3504.00
3497.12
3497.00
3497.00
3501.00
3502.00
3506.00
3507.00
3511.42
3514.48
3514.50
3515.50
3517.50
3520.50
3526.14
3525.50
3522.50
3518.50
3512.00
3509.00
3509.37
3506.18
3504.98
3500.83
3495.88
3493.93
3487.90
3490.50
3494.00
3496.00
3502.00
3507.24
3513.09
3516.66
3517.77
3525.65
3536.00
3539.50
3550.53
3551.39
3557.40
3557.60
3554.81
3551.61
3548.50
3544.90
3540.59
3539.02
3537.07
3535.93
3533.77
3531.53
3532.57
3536.50
3539.50
3544.00
3546.50
3548.04
3550.64
3552.33
3554.39
3556.50
3557.51
3558.06
3558.00
3557.85
3557.34
3556.78
3557.50
3557.50
3557.50
3557.50
3557.00
3557.50
3557.00
3546.28
3543.00
3542.42
3539.75
3540.65
3540.30
3539.81
3539.29
3536.62
3532.85
3531.80
3529.50
3528.66
3529.90
3531.00
3528.31
3527.00
3521.65
3520.50
3526.50
3538.36
3544.36
3545.04
3552.42
3553.51
3554.48
3555.03
3556.87
3560.79
3571.50
3577.00
3581.00
3579.46
3575.00
3570.45
3564.50
3563.00
3562.00
3561.50
3561.00
3560.50
3559.50
3556.50
3552.00
3549.00
3548.00
3549.00
3554.00
3556.50
3558.50
3559.50
3560.50
3560.50
3561.00
3562.00
3561.50
3561.50
3561.50
3561.50
3560.00
3558.00
3557.50
3556.50
3556.00
3556.50
3563.00
3565.00
3567.00
3567.50
3568.50
3571.50
3576.50
3579.00
3580.00
3580.00
3580.50
3576.00
3575.50
3574.50
3572.96
3573.00
3572.50
3574.00
3573.50
3575.13
3577.50
3580.36
3577.46
3584.19
3591.45
3589.83
3594.46
3595.55
3602.95
3599.11
3601.38
3598.00
3598.00
3598.62
3596.00
3596.00
3596.50
3598.65
3602.81
3603.92
3604.45
3602.21
3605.08
3603.87
3604.15
3603.78
3604.30
3603.50
3601.94
3600.12
3602.24
3602.00
3601.50
3599.53
3597.85
3596.00
3596.46
3595.86
3595.97
3591.50
3591.50
3592.73
3599.78
3601.22
3599.46
3608.06
3609.79
3601.69
3595.43
3639.06
3650.24
3654.46
3659.50
3662.00
3660.50
3659.00
3657.50
3657.16
3655.97
3653.69
3651.62
3648.25
3636.50
3634.00
3629.50
3629.00
3629.00
3630.50
3630.50
3631.50
3633.00
3635.50
3637.50
3640.50
3643.00
3644.00
3645.00
3645.00
3644.50
3639.50
3638.00
3637.50
3637.00
3636.00
3635.50
3632.00
3618.96
3613.30
3609.53
3607.71
3604.21
3602.88
3602.00
3600.76
3599.50
3599.00
3599.07
3599.79
3601.00
3602.00
3602.50
3603.50
3605.34
3605.34
3605.34
3606.37
3606.70
3607.46
3608.50
3609.08
3613.21
3616.68
3619.00
3619.00
3619.00
3619.50
3619.50
3619.50
3609.56
3602.25
3597.36
3594.15
3592.40
3589.63
3590.88
3592.05
3588.09
3577.36
3571.36
3565.50
3558.00
3553.31
3540.62
3511.43
3544.50
3544.00
3542.20
3541.25
3537.07
3524.49
3536.50
3537.00
3538.00
3539.00
3542.00
3545.00
3547.00
3547.50
3547.50
3533.07
3535.50
3529.17
3527.50
3526.50
3525.00
3518.42
3515.21
3512.64
3508.76
3503.50
3497.20
3474.88
3413.31
3499.50
3506.35
3516.98
3485.85
3528.09
3533.72
3537.00
3537.35
3537.43
3542.63
3557.84
3537.20
3567.00
3571.00
3572.50
3572.00
3571.50
3571.50
3553.13
3572.00
3571.00
3570.00
3566.91
3560.31
3558.50
3557.00
3556.74
3557.00
3557.00
3555.50
3555.00
3554.50
3553.50
3550.00
3547.27
3540.50
3534.50
3532.50
3530.00
3490.62
3471.81
3516.87
3498.87
3513.68
3520.42
3504.53
3495.37
3497.14
3500.29
3501.33
3500.31
3499.64
3491.50
3491.00
3490.50
3490.00
3490.50
3492.00
3492.50
3498.50
3506.00
3510.00
3513.38
3515.50
3518.97
3517.95
3511.15
3507.72
3507.52
3508.92
3507.72
3506.69
3506.32
3503.00
3499.75
3494.42
3494.44
3494.97
3494.91
3494.88
3496.45
3498.18
3499.44
3499.66
3499.11
3500.39
3501.94
3500.67
3501.64
3502.41
3506.50
3506.00
3506.00
3505.50
3504.00
3502.50
3501.50
3500.50
3501.00
3505.00
3509.00
3513.00
3514.00
3515.50
3516.00
3516.00
3517.00
3517.22
3523.00
3524.50
3526.00
3526.00
3525.00
3523.00
3521.00
3519.50
3518.00
3514.00
3513.00
3509.50
3508.00
3507.50
3507.00
3507.50
3513.45
3518.09
3520.50
3521.00
3522.50
3524.50
3525.50
3527.50
3529.50
3531.50
3532.50
3534.62
3535.75
3535.00
3534.50
3537.48
3534.50
3534.00
3533.00
3534.50
3536.00
3538.50
3538.50
3475.33
3499.86
3499.96
3493.18
3489.84
3487.40
3489.14
3489.50
3495.50
3504.00
3505.50
3506.50
3506.50
3505.00
3501.00
3493.50
3484.50
3482.77
3481.35
3480.50
3476.79
3474.24
3471.95
3463.43
3461.50
3461.00
3461.50
3462.00
3463.00
3464.50
3469.50
3472.00
3472.00
3468.00
3461.50
3459.00
3458.00
3457.50
3456.50
3456.00
3455.50
3454.50
3453.00
3449.50
3447.97
3449.50
3454.05
3461.50
3462.50
3463.00
3464.00
3465.00
3468.82
3472.15
3475.00
3480.37
3484.84
3483.75
3483.40
3484.00
3483.56
3482.51
3480.92
3480.27
3477.50
3477.50
3478.00
3477.00
3475.00
3474.50
3474.00
3474.50
3473.50
3473.00
3472.50
3479.71
3481.26
3482.14
3483.40
3596.52
3485.44
3491.71
3497.17
3498.10
3499.13
3499.43
3503.16
3509.84
3516.46
3516.62
3517.96
3520.00
3524.00
3529.00
3577.28
3531.80
3542.50
3546.50
3548.00
3549.25
3549.80
3547.50
3547.50
3547.00
3546.00
3540.51
3531.70
3530.61
3527.64
3524.50
3523.50
3523.00
3523.00
3518.95
3514.13
3511.00
3509.50
3509.50
3509.00
3508.50
3508.00
3500.06
3493.45
3489.57
3489.28
3488.54
3487.82
3491.38
3487.22
3484.50
3478.00
3477.50
3479.06
3483.50
3544.03
3607.55
3488.50
3538.64
3576.27
3536.67
3498.00
3500.48
3507.00
3510.50
3511.50
3514.50
3516.47
3519.50
3521.50
3522.50
3523.50
3526.50
3530.00
3530.50
3531.00
3531.00
3586.00
3532.50
3533.00
3534.00
3537.00
3537.00
3537.00
3536.50
3535.50
3535.50
3534.50
3617.36
3527.50
3526.50
3525.50
3524.50
3524.73
3596.19
3559.12
3575.62
3502.26
3497.50
3495.50
3494.00
3493.50
3492.50
3491.50
3491.00
3491.57
3546.18
3545.21
3489.00
3487.00
3484.50
3538.67
3479.00
3478.50
3478.50
3478.00
3543.72
3478.57
3480.00
3481.56
3481.69
3482.00
3481.57
3481.57
3481.06
3479.00
3477.50
3476.50
3519.63
3511.52
3472.00
3471.00
3468.50
3464.50
3464.50
3464.00
3464.50
3464.50
3466.50
3468.00
3472.00
3473.50
3476.50
3479.93
3486.67
3494.43
3504.89
3507.66
3501.79
3512.70
3513.90
3519.97
3525.15
3538.00
3542.50
3544.00
3541.00
3534.07
3538.00
3491.40
3513.95
3607.47
3533.98
3529.00
3528.50
3523.00
3521.50
3600.83
3596.96
3520.00
3520.50
3521.00
3523.00
3525.50
3526.50
3527.50
3530.50
3531.50
3531.50
3531.50
3531.00
3530.50
3529.50
3529.00
3522.00
3559.97
3515.00
3514.50
3513.50
3513.00
3512.00
3510.50
3509.00
3507.50
3505.50
3504.00
3504.00
3503.50
3503.50
3503.50
3503.50
3505.00
3507.50
3512.50
3514.50
3519.27
3522.48
3520.07
3521.91
3565.40
3530.94
3539.55
3610.92
3839.59
4082.03
4067.59
3958.57
3779.05
3526.84
3404.89
3500.61
3592.50
3598.06
3605.39
3596.19
3565.81
3564.79
3584.12
3583.27
3582.94
3585.23
3583.24
3604.80
3603.02
3567.50
3609.22
3560.78
3560.89
3607.86
3571.00
3572.00
3646.42
3653.08
3721.68
3579.50
3732.33
3579.50
3579.00
3578.50
3576.93
3573.00
3572.50
3572.50
3571.92
3570.90
3570.95
3571.00
3565.64
3563.00
3561.00
3561.96
3562.50
3563.50
3562.84
3561.21
3563.50
3631.77
3622.72
3556.33
3555.00
3556.25
3560.33
3561.70
3562.70
3574.77
3576.80
3578.18
3578.50
3579.50
3589.00
3592.00
3593.50
3546.93
3546.93
3594.74
3590.89
3584.79
3582.59
3583.57
3584.03
3586.82
3579.41
3580.49
3585.50
3583.50
3584.00
3585.00
3587.00
3587.00
3587.00
3587.50
3587.50
3588.50
3631.77
3591.00
3591.00
3590.50
3590.00
3589.00
3588.50
3644.26
3717.06
3736.86
3619.22
3624.86
3596.37
3613.99
3620.74
3627.10
3629.13
3632.00
3743.18
3641.45
3644.02
3646.00
3645.50
3644.50
3644.00
3643.50
3642.00
3641.50
3639.50
3636.50
3674.02
3692.73
3625.00
3699.83
3621.92
3621.77
3623.50
3622.32
3621.50
3625.00
3626.00
3626.50
3628.00
3629.00
3629.50
3630.00
3630.00
3629.50
3629.50
3629.00
3627.97
3626.00
3622.50
3617.89
3613.06
3607.79
3606.29
3606.04
3603.17
3673.06
3599.00
3671.81
3591.50
3680.04
3588.50
3587.00
3583.50
3583.00
3582.50
3584.00
3586.50
3587.50
3588.00
3589.50
3589.00
3594.00
3594.05
3596.17
3604.90
3608.50
3684.71
3614.00
3613.86
3610.50
3607.40
3604.00
3599.00
3592.50
3591.00
3590.50
3589.00
3586.97
3583.00
3606.95
3609.09
3563.05
3554.00
3547.50
3340.35
3538.50
3537.50
3537.00
3536.00
3535.00
3499.23
3531.00
3531.00
3532.00
3535.50
3537.50
3538.50
3540.00
3542.50
3544.00
3596.13
3563.00
3569.50
3572.50
3574.00
3576.00
3611.41
3576.50
3576.50
3616.57
3617.89
3579.50
3617.89
3617.89
3617.32
3616.98
3617.96
3582.50
3583.50
3585.69
3585.50
3585.50
3585.50
3584.50
3585.50
3584.72
3583.15
3582.00
3581.50
3579.00
3577.00
3577.00
3576.50
3577.00
3576.50
3576.50
3575.50
3574.50
3574.00
3574.00
3573.50
3577.00
3578.00
3580.94
3582.00
3587.00
3588.50
3589.50
3590.00
3590.50
3592.50
3710.85
3595.00
3594.50
3594.50
3596.00
3597.50
3598.00
3597.78
3598.89
3605.17
3610.23
3611.26
3607.83
3609.62
3604.27
3602.50
3595.50
3595.50
3594.50
3594.00
3594.00
3594.00
3593.00
3592.50
3590.50
3589.50
3589.00
3589.00
3588.50
3588.00
3588.50
3588.50
3589.00
3588.50
3586.00
3582.50
3581.50
3573.26
3559.85
3576.81
3576.79
3568.37
3580.50
3558.95
3545.39
3531.29
3523.46
3524.62
3458.80
3447.86
3521.27
3474.78
3488.37
3415.88
3430.32
3535.50
3538.04
3467.02
3556.66
3559.00
3561.00
3565.00
3567.50
3571.00
3571.50
3572.00
3572.50
3574.00
3573.50
3574.50
3574.50
3640.44
3576.50
3577.50
3578.00
3578.00
3578.51
3578.00
3570.00
3568.50
3568.00
3566.00
3561.00
3559.00
3560.17
3557.43
3552.89
3542.00
3540.00
3539.50
3539.50
3540.67
3545.12
3543.00
3544.50
3546.00
3551.00
3590.89
3555.50
3561.00
3565.25
3570.00
3573.88
3582.37
3590.96
3596.00
3601.50
3604.50
3606.00
3609.00
3609.50
3609.50
3609.50
3608.50
3607.90
3608.86
3611.98
3613.14
3618.00
3619.00
3621.69
3625.17
3622.78
3626.05
3637.47
3639.50
3638.50
3634.79
3630.53
3626.00
3620.52
3617.00
3610.50
3605.17
3599.29
3591.00
3578.97
3565.15
3558.83
3555.50
3580.32
3550.00
3549.00
3547.50
3546.54
3538.50
3538.00
3539.00
3539.46
3543.50
3548.00
3551.00
3618.49
3555.50
3552.50
3603.20
3598.65
3546.50
3545.00
3542.86
3541.00
3533.50
3531.00
3529.50
3528.00
3526.00
3525.50
3526.00
3526.00
3526.00
3525.50
3524.00
3519.50
3511.25
3507.36
3503.21
3500.58
3497.22
3493.89
3490.83
3487.41
3479.89
3470.96
3470.00
3547.31
3548.12
3472.00
3473.50
3474.50
3476.00
3480.07
3483.50
3486.50
3486.50
3489.42
3495.44
3498.53
3502.60
3509.00
3512.24
3516.02
3516.85
3517.00
3523.74
3530.00
3532.50
3535.00
3538.50
3539.00
3539.00
3539.00
3539.00
3538.50
3537.50
3538.00
3538.00
3538.00
3538.50
3539.00
3539.00
3542.41
3647.35
3600.32
3555.17
3554.76
3555.89
3555.90
3564.16
3575.28
3593.12
3574.00
3592.00
3584.07
3581.36
3582.00
3578.53
3580.35
3577.77
3571.00
3566.00
3556.92
3552.49
3546.00
3591.55
3545.50
3546.00
3547.00
3547.50
3548.50
3550.00
3550.50
3551.00
3551.50
3547.50
3542.00
3539.00
3536.50
3535.50
3535.00
3533.50
3529.50
3489.76
3520.50
3518.00
3517.50
3517.50
3518.00
3518.50
3518.50
3519.50
3522.50
3525.97
3530.50
3533.97
3538.74
3537.46
3534.00
3538.33
3542.16
3539.68
3540.74
3531.50
3530.00
3529.50
3530.50
3529.00
3526.50
3520.50
3519.50
3519.00
3518.00
3518.00
3520.00
3520.00
3510.37
3503.01
3504.70
3508.25
3503.01
3501.22
3509.61
3500.24
3491.29
3494.00
3494.00
3493.50
3491.96
3490.94
3489.13
3488.00
3485.07
3479.50
3479.00
3486.41
3493.00
3494.00
3494.98
3496.00
3496.50
3497.00
3499.00
3500.50
3503.00
3502.50
3500.24
3495.50
3493.50
3491.50
3488.50
3486.00
3487.79
3489.50
3491.50
3496.54
3503.34
3500.83
3501.25
3502.77
3506.74
3516.00
3521.00
3524.50
3528.50
3529.00
3528.58
3530.00
3530.08
3531.38
3533.35
3539.79
3549.79
3502.01
3540.47
3551.50
3550.00
3549.00
3548.00
3546.00
3545.00
3544.00
3542.10
3541.00
3540.00
3537.50
3536.50
3536.00
3535.00
3535.00
3534.50
3535.00
3535.50
3535.00
3540.08
3546.61
3550.00
3550.08
3553.53
3555.52
3553.14
3561.91
3567.18
3569.00
3568.50
3566.50
3565.00
3562.50
3557.14
3554.00
3550.00
3547.50
3544.50
3542.50
3540.50
3541.00
3611.44
3546.00
3545.67
3549.00
3555.50
3560.00
3561.50
3563.00
3564.00
3570.00
3571.50
3574.00
3576.31
3578.50
3579.50
3581.50
3583.00
3585.50
3587.50
3588.50
3588.50
3589.00
3589.00
3589.00
3588.00
3587.00
3586.50
3587.00
3586.00
3586.00
3586.50
3586.50
3586.50
3586.50
3579.50
3577.00
3576.00
3574.00
3573.00
3569.18
3570.50
3570.00
3568.50
3564.00
3563.50
3563.12
3564.00
3565.00
3565.50
3566.00
3566.00
3565.50
3565.00
3565.00
3564.50
3564.00
3564.00
3563.50
3564.00
3566.00
3567.43
3568.50
3570.30
3573.21
3570.00
3577.00
3591.69
3604.70
3615.79
3618.95
3627.94
3629.55
3631.87
3634.00
3635.50
3636.50
3638.00
3639.50
3639.00
3639.50
3639.00
3639.00
3639.00
3639.50
3640.50
3642.50
3643.00
3643.50
3644.00
3645.00
3646.00
3646.50
3642.50
3642.00
3641.00
3628.72
3623.76
3622.89
3623.71
3632.04
3629.49
3618.92
3613.46
3614.58
3623.19
3631.79
3630.23
3633.00
3637.50
3639.10
3644.16
3641.02
3644.96
3651.02
3654.94
3654.02
3655.85
3646.10
3637.43
3636.53
3636.25
3634.70
3623.95
3624.27
3621.57
3611.57
3609.00
3608.50
3609.50
3611.00
3612.00
3612.90
3613.34
3612.21
3606.18
3600.22
3594.05
3593.00
3589.18
3585.00
3583.50
3583.00
3581.50
3580.50
3580.00
3583.50
3585.00
3586.50
3587.50
3589.00
3590.80
3592.96
3598.69
3602.83
3656.57
3609.00
3668.80
3611.50
3612.93
3614.00
3617.00
3619.70
3625.22
3637.40
3637.50
3651.58
3654.78
3658.75
3659.03
3659.25
3663.56
3668.01
3698.46
3705.33
3674.08
3672.38
3673.14
3670.50
3666.64
3657.19
3651.00
3648.00
3642.00
3640.00
3633.02
3655.56
3625.59
3622.44
3617.24
3613.76
3607.11
3579.74
3592.00
3584.54
3579.00
3577.83
3574.65
3567.50
3562.50
3560.00
3555.00
3553.00
3548.00
3537.09
3529.00
3524.50
3523.00
3522.50
3522.50
3522.94
3522.50
3524.00
3524.42
3523.25
3531.30
3533.95
3538.89
3541.62
3552.00
3555.50
3556.50
3557.50
3558.00
3560.50
3561.00
3561.00
3562.00
3566.50
3570.50
3573.50
3575.00
3577.50
3579.50
3580.00
3580.00
3582.00
3583.50
3585.50
3586.00
3585.50
3583.00
3577.50
3576.50
3576.50
3576.00
3574.50
3573.50
3568.50
3566.50
3561.50
3557.50
3549.00
3547.50
3546.00
3546.00
3546.00
3546.50
3547.50
3547.50
3548.50
3548.50
3548.50
3548.00
3550.25
3551.50
3563.54
3541.73
3511.10
3198.16
3162.78
3428.94
3493.15
3499.00
3497.50
3497.02
3503.54
3506.50
3509.20
3509.47
3511.01
3518.20
3521.24
3495.56
3530.00
3534.50
3540.00
3544.27
3544.93
3541.79
3539.97
3536.28
3528.79
3527.20
3524.46
3517.84
3519.14
3513.47
3508.00
3507.50
3501.50
3501.00
3498.50
3498.00
3498.00
3498.50
3499.50
3500.97
3505.08
3509.19
3512.77
3514.89
3510.50
3512.25
3514.23
3516.43
3515.09
3513.08
3508.82
3507.50
3502.51
3496.50
3494.00
3492.50
3487.50
3487.00
3487.12
3485.75
3486.42
3487.00
3487.00
3487.00
3485.30
3484.61
3484.09
3484.07
3483.05
3478.85
3473.05
3470.00
3469.00
3469.00
3469.50
3471.50
3476.00
3477.50
3483.60
3491.38
3497.02
3500.29
3498.77
3506.28
3511.32
3512.23
3518.54
3527.76
3524.29
3528.49
3527.76
3523.49
3523.40
3524.35
3519.08
3516.10
3515.00
3509.50
3508.50
3508.00
3507.00
3507.00
3506.50
3506.50
3504.50
3502.50
3491.35
3483.63
3419.38
3456.58
3487.40
3489.00
3488.00
3487.50
3474.49
3479.34
3480.86
3485.07
3488.50
3491.50
3496.00
3499.50
3501.50
3502.50
3503.00
3503.50
3504.00
3504.00
3503.50
3503.50
3503.50
3505.00
3511.00
3514.00
3515.00
3516.50
3517.41
3519.00
3524.50
3526.00
3528.00
3530.15
3531.50
3533.50
3531.50
3530.50
3528.00
3524.00
3519.86
3514.50
3510.72
3507.00
3505.97
3503.55
3501.09
3500.67
3493.97
3483.38
3480.00
3478.50
3475.60
3474.50
3474.50
3474.00
3473.50
3473.50
3473.50
3474.50
3475.50
3475.50
3486.71
3494.83
3497.35
3498.28
3499.34
3499.87
3501.33
3507.06
3513.00
3513.50
3513.50
3513.00
3512.50
3513.00
3512.50
3512.00
3511.00
3511.00
3514.50
3517.00
3516.50
3518.00
3518.50
3519.50
3520.50
3522.50
3524.00
3522.00
3518.93
3518.50
3518.50
3517.48
3515.41
3516.00
3514.85
3511.17
3511.60
3513.50
3514.80
3518.29
3517.40
3519.80
3521.11
3523.00
3524.00
3529.50
3532.50
3535.53
3541.50
3541.00
3539.00
3538.00
3536.50
3533.50
3533.00
3531.50
3525.50
3524.50
3522.00
3517.44
3509.18
3504.81
3500.50
3498.50
3497.00
3494.00
3490.31
3489.79
3489.30
3489.50
3489.50
3489.00
3489.50
3489.50
3492.53
3494.00
3495.50
3497.00
3497.53
3498.50
3499.44
3501.63
3502.91
3504.41
3501.72
3499.62
3498.58
3498.07
3498.38
3498.18
3499.14
3503.77
3502.43
3505.48
3511.94
3512.36
3515.28
3516.50
3518.00
3517.50
3518.00
3518.50
3519.00
3519.00
3518.50
3517.00
3519.00
3524.00
3530.00
3530.50
3531.00
3532.00
3532.50
3535.00
3537.67
3537.50
3538.00
3537.50
3534.00
3533.50
3532.00
3531.00
3530.50
3530.00
3528.00
3522.00
3518.00
3516.50
3693.64
3863.55
4118.68
3765.91
3696.94
3638.10
3528.51
3443.59
3393.45
3092.66
3032.44
3507.17
3506.63
3482.24
3504.50
3503.50
3502.88
3500.63
3499.50
3499.00
3499.00
3499.00
3499.00
3500.27
3500.47
3498.25
3494.50
3487.50
3486.00
3483.00
3480.18
3478.05
3473.50
3472.00
3469.00
3468.00
3468.00
3468.00
3465.00
3463.50
3462.00
3460.50
3460.00
3459.00
3458.00
3456.87
3454.50
3452.50
3449.86
3452.00
3454.50
3456.50
3461.00
3464.50
3466.00
3466.50
3468.00
3468.50
3470.50
3477.50
3481.05
3479.81
3475.81
3476.48
3475.28
3475.19
3474.22
3472.96
3473.91
3477.64
3484.00
3485.49
3488.00
3490.00
3491.50
3495.00
3501.50
3509.76
3516.29
3515.84
3518.54
3519.00
3519.00
3518.50
3519.50
3523.50
3525.38
3525.50
3524.50
3521.00
3520.50
3520.00
3518.50
3518.50
3518.50
3519.50
3521.50
3523.00
3524.00
3525.00
3525.50
3526.50
3526.50
3527.00
3526.00
3526.00
3522.50
3521.50
3520.50
3519.94
3518.00
3515.00
3511.50
3508.50
3501.50
3491.86
3490.06
3488.31
3484.50
3484.00
3484.00
3486.50
3489.98
3491.96
3493.50
3493.50
3497.04
3502.29
3503.91
3512.19
3518.77
3528.00
3530.00
3532.00
3533.00
3533.00
3534.57
3534.50
3537.23
3537.09
3542.77
3545.57
3546.50
3546.00
3545.50
3543.00
3542.50
3542.00
3542.00
3542.00
3543.00
3543.50
3542.00
3541.00
3540.50
3538.50
3538.50
3538.64
3538.50
3541.85
3547.70
3549.84
3559.59
3566.07
3574.62
3576.39
3578.55
3583.00
3555.49
3554.50
3594.50
3539.31
3539.31
3484.00
3599.50
3610.00
3615.02
3616.16
3586.39
3592.28
3595.25
3595.70
3630.80
3637.00
3640.00
3643.50
3645.50
3646.00
3646.00
3645.50
3645.50
3645.50
3644.50
3643.00
3642.50
3641.50
3641.00
3640.50
3640.00
3640.00
3639.50
3639.50
3639.50
3639.00
3636.00
3635.00
3633.12
3630.54
3620.33
3623.33
3622.17
3598.50
3591.96
3592.89
3588.50
3532.21
3566.08
3556.00
3554.90
3550.50
3545.00
3543.50
3544.00
3544.00
3515.90
3532.48
3537.78
3544.80
3545.42
3571.85
3575.82
3575.50
3578.50
3579.50
3581.00
3582.50
3582.50
3582.00
3582.50
3583.00
3584.00
3584.50
3585.50
3586.50
3588.00
3588.50
3589.00
3589.50
3597.09
3603.33
3604.42
3604.38
3603.65
3604.96
3607.52
3614.50
3615.02
3615.60
3614.50
3614.53
3613.60
3613.56
3616.00
3617.00
3617.57
3620.71
3622.10
3620.50
3620.00
3616.68
3607.00
3603.72
3601.77
3601.53
3601.43
3598.80
3586.02
3575.34
3568.22
3564.79
3556.94
3559.41
3562.43
3545.21
3527.20
3533.97
3538.86
3439.77
3448.97
3486.62
3478.45
3440.84
3454.25
3498.71
3500.50
3500.50
3498.00
3497.50
3496.00
3495.89
3481.82
3392.32
3446.47
3384.68
3480.05
3474.50
3475.50
3477.65
3475.00
3474.06
3472.50
3472.00
3471.00
3468.00
3467.50
3467.00
3467.00
3467.50
3471.50
3472.00
3472.50
3483.00
3486.30
3489.34
3498.68
3505.50
3509.74
3511.00
3517.00
3527.00
3531.50
3532.50
3533.00
3533.50
3534.50
3535.00
3534.50
3534.50
3534.00
3532.00
3532.00
3534.00
3536.00
3535.50
3536.00
3537.00
3538.50
3539.00
3540.00
3540.50
3541.00
3540.50
3540.00
3538.00
3535.50
3534.00
3534.00
3533.50
3533.00
3532.50
3533.00
3533.00
3533.50
3533.50
3532.50
3531.50
3529.00
3526.50
3526.00
3525.50
3525.50
3520.76
3514.56
3512.50
3504.80
3501.50
3500.20
3497.14
3449.55
3505.33
3516.00
3517.50
3519.00
3518.50
3596.79
3519.00
3519.50
3615.79
3519.50
3520.00
3520.00
3519.50
3519.00
3518.00
3516.50
3515.50
3514.50
3514.50
3514.50
3512.43
3510.84
3507.65
3511.50
3511.57
3517.57
3530.53
3532.91
3533.39
3537.17
3537.26
3539.58
3541.76
3549.50
3557.50
3562.00
3564.60
3568.00
3569.50
3570.00
3570.04
3569.58
3572.00
3568.74
3570.00
3569.50
3566.63
3596.20
3562.00
3557.50
3552.50
3551.50
3552.50
3552.12
3552.70
3553.36
3553.36
3555.00
3550.39
3544.36
3542.00
3540.00
3539.56
3538.25
3536.14
3534.00
3533.50
3531.00
3529.00
3528.00
3529.50
3532.50
3535.00
3536.00
3536.00
3537.50
3537.50
3538.00
3537.00
3536.50
3535.00
3531.50
3530.00
3527.97
3525.50
3522.00
3520.50
3513.86
3509.00
3506.62
3502.64
3499.16
3601.89
3603.83
3496.50
3496.50
3496.90
3497.63
3556.56
3551.91
3499.00
3499.09
3499.18
3499.18
3498.50
3499.00
3502.70
3509.10
3512.43
3513.50
3519.46
3521.15
3525.70
3560.30
3543.28
3609.19
3594.22
3600.42
3606.27
3688.17
3684.77
3672.68
3563.86
3610.74
3614.39
3564.51
3595.85
3597.56
3569.52
3571.42
3572.47
3605.59
3615.02
3577.87
3584.55
3706.23
3656.50
3651.56
3697.26
3576.00
3575.50
3570.07
3563.24
3553.50
3546.20
3540.69
3538.92
3559.66
3557.35
3522.97
3511.00
3499.50
3491.85
3489.50
3521.38
3487.50
3520.75
3482.52
3517.06
3470.50
3468.04
3498.68
3498.68
3494.66
3463.37
3464.50
3462.50
3457.62
3451.34
3448.81
3447.80
3523.92
3400.03
3453.89
3461.50
3438.76
3465.00
3499.77
3465.50
3440.65
3466.00
3469.50
3470.00
3472.00
3473.00
3473.50
3473.00
3472.50
3464.50
3461.50
3460.00
3460.50
3462.00
3463.00
3464.00
3465.50
3466.00
3467.00
3468.00
3469.00
3473.50
3478.00
3478.50
3478.00
3477.50
3476.00
3565.10
3550.83
3422.03
3467.50
3467.89
3467.50
3467.50
3468.50
3518.47
3519.45
3525.29
3471.03
3534.28
3540.06
3575.29
3546.91
3626.39
3617.89
3503.60
3465.56
3345.75
3441.36
3610.10
3633.60
3641.83
3518.48
3524.09
3525.52
3526.13
3524.00
3528.16
3530.50
3535.11
3545.50
3552.00
3524.33
3607.46
3548.80
3542.16
3586.16
3601.68
3576.74
3532.17
3523.64
3521.52
3517.00
3542.21
3491.63
3564.28
3547.35
3510.69
3516.72
3517.27
3473.00
3470.98
3469.50
3468.00
3459.27
3456.00
3453.00
3452.50
3455.50
3457.00
3458.00
3458.50
3459.00
3511.72
3557.31
3460.00
3459.50
3459.50
3458.50
3458.00
3457.50
3457.00
3455.50
3453.43
3458.00
3459.00
3460.50
3462.50
3510.00
3464.00
3464.00
3463.00
3462.00
3462.00
3461.50
3500.50
3501.52
3457.00
3506.03
3454.50
3455.00
3455.50
3479.65
3538.80
3538.27
3467.00
3468.50
3471.06
3523.39
3520.82
3474.00
3474.00
3478.55
3488.79
3494.65
3455.69
3500.50
3500.50
3565.93
3565.93
3566.90
3506.00
3507.00
3507.50
3507.00
3510.50
3681.00
3513.00
3619.09
3513.50
3569.42
3513.50
3514.00
3577.77
3520.50
3540.30
3444.00
3540.30
3447.40
3520.50
3520.50
3522.00
3526.50
3529.00
3529.50
3531.50
3532.57
3534.07
3533.00
3537.05
3540.50
3541.00
3539.00
3539.62
3541.05
3588.33
3506.45
3541.22
3543.80
3546.46
3551.92
3554.50
3554.50
3550.26
3549.00
3548.50
3548.50
3548.00
3547.50
3548.00
3546.90
3551.50
3560.34
3563.67
3563.45
3567.45
3569.40
3572.09
3575.90
3581.94
3588.00
3596.50
3597.50
3604.19
3600.51
3598.66
3595.96
3598.84
3633.36
3604.91
3603.94
3602.00
3600.33
3602.89
3603.67
3603.98
3610.00
3609.98
3608.25
3608.00
3607.00
3607.00
3607.25
3607.25
3607.21
3608.30
3672.07
3608.58
3608.19
3603.50
3603.00
3603.00
3602.50
3602.00
3599.00
3599.00
3598.50
3599.00
3599.50
3599.50
3600.14
3601.97
3662.25
3599.00
3601.00
3604.00
3607.50
3773.82
3612.62
3607.50
3603.42
3605.16
3614.75
3615.09
3613.51
3609.85
3599.64
3594.42
3655.50
3592.50
3720.25
3660.11
3657.21
3597.00
3598.17
3597.50
3597.50
3597.50
3597.50
3597.00
3598.00
3597.00
3595.00
3590.50
3588.00
3584.50
3574.84
3570.14
3567.98
3567.98
3565.64
3597.38
3597.18
3607.78
3596.35
3591.97
3567.23
3567.51
3574.50
3574.00
3574.50
3575.83
3579.50
3580.00
3550.38
3579.00
3581.00
3581.00
3581.50
3581.00
3580.00
3579.00
3576.50
3575.00
3609.49
3569.39
3568.31
3566.87
3626.19
3622.56
3570.50
3634.29
3571.00
3575.40
3578.09
3579.75
3591.02
3592.50
3632.39
3685.14
3585.60
3584.50
3580.12
3572.02
3575.22
3554.51
3543.91
3557.06
3532.20
3532.08
3529.31
3530.00
3563.75
3534.35
3534.00
3535.50
3540.50
3542.00
3542.28
3542.50
3542.00
3541.50
3583.85
3631.95
3538.50
3538.64
3539.41
3538.61
3541.82
3543.15
3543.50
3542.50
3546.05
3520.67
3533.69
3534.07
3525.06
3519.90
3518.44
3514.35
3509.12
3507.00
3504.00
3503.50
3503.00
3504.00
3505.50
3507.00
3515.92
3522.79
3526.00
3527.50
3530.50
3532.00
3533.00
3534.50
3539.50
3614.24
3542.00
3625.59
3546.29
3544.19
3537.50
3537.77
3536.55
3536.71
3535.14
3534.00
3533.32
3533.50
3522.50
3521.00
3443.16
3457.38
3474.07
3479.00
3479.06
3479.06
3473.53
3469.68
3499.00
3498.57
3499.08
3501.22
3504.17
3506.50
3506.50
3505.50
3503.00
3503.67
3504.89
3504.93
3501.60
3500.50
3500.50
3501.68
3502.50
3504.00
3448.28
3508.00
3508.50
3509.00
3509.50
3509.50
3510.00
3510.00
3510.00
3509.50
3508.50
3508.00
3508.00
3507.50
3504.21
3500.83
3500.43
3499.08
3499.00
3499.96
3501.00
3501.00
3502.38
3502.50
3504.18
3505.43
3510.50
3511.00
3511.50
3511.00
3511.00
3510.50
3501.67
3502.13
3499.90
3484.85
3477.41
3472.83
3410.16
3253.46
3205.09
3425.06
3329.91
3384.93
3413.76
3440.92
3453.00
3416.34
3417.54
3457.41
3459.82
3422.39
3422.18
3466.44
3425.93
3415.85
3463.50
3463.00
3462.50
3462.00
3461.50
3460.00
3460.00
3459.00
3400.33
3403.16
3459.00
3456.50
3455.50
3455.00
3457.00
3458.00
3459.50
3462.51
3466.55
3468.50
3464.80
3467.41
3468.76
3468.50
3468.00
3435.50
3466.18
3462.05
3450.39
3441.33
3406.79
3379.11
3415.00
3379.11
3414.50
3381.24
3415.50
3381.05
3417.97
3422.00
3423.00
3423.00
3423.50
3423.00
3423.00
3423.50
3425.50
3425.50
3426.26
3428.14
3425.00
3423.50
3422.50
3422.50
3422.00
3386.75
3379.43
3419.00
3419.50
3420.00
3420.50
3421.50
3426.50
3427.50
3431.50
3434.06
3436.08
3434.50
3433.00
3429.50
3427.50
3427.00
3426.00
3424.50
3423.00
3391.15
3391.45
3427.29
3429.53
3430.13
3437.78
3448.81
3453.90
3460.62
3476.58
3479.61
3487.00
3416.15
3487.50
3486.50
3484.00
3426.96
3478.50
3426.07
3474.50
3474.00
3473.00
3416.38
3467.27
3463.50
3458.00
3452.83
3447.00
3445.00
3438.83
3434.80
3425.31
3315.89
3334.37
3311.30
3189.42
3299.63
3331.89
3354.23
3373.50
3335.39
3365.50
3331.79
3334.41
3350.64
3346.98
3386.93
3380.47
3384.22
3397.11
3399.53
3405.61
3412.01
3418.75
3421.13
3455.50
3463.00
3431.68
3436.47
3477.05
3413.59
3444.66
3416.45
3482.50
3448.56
3442.83
3488.00
3493.50
3492.00
3487.32
3484.50
3482.00
3481.00
3480.50
3480.00
3477.00
3476.00
3475.50
3476.00
3477.50
3479.00
3480.00
3481.00
3482.50
3482.50
3482.00
3482.00
3481.00
3481.00
3480.50
3517.65
3481.06
3461.78
3313.55
3269.93
3398.92
3480.50
3476.50
3475.00
3429.42
3426.62
3420.77
3464.40
3460.39
3458.00
3413.91
3453.30
3407.75
3410.17
3406.91
3404.21
3382.00
3363.78
3349.73
3343.57
3442.50
3444.00
3448.00
3403.42
3451.00
3453.83
3462.69
3467.10
3441.91
3446.52
3430.11
3436.38
3452.88
3492.00
3438.48
3446.32
3499.50
3501.00
3505.48
3504.00
3504.50
3507.82
3508.39
3509.50
3511.00
3511.82
3485.83
3486.83
3486.81
3455.34
3435.29
3526.50
3434.76
3476.03
3477.45
3476.80
3476.09
3474.13
3472.17
3468.37
3495.89
3496.85
3462.52
3465.57
3468.83
3501.50
3503.00
3506.95
3472.55
3509.50
3513.91
3518.00
3524.50
3528.00
3528.50
3527.83
3529.00
3528.00
3526.50
3481.79
3480.82
3525.00
3523.50
3519.37
3517.50
3516.00
3514.00
3512.50
3511.50
3511.50
3510.00
3509.50
3509.00
3508.50
3449.70
3497.50
3442.00
3494.00
3443.76
3444.93
3454.29
3463.20
3465.81
3466.79
3468.05
3469.02
3468.07
3504.14
3506.23
3440.85
3435.56
3465.42
3524.00
3525.50
3526.50
3476.59
3478.52
3484.75
3535.00
3495.72
3539.50
3491.33
3489.14
3483.69
3413.30
3452.56
3469.68
3548.00
3548.00
3548.50
3548.00
3613.07
3488.22
3492.27
3535.50
3502.54
3502.62
3500.23
3499.77
3521.37
3515.43
3372.79
3360.98
3499.82
3502.00
3465.31
3460.42
3449.44
3513.17
3514.94
3518.61
3522.50
3524.50
3526.00
3526.50
3526.50
3528.00
3454.40
3394.23
3529.00
3531.00
3536.19
3495.91
3548.12
3549.80
3551.34
3553.34
3556.73
3563.93
3573.97
3583.00
3583.50
3454.17
3447.65
3563.47
3600.50
3605.50
3618.22
3626.95
3601.73
3633.17
3633.85
3637.13
3636.21
3637.00
3636.00
3632.00
3630.50
3623.96
3610.18
3604.00
3592.75
3584.42
3582.47
3582.12
3577.99
3574.62
3568.27
3564.50
3560.50
3560.00
3560.50
3561.50
3566.09
3574.00
3576.00
3577.50
3578.50
3578.50
3581.00
3581.50
3582.50
3586.88
3592.50
3593.00
3592.50
3592.00
3591.00
3589.00
3582.50
3578.00
3576.00
3568.50
3563.00
3560.12
3539.21
3552.50
3548.00
3535.00
3531.10
3562.30
3524.50
3523.00
3523.00
3523.00
3523.50
3525.50
3526.50
3530.50
3532.50
3533.00
3534.55
3534.08
3533.50
3580.64
3532.05
3530.04
3522.79
3474.25
3517.81
3515.38
3511.00
3508.84
3505.10
3502.38
3492.59
3485.50
3484.00
3483.50
3482.50
3482.50
3482.50
3482.50
3482.50
3373.42
3483.50
3484.00
3483.50
3483.00
3482.00
3480.50
3477.00
3473.50
3473.00
3473.00
3473.00
3525.75
3473.00
3472.00
3472.50
3472.50
3473.00
3473.50
3473.50
3473.03
3471.50
3469.50
3468.50
3469.00
3468.00
3467.00
3465.50
3463.50
3463.00
3462.50
3462.00
3462.00
3462.35
3463.36
3465.79
3428.30
3464.04
3461.50
3458.00
3455.50
3450.87
3450.00
3448.50
3445.50
3475.70
3442.00
3441.65
3442.52
3443.30
3443.50
3417.81
3454.50
3457.00
3459.00
3462.00
3464.00
3466.00
3465.50
3466.00
3465.04
3467.00
3468.09
3469.07
3466.76
3466.08
3464.00
3466.05
3464.50
3463.50
3460.50
3459.50
3459.50
3460.00
3460.50
3460.50
3460.00
3457.00
3454.50
3454.00
3454.00
3450.00
3444.50
3445.62
3442.07
3440.14
3435.92
3432.00
3430.75
3430.81
3430.50
3430.50
3431.50
3432.00
3432.50
3433.50
3435.50
3437.00
3437.50
3438.50
3439.00
3437.50
3436.00
3435.06
3435.00
3433.00
3432.15
3432.00
3429.20
3424.68
3422.50
3421.50
3421.00
3420.50
3420.50
3420.00
3417.50
3413.00
3412.00
3410.50
3410.50
3412.00
3414.00
3415.50
3418.06
3420.29
3423.65
3424.80
3426.48
3426.19
3453.28
3464.82
3475.63
3476.94
3480.63
3482.74
3482.96
3478.84
3482.02
3488.44
3491.04
3491.79
3490.96
3489.47
3476.00
3474.50
3474.50
3473.50
3473.50
3473.00
3472.00
3471.50
3469.00
3467.00
3465.00
3464.50
3463.00
3462.00
3461.00
3460.00
3458.00
3458.00
3459.00
3464.00
3469.55
3471.00
3470.50
3471.00
3471.50
3472.50
3474.98
3476.00
3477.50
3479.00
3479.50
3478.50
3478.00
3478.50
3478.50
3478.50
3476.93
3471.00
3468.48
3468.50
3467.00
3465.50
3463.22
3459.76
3456.50
3454.00
3450.14
3446.07
3446.34
3444.17
3451.00
3451.50
3453.00
3448.00
3448.00
3447.50
3447.00
3446.50
3445.50
3444.15
3441.24
3440.09
3438.44
3433.83
3431.50
3504.93
3446.00
3454.32
3457.60
3460.08
3468.95
3472.64
3476.31
3462.40
3484.00
3484.66
3491.50
3497.50
3499.50
3499.50
3499.00
3496.50
3492.50
3490.00
3488.50
3486.00
3484.00
3483.50
3485.82
3491.33
3492.08
3444.59
3495.28
3496.50
3497.82
3498.87
3499.47
3494.74
3488.49
3484.88
3483.33
3484.16
3483.78
3464.76
3447.01
3481.06
3476.68
3478.29
3482.62
3483.32
3481.23
3469.41
3453.84
3468.00
3460.68
3469.09
3468.82
3471.63
3466.47
3468.63
3476.20
3481.46
3481.46
3479.74
3472.22
3472.41
3467.50
3465.04
3459.39
3453.39
3449.45
3446.53
3444.41
3443.56
3443.17
3443.17
3442.71
3444.78
3446.27
3451.52
3454.00
3455.50
3460.50
3464.50
3466.50
3467.00
3468.50
3469.50
3475.00
3479.50
3481.50
3483.29
3486.93
3486.00
3486.50
3490.35
3479.78
3476.50
3471.00
3468.71
3460.84
3458.50
3458.50
3458.00
3458.02
3446.50
3441.69
3441.22
3490.03
3442.56
3444.29
3452.50
3453.00
3455.50
3456.00
3462.00
3466.50
3470.50
3474.09
3474.85
3474.27
3476.79
3479.59
3511.33
4158.67
3947.57
3838.03
3650.54
3394.08
3441.29
3468.19
3502.50
3503.29
3504.10
3508.00
3514.00
3519.00
3523.50
3527.45
3529.50
3565.84
3530.00
3526.00
3523.47
3517.39
3516.00
3515.50
3514.50
3513.68
3502.71
3493.50
3483.07
3481.00
3473.50
3423.94
3473.50
3468.50
3466.00
3458.88
3450.50
3449.89
3448.86
3448.50
3448.80
3450.11
3453.00
3455.41
3457.25
3459.50
3460.00
3461.50
3463.00
3465.00
3466.50
3466.50
3465.00
3463.00
3462.50
3461.50
3460.00
3457.00
3452.00
3451.50
3456.00
3459.00
3460.00
3462.00
3462.50
3461.92
3462.43
3464.00
3464.50
3466.00
3466.50
3466.50
3466.50
3466.50
3466.50
3467.00
3467.50
3469.00
3470.00
3474.00
3474.50
3474.50
3474.00
3474.50
3474.50
3474.50
3475.00
3471.50
3469.00
3468.00
3467.50
3467.50
3468.00
3467.50
3467.50
3467.50
3460.50
3457.00
3457.00
3457.50
3457.00
3458.00
3462.50
3463.00
3463.72
3468.64
3470.20
3472.00
3472.00
3473.02
3472.00
3468.50
3467.00
3468.50
3468.50
3467.50
3464.50
3464.50
3461.00
3457.50
3457.00
3458.53
3462.00
3463.00
3463.50
3464.50
3466.60
3469.50
3467.59
3471.28
3491.62
3505.81
3507.25
3512.50
3515.50
3518.00
3522.00
3529.00
3530.18
3531.34
3531.48
3529.50
3530.00
3529.50
3528.50
3529.00
3530.00
3531.72
3532.69
3532.44
3531.02
3529.00
3529.00
3528.50
3528.50
3528.50
3528.50
3527.50
3527.50
3527.50
3523.50
3522.00
3521.50
3521.50
3521.50
3525.00
3527.00
3527.50
3528.50
3529.00
3528.50
3528.00
3526.00
3524.50
3524.00
3523.50
3521.50
3518.50
3517.50
3516.50
3515.50
3519.00
3520.50
3520.00
3520.50
3520.50
3521.00
3521.00
3520.50
3521.00
3521.00
3521.00
3521.00
3521.50
3522.00
3521.30
3523.00
3520.59
3524.50
3528.00
3536.00
3539.96
3543.50
3544.79
3547.69
3540.00
3542.68
3540.32
3539.00
3538.00
3536.00
3535.50
3535.00
3533.50
3525.41
3518.00
3516.50
3513.14
3502.20
3491.39
3487.35
3467.35
3484.00
3479.50
3473.18
3471.50
3471.00
3468.02
3426.87
3460.50
3461.00
3461.50
3463.50
3468.50
3470.00
3471.00
3472.00
3473.00
3473.00
3473.00
3473.00
3472.50
3472.00
3472.00
3472.00
3470.00
3467.50
3462.00
3461.50
3460.47
3458.81
3458.65
3461.00
3458.50
3455.62
3452.12
3450.19
3453.50
3458.50
3463.00
3467.00
3468.50
3469.00
3470.00
3472.96
3475.70
3477.73
3481.77
3489.59
3491.77
3493.37
3544.16
3492.81
3491.50
3483.68
3482.00
3481.00
3478.00
3471.00
3467.97
3468.00
3466.00
3463.00
3461.00
3458.50
3456.50
3456.50
3456.00
3456.00
3409.20
3456.00
3456.50
3457.00
3455.97
3456.50
3456.00
3456.50
3456.00
3455.50
3454.00
3453.50
3453.17
3452.11
3451.50
3467.59
3386.57
3239.56
3465.63
3479.75
3483.00
3484.12
3487.32
3489.96
3492.00
3492.00
3492.00
3488.49
3483.77
3479.68
3473.50
3476.79
3475.00
3470.00
3467.50
3467.00
3467.50
3468.00
3469.50
3472.50
3474.50
3478.50
3481.13
3484.83
3485.12
3485.02
3481.50
3490.50
3492.00
3492.00
3488.00
3486.50
3491.54
3487.31
3486.19
3485.50
3485.50
3484.00
3480.50
3480.00
3479.50
3477.50
3476.00
3474.50
3473.50
3471.50
3469.00
3466.00
3463.00
3461.50
3459.50
3456.50
3456.00
3456.00
3456.50
3456.50
3457.00
3457.50
3458.00
3457.50
3456.50
3456.50
3457.00
3457.00
3455.50
3455.00
3455.00
3455.50
3456.00
3457.00
3460.50
3462.50
3471.79
3483.00
3485.40
3487.34
3488.86
3492.21
3494.60
3495.82
3501.13
3506.89
3505.83
3505.00
3504.72
3504.72
3503.50
3503.50
3504.88
3503.50
3501.65
3494.50
3484.00
3483.50
3474.86
3462.30
3459.25
3452.89
3427.48
3415.68
3409.38
3402.50
3401.48
3418.39
3404.30
3378.56
3406.49
3420.62
3426.00
3429.50
3430.50
3430.00
3433.50
3434.50
3439.23
3446.00
3449.00
3452.50
3452.00
3449.00
3446.00
3445.00
3439.50
3430.00
3421.06
3414.00
3412.00
3492.74
3401.37
3395.46
3390.00
3386.50
3347.52
3378.50
3378.50
3382.54
3391.87
3377.76
3426.18
3412.20
3417.45
3418.76
3421.97
3423.94
3427.71
3437.40
3445.00
3451.50
3451.50
3454.91
3459.00
3460.50
3461.50
3462.00
3462.50
3463.00
3461.64
3455.37
3453.57
3453.62
3460.55
3462.00
3462.78
3462.43
3462.00
3467.06
3470.50
3472.00
3477.50
3478.50
3478.00
3477.50
3476.50
3476.50
3475.50
3472.50
3466.34
3460.50
3442.51
3433.88
3428.04
3421.78
3420.50
3420.51
3419.16
3415.89
3386.71
3404.15
3371.53
3409.00
3410.50
3409.00
3410.00
3411.00
3410.50
3414.00
3415.50
3419.00
3428.00
3429.50
3426.00
3429.03
3430.50
3428.50
3425.50
3423.00
3422.00
3517.46
3420.31
3422.59
3418.12
3417.00
3419.14
3419.71
3419.27
3423.74
3427.34
3430.32
3434.43
3435.22
3434.52
3433.16
3432.00
3431.00
3600.73
3429.50
3428.00
3474.96
3414.98
3408.00
3403.00
3522.07
3399.50
3398.50
3398.00
3395.50
3395.00
3395.00
3395.00
3395.00
3395.50
3395.50
3395.50
3396.00
3396.00
3396.00
3396.00
3395.00
3434.43
3388.74
3345.32
3346.71
3349.95
3351.03
3356.76
3392.60
3396.61
3397.22
3397.98
3401.87
3403.50
3409.00
3411.50
3411.50
3411.00
3411.00
3408.00
3404.50
3403.50
3402.00
3400.50
3395.50
3394.50
3393.00
3391.50
3391.50
3392.00
3393.50
3396.50
3399.50
3402.50
3403.00
3406.50
3412.00
3414.50
3476.29
3418.50
3416.65
3421.84
3836.32
4070.11
3824.38
3704.28
3628.30
3372.08
3212.39
2949.86
2660.46
2385.96
2886.91
3431.00
3427.40
3424.25
3421.00
3420.50
3420.50
3420.50
3485.88
3425.90
3429.14
3432.42
3432.44
3437.03
3441.16
3451.00
3451.00
3450.50
3457.50
3459.50
3460.50
3460.44
3461.50
3462.50
3462.50
3462.50
3463.00
3463.50
3464.50
3465.00
3466.50
3468.50
3469.00
3469.00
3469.00
3470.00
3472.00
3485.53
3488.79
3494.15
3499.73
3503.86
3504.45
3505.00
3508.50
3513.26
3518.50
3517.06
3506.11
3502.03
3495.41
3493.50
3493.00
3493.00
3492.00
3489.00
3487.01
3478.00
3478.50
3479.00
3479.00
3481.00
3483.00
3483.50
3484.00
3486.23
3486.57
3483.50
3479.50
3474.00
3473.00
3471.50
3462.35
3463.31
3460.00
3451.93
3456.44
3457.47
3454.00
3454.88
3458.35
3461.00
3461.50
3462.50
3463.00
3465.09
3465.09
3466.00
3464.94
3456.66
3453.00
3452.72
3451.45
3448.50
3450.00
3447.29
3444.00
3434.00
3433.50
3434.50
3435.50
3439.50
3442.50
3445.50
3453.00
3459.00
3464.65
3466.11
3471.02
3480.50
3481.50
3458.74
3486.34
3492.00
3498.50
3504.50
3507.00
3509.50
3513.00
3516.50
3517.50
3519.00
3523.50
3525.00
3524.64
3526.54
3528.00
3527.50
3527.00
3525.50
3523.50
3521.50
3518.00
3515.50
3514.50
3514.00
3512.19
3507.64
3505.00
3503.20
3503.48
3502.08
3502.59
3502.11
3502.81
3506.36
3509.47
3508.39
3508.39
3509.50
3510.50
3511.97
3513.09
3518.50
3521.00
3525.00
3526.50
3531.00
3534.50
3536.50
3537.50
3538.50
3541.00
3540.50
3541.00
3542.50
3546.00
3548.00
3548.50
3549.00
3549.50
3548.50
3548.50
3544.50
3542.50
3539.36
3541.55
3546.71
3544.42
3545.39
3548.26
3553.38
3552.83
3553.58
3554.84
3562.61
3566.71
3575.00
3576.00
3575.94
3577.00
3577.00
3578.00
3579.50
3582.42
3588.00
3590.00
3593.50
3593.50
3593.50
3594.50
3595.00
3595.50
3597.00
3598.50
3603.00
3604.00
3604.00
3602.50
3599.50
3598.00
3596.50
3595.50
3588.00
3583.02
3578.82
3568.37
3560.64
3553.72
3546.65
3545.33
3542.00
3538.91
3529.50
3525.00
3521.50
3520.00
3519.50
3520.00
3521.50
3522.00
3522.00
3523.50
3524.00
3526.00
3526.50
3526.00
3525.50
3524.00
3520.47
3518.50
3517.50
3509.49
3507.85
3513.50
3502.43
3507.94
3502.50
3495.05
3492.93
3495.72
3502.95
3511.13
3515.76
3516.32
3519.45
3520.00
3574.74
3525.74
3530.00
3531.00
3533.50
3535.50
3539.62
3540.50
3541.50
3541.50
3542.50
3552.64
3558.89
3555.02
3550.93
3523.33
3492.51
3469.31
3489.20
3483.56
3482.86
3469.20
3462.30
3476.74
3528.50
3532.00
3532.00
3532.00
3528.50
3527.50
3526.50
3525.50
3525.00
3536.27
3541.67
3516.60
3329.16
3111.30
2917.37
3353.23
3449.20
3432.45
3447.40
3442.50
3441.24
3436.30
3429.46
3426.50
3416.79
3413.12
3411.88
3409.75
3409.64
3409.00
3406.50
3402.00
3396.85
3389.00
3344.45
3470.13
3382.50
3383.00
3398.50
3404.50
3408.71
3410.81
3410.17
3412.57
3414.52
3417.33
3421.00
3425.26
3441.50
3442.00
3441.00
3439.00
3434.17
3430.00
3425.50
3420.65
3415.38
3414.19
3409.21
3406.50
3405.33
3379.70
3397.00
3395.50
3394.39
3361.27
3396.29
3398.00
3399.89
3399.97
3401.00
3402.00
3406.50
3407.00
3410.27
3396.33
3424.00
3424.98
3425.95
3426.71
3427.46
3427.81
3428.13
3426.17
3513.53
3416.06
3408.87
3460.00
3460.00
3460.00
3460.50
3460.50
3452.69
3446.33
3432.67
3418.50
3418.50
3436.63
3427.62
3422.00
3437.21
3437.47
3426.33
3426.90
3439.50
3441.00
3441.62
3433.00
3441.17
3442.68
3442.50
3445.70
3446.58
3448.42
3451.07
3452.46
3460.00
3460.00
3459.00
3458.00
3457.00
3456.50
3456.00
3456.64
3455.00
3456.50
3457.50
3458.00
3458.50
3458.50
3459.00
3459.50
3460.00
3460.00
3460.00
3457.93
3457.41
3459.50
3450.79
3459.50
3446.00
3452.14
3414.44
3403.59
3386.47
3374.16
3364.50
3364.50
3363.00
3363.00
3363.50
3364.39
3371.09
3377.06
3378.64
3379.21
3381.54
3373.64
3382.34
3403.81
3411.57
3413.16
3419.50
3423.50
3493.78
3487.71
3432.17
3436.50
3438.32
3441.17
3442.50
3442.74
3563.14
3443.86
3443.77
3442.68
3442.00
3441.00
3441.00
3440.50
3441.00
3440.36
3439.00
3438.50
3438.50
3438.00
3438.00
3437.50
3437.50
3436.50
3434.17
3428.77
3425.50
3424.50
3422.50
3422.00
3422.89
3421.95
3421.00
3421.00
3421.00
3421.00
3421.00
3418.50
3419.00
3418.50
3418.50
3418.50
3418.00
3417.00
3417.25
3417.49
3417.78
3417.50
3416.50
3416.50
3416.50
3417.00
3418.70
3417.78
3418.21
3419.26
3421.30
3425.26
3428.85
3440.33
3442.95
3444.00
3443.53
3443.80
3444.14
3452.70
3458.32
3460.10
3463.50
3463.50
3464.50
3465.50
3467.50
3469.00
3473.00
3474.00
3474.00
3474.00
3474.00
3473.00
3467.50
3461.62
3452.02
3441.58
3440.65
3439.82
3439.92
3435.56
3434.50
3420.70
3415.00
3411.50
3401.00
3400.00
3398.73
3395.07
3394.00
3403.52
3407.69
3412.00
3411.36
3413.00
3413.00
3413.50
3417.50
3425.07
3432.50
3447.29
3449.97
3451.80
3454.68
3456.00
3457.00
3459.85
3462.00
3462.50
3463.00
3460.80
3452.79
3452.38
3450.89
3450.60
3448.82
3446.58
3441.93
3434.24
3432.50
3431.50
3430.50
3430.50
3430.50
3430.50
3429.50
3429.00
3429.00
3428.00
3427.50
3427.50
3427.00
3426.00
3426.50
3426.37
3788.62
3934.72
3814.77
3576.35
3454.36
3229.02
2936.54
3384.24
3431.50
3431.50
3431.50
3432.50
3432.50
3432.50
3431.50
3431.00
3432.13
3434.00
3436.50
3437.00
3436.75
3434.39
3433.57
3430.32
3428.00
3423.00
3421.00
3415.50
3414.50
3413.00
3412.00
3411.50
3409.50
3407.50
3401.50
3398.00
3397.50
3397.00
3398.50
3402.00
3407.00
3407.50
3411.00
3412.50
3417.50
3422.00
3422.00
3421.50
3416.50
3416.50
3415.50
3415.00
3415.00
3414.50
3414.50
3413.00
3409.00
3408.50
3408.50
3410.00
3413.50
3424.50
3425.50
3427.00
3428.00
3438.29
3452.57
3453.82
3468.89
3479.18
3480.84
3482.63
3485.99
3497.94
3512.05
3516.22
3520.97
3522.00
3522.00
3521.20
3519.69
3520.50
3520.50
3518.33
3515.20
3518.66
3518.41
3518.94
3521.50
3521.50
3515.46
3511.87
3505.61
3503.44
3503.00
3503.05
3508.98
3499.31
3497.00
3485.50
3484.00
3484.00
3486.45
3489.00
3491.00
3492.00
3491.50
3490.00
3485.50
3485.50
3484.50
3484.00
3479.50
3478.50
3478.00
3478.00
3476.50
3468.00
3466.50
3464.00
3460.50
3460.00
3459.50
3458.50
3457.50
3457.00
3457.00
3457.00
3460.50
3461.50
3463.50
3465.00
3466.00
3467.00
3467.50
3468.00
3468.50
3468.00
3467.00
3466.50
3466.00
3466.00
3465.50
3466.00
3471.50
3473.50
3473.78
3475.00
3477.44
3483.50
3486.00
3487.00
3486.50
3487.00
3486.50
3499.22
3493.09
3482.22
3496.53
3496.19
3495.82
3501.04
3502.13
3503.00
3504.50
3506.50
3510.50
3534.50
3536.00
3533.50
3530.50
3528.50
3521.21
3519.50
3518.50
3518.50
3517.50
3512.50
3509.50
3506.50
3506.77
3507.10
3507.00
3507.66
3508.50
3506.00
3503.98
3501.37
3501.91
3502.42
3501.91
3501.88
3506.11
3510.21
3514.30
3517.39
3519.00
3522.00
3526.37
3530.24
3533.87
3540.50
3541.50
3542.00
3541.50
3540.50
3539.50
3538.50
3539.00
3539.00
3539.00
3539.50
3538.50
3541.00
3542.50
3545.00
3553.50
3555.50
3557.00
3558.00
3559.50
3561.00
3564.00
3565.37
3567.10
3566.50
3567.00
3567.50
3568.00
3569.00
3571.50
3573.50
3575.00
3576.50
3577.00
3578.50
3579.50
3582.50
3586.97
3592.50
3597.50
3598.50
3599.50
3600.50
3601.00
3602.00
3601.50
3602.00
3600.38
3596.67
3592.50
3591.50
3591.00
3589.96
3583.17
3578.58
3571.02
3563.18
3559.94
3547.24
3544.15
3540.50
3538.50
3535.22
3531.00
3530.50
3530.50
3529.50
3528.50
3528.00
3528.50
3529.00
3530.00
3531.50
3533.00
3533.50
3534.50
3534.50
3534.00
3533.00
3534.00
3534.00
3535.50
3538.50
3540.00
3541.50
3542.50
3544.00
3546.50
3552.00
3552.11
3551.50
3551.00
3548.00
3545.00
3544.50
3545.00
3546.00
3545.50
3544.45
3544.54
3548.00
3549.14
3550.33
3551.97
3554.33
3554.03
3553.24
3554.54
3554.25
3555.50
3555.50
3555.50
3557.59
3561.00
3561.50
3561.50
3561.00
3555.92
3556.50
3554.32
3299.50
3299.50
3299.50
3299.50
3299.50
3299.50
3299.50
3299.50
3299.50
3299.50
3299.50
3299.50
3299.50
3299.50
3299.50
3299.50
3299.50
3299.50
3299.50
3299.50
3299.50
3299.50
3299.50
3299.50
3299.50
3299.50
3299.50
3299.50
3299.50
3299.50
3299.50
3299.50
3299.50
3299.50
3299.50
3299.50
3299.50
3299.50
3299.50
3299.50
3299.50
3299.50
3299.50
3299.50
3299.50
3299.50
3299.50
3299.50
3299.50
3299.50
3299.50
3299.50
3299.50
3299.50
3299.50
3299.50
3299.50
3299.50
3299.50
3299.50
3299.50
3299.50
3299.50
3299.50
3299.50
3299.50
3299.50
3299.50
3299.50
3299.50
3299.50
