 63.00  6377.9857  46.55   7.98    100
 1951 04 15 07 30 00
 15/04/1951, 07:30:00, RES=0.2500  APOD FN = TRI
 2884.946 2930.606 0.0500116653     913
  0.52533
  0.52533
  0.52533
  0.52533
  0.52533
  0.52533
  0.52533
  0.41415
  0.41955
  0.42232
  0.43097
  0.42841
  0.43564
  0.43929
  0.42856
  0.43044
  0.43640
  0.43970
  0.44496
  0.44528
  0.44844
  0.45068
  0.46964
  0.47030
  0.46431
  0.46101
  0.45594
  0.45284
  0.44989
  0.44465
  0.44503
  0.45100
  0.45099
  0.45346
  0.45708
  0.46875
  0.46431
  0.45429
  0.45416
  0.46022
  0.45583
  0.46736
  0.47788
  0.47801
  0.47053
  0.46977
  0.46019
  0.45218
  0.45703
  0.46190
  0.46016
  0.45569
  0.45351
  0.45378
  0.45695
  0.44947
  0.44846
  0.45892
  0.45822
  0.44525
  0.44986
  0.45378
  0.45810
  0.45974
  0.46342
  0.46558
  0.46545
  0.46226
  0.46342
  0.46761
  0.46279
  0.46596
  0.46127
  0.45797
  0.45672
  0.46849
  0.47091
  0.46837
  0.46712
  0.44896
  0.45429
  0.46000
  0.45669
  0.45835
  0.46281
  0.46152
  0.45858
  0.46495
  0.46444
  0.46103
  0.46184
  0.45556
  0.45636
  0.45988
  0.45251
  0.44782
  0.45461
  0.45064
  0.45304
  0.46583
  0.46292
  0.45803
  0.46418
  0.46634
  0.46951
  0.46861
  0.45594
  0.45718
  0.46406
  0.46130
  0.46076
  0.46038
  0.46904
  0.47851
  0.47256
  0.47725
  0.48258
  0.47072
  0.46761
  0.46913
  0.48359
  0.48588
  0.48867
  0.47122
  0.46939
  0.48144
  0.48118
  0.47909
  0.48561
  0.47636
  0.47053
  0.47991
  0.47749
  0.47606
  0.47961
  0.47826
  0.48029
  0.48067
  0.47835
  0.48651
  0.48270
  0.47898
  0.47009
  0.48194
  0.47826
  0.47237
  0.47130
  0.46595
  0.47237
  0.47624
  0.47139
  0.46444
  0.47216
  0.47801
  0.48131
  0.48347
  0.48492
  0.48473
  0.47178
  0.46996
  0.47598
  0.48551
  0.47422
  0.47357
  0.47628
  0.47256
  0.48017
  0.47617
  0.47218
  0.47218
  0.47649
  0.47687
  0.47871
  0.47408
  0.47701
  0.48575
  0.49172
  0.48385
  0.47951
  0.46254
  0.43851
  0.39759
  0.08407
  0.02104
  0.01749
  0.01185
  0.01451
  0.01578
  0.02110
  0.02288
  0.00918
  0.00762
  0.00360
  0.01488
  0.02225
  0.02504
  0.02022
  0.01831
  0.02072
  0.02294
  0.02225
  0.03316
  0.03237
  0.03400
  0.03493
  0.03487
  0.03455
  0.03430
  0.03404
  0.03392
  0.52516
  0.54497
  0.54486
  0.55266
  0.55075
  0.53966
  0.54699
  0.54645
  0.49519
  0.50547
  0.54351
  0.56360
  0.56785
  0.59196
  0.60869
  0.61959
  0.60452
  0.55678
  0.57800
  0.59751
  0.60173
  0.59456
  0.58628
  0.57150
  0.27381
  0.80310
  0.67683
  0.61567
  0.59070
  0.61644
  0.59141
  0.58461
  0.56700
  0.56179
  0.55197
  0.56340
  0.54915
  0.53892
  0.53081
  0.54595
  0.55691
  0.53983
  0.60337
  0.55241
  0.56230
  0.54869
  0.52309
  0.52341
  0.54171
  0.53929
  0.52685
  0.39181
  0.83218
  0.59476
  0.57331
  0.58845
  0.60918
  0.58034
  0.59381
  0.57813
  0.57835
  0.57541
  0.56604
  0.55935
  0.56430
  0.54670
  0.56095
  0.56819
  0.56705
  0.57248
  0.58247
  0.54815
  0.53192
  0.57006
  0.56854
  0.57908
  0.57301
  0.43660
  0.41855
  0.93094
  0.60091
  0.56838
  0.59017
  0.58985
  0.57564
  0.58724
  0.53824
  0.56390
  0.52212
  0.00576
  0.00177
  0.00325
  0.00804
  0.00282
  0.00360
  0.00538
  0.00931
  0.01603
  0.02123
  0.04759
  0.21967
  0.30243
  0.39051
  0.44835
  0.44978
  0.45932
  0.45249
  0.44452
  0.44617
  0.43738
  0.44262
  0.44541
  0.45303
  0.45531
  0.45543
  0.44119
  0.44195
  0.43273
  0.44219
  0.45442
  0.44812
  0.44757
  0.45027
  0.44324
  0.45355
  0.45201
  0.44192
  0.44084
  0.43869
  0.43590
  0.42256
  0.42173
  0.43666
  0.44059
  0.44300
  0.43856
  0.42600
  0.43438
  0.44327
  0.44414
  0.44046
  0.44729
  0.44401
  0.42884
  0.43197
  0.44092
  0.43979
  0.44224
  0.43901
  0.43894
  0.44275
  0.44808
  0.44405
  0.44325
  0.44224
  0.44435
  0.46228
  0.46177
  0.46203
  0.46152
  0.46672
  0.46596
  0.46317
  0.46342
  0.46558
  0.45797
  0.46051
  0.45674
  0.45104
  0.47018
  0.46469
  0.46089
  0.46495
  0.47428
  0.46136
  0.45886
  0.45898
  0.45911
  0.46683
  0.47116
  0.46368
  0.45772
  0.45974
  0.45670
  0.45862
  0.46115
  0.46133
  0.45229
  0.45328
  0.45772
  0.45759
  0.46055
  0.46786
  0.46736
  0.45645
  0.44600
  0.44812
  0.45898
  0.45518
  0.45679
  0.46380
  0.45670
  0.45307
  0.45191
  0.44249
  0.44615
  0.45366
  0.46279
  0.46127
  0.46767
  0.46340
  0.46799
  0.46850
  0.46411
  0.45951
  0.46000
  0.46127
  0.45974
  0.45983
  0.47021
  0.47459
  0.46124
  0.45670
  0.47344
  0.47027
  0.47425
  0.46995
  0.46307
  0.46266
  0.45987
  0.46419
  0.46719
  0.46050
  0.45873
  0.46013
  0.45905
  0.45518
  0.45556
  0.44960
  0.44838
  0.44860
  0.44923
  0.43459
  0.44110
  0.43881
  0.44428
  0.44871
  0.44679
  0.44976
  0.46093
  0.46457
  0.46774
  0.47285
  0.45746
  0.45962
  0.46418
  0.47438
  0.47643
  0.47250
  0.47536
  0.47382
  0.47091
  0.46888
  0.46987
  0.46571
  0.47447
  0.47421
  0.48158
  0.48404
  0.48600
  0.47890
  0.48029
  0.47867
  0.47007
  0.46254
  0.46862
  0.47665
  0.47738
  0.47078
  0.46615
  0.46571
  0.47598
  0.47776
  0.47926
  0.48277
  0.47587
  0.46482
  0.46862
  0.46672
  0.47116
  0.47332
  0.44632
  0.45333
  0.45334
  0.45429
  0.45714
  0.45881
  0.45454
  0.45315
  0.45226
  0.44421
  0.43799
  0.43983
  0.44173
  0.44455
  0.45239
  0.45033
  0.45099
  0.46495
  0.46469
  0.45505
  0.45277
  0.45492
  0.45492
  0.45048
  0.44801
  0.45099
  0.45309
  0.46821
  0.46481
  0.45569
  0.45708
  0.46336
  0.45356
  0.44668
  0.44248
  0.45137
  0.46265
  0.46285
  0.46799
  0.47601
  0.47865
  0.47015
  0.46463
  0.45818
  0.45454
  0.46215
  0.46558
  0.46951
  0.46615
  0.46989
  0.47598
  0.47624
  0.47560
  0.47368
  0.46650
  0.46330
  0.46545
  0.45860
  0.46279
  0.45651
  0.45213
  0.45264
  0.45784
  0.45797
  0.45306
  0.43920
  0.43818
  0.44307
  0.43868
  0.44029
  0.44681
  0.45328
  0.44617
  0.43519
  0.43120
  0.44516
  0.46051
  0.46856
  0.45974
  0.45416
  0.45518
  0.46241
  0.47164
  0.47213
  0.46526
  0.47421
  0.47129
  0.47763
  0.47850
  0.47862
  0.46850
  0.47268
  0.47861
  0.47382
  0.47065
  0.46736
  0.47599
  0.48080
  0.47129
  0.47015
  0.47002
  0.46910
  0.46602
  0.47598
  0.47560
  0.47456
  0.47002
  0.46672
  0.46647
  0.43942
  0.47430
  0.47585
  0.48258
  0.48545
  0.48073
  0.47814
  0.46964
  0.46926
  0.46799
  0.47675
  0.47388
  0.46505
  0.46380
  0.46236
  0.45397
  0.43970
  0.43831
  0.44021
  0.46025
  0.46309
  0.45347
  0.44816
  0.44513
  0.44864
  0.46299
  0.47549
  0.48104
  0.48182
  0.47015
  0.46571
  0.46457
  0.46609
  0.47129
  0.46964
  0.47053
  0.46611
  0.45692
  0.46092
  0.46431
  0.46558
  0.46736
  0.47379
  0.47422
  0.44898
  0.45014
  0.45518
  0.46904
  0.48042
  0.48616
  0.48207
  0.48321
  0.48017
  0.46804
  0.46835
  0.46376
  0.46630
  0.48258
  0.48486
  0.48467
  0.48410
  0.47990
  0.47268
  0.46926
  0.46742
  0.46418
  0.46215
  0.45735
  0.44896
  0.44731
  0.44773
  0.44922
  0.44659
  0.44972
  0.45150
  0.45556
  0.45416
  0.45543
  0.45302
  0.46574
  0.46380
  0.46456
  0.47268
  0.46609
  0.46519
  0.47979
  0.47346
  0.47243
  0.47243
  0.47382
  0.47448
  0.49538
  0.48442
  0.48537
  0.48295
  0.49615
  0.49387
  0.49450
  0.49234
  0.49218
  0.47991
  0.48791
  0.51711
  0.50185
  0.48850
  0.47903
  0.47928
  0.48042
  0.49382
  0.48905
  0.48803
  0.47307
  0.48102
  0.47526
  0.46793
  0.47154
  0.48380
  0.48040
  0.47833
  0.46962
  0.47450
  0.46786
  0.46093
  0.44769
  0.44301
  0.45769
  0.45353
  0.45708
  0.46799
  0.46621
  0.47724
  0.47890
  0.48131
  0.48258
  0.48410
  0.48854
  0.48308
  0.48448
  0.48714
  0.49171
  0.49093
  0.49469
  0.49383
  0.47884
  0.48118
  0.48410
  0.48068
  0.48245
  0.48711
  0.48863
  0.48234
  0.47636
  0.47613
  0.47922
  0.48237
  0.48333
  0.48809
  0.47941
  0.48499
  0.48575
  0.47964
  0.47243
  0.47040
  0.48399
  0.48473
  0.48461
  0.48359
  0.48207
  0.48258
  0.48448
  0.48245
  0.48385
  0.47053
  0.46685
  0.46736
  0.46761
  0.46939
  0.46913
  0.46432
  0.46577
  0.48169
  0.48182
  0.48270
  0.48499
  0.47710
  0.48258
  0.48562
  0.48626
  0.47768
  0.48207
  0.47806
  0.47941
  0.48423
  0.48537
  0.48397
  0.47357
  0.48084
  0.49745
  0.48816
  0.49678
  0.49673
  0.48538
  0.48410
  0.48042
  0.49463
  0.49704
  0.49368
  0.49214
  0.49273
  0.50097
  0.50269
  0.49780
  0.50110
  0.49615
  0.50691
  0.49326
  0.48524
  0.48315
  0.47348
  0.47624
  0.47877
  0.48461
  0.48397
  0.48886
  0.48306
  0.47027
  0.46850
  0.47358
  0.47045
  0.46406
  0.46294
  0.45754
  0.45074
  0.44947
  0.46279
  0.46888
  0.47103
  0.47046
  0.46418
  0.47791
  0.46723
  0.49160
  0.49738
  0.49762
  0.49222
  0.50046
  0.49818
  0.49277
  0.49054
  0.48943
  0.48548
  0.48499
  0.48694
  0.50883
  0.49488
  0.48905
  0.49012
  0.49425
  0.49514
  0.49532
  0.48867
  0.48182
  0.48973
  0.49894
  0.48715
  0.48654
  0.49209
  0.49285
  0.49184
  0.49131
  0.49793
  0.49564
  0.49628
  0.48617
  0.46926
  0.47054
  0.47674
  0.47909
  0.48473
  0.48283
  0.48118
  0.47621
  0.46908
  0.47218
  0.47345
  0.46444
  0.46444
  0.45788
  0.45473
  0.44899
  0.45843
  0.46685
  0.46583
  0.46266
  0.46214
  0.46027
  0.52533
  0.52533
  0.52533
  0.52533
  0.52533
  0.52533
  0.52533