3299.50
3299.50
3299.50
3299.50
3299.50
3299.50
3299.50
3299.50
3299.50
3299.50
3299.50
3299.50
3299.50
3299.50
3299.50
3299.50
3299.50
3299.50
3299.50
3299.50
3299.50
3299.50
3299.50
3299.50
3299.50
3299.50
3299.50
3299.50
3299.50
3299.50
3299.50
3299.50
3299.50
3299.50
3299.50
3299.50
3299.50
3299.50
3299.50
3299.50
3299.50
3299.50
3299.50
3299.50
3299.50
3299.50
3299.50
3299.50
3299.50
3299.50
3299.50
3299.50
3299.50
3299.50
3299.50
3299.50
3299.50
3299.50
3299.50
3299.50
3299.50
3299.50
3299.50
3299.50
3299.50
3299.50
3299.50
3299.50
3299.50
3299.50
3263.46
3261.13
3272.57
3249.96
3248.28
3242.08
3255.05
3253.00
3254.00
3260.50
3268.36
3268.50
3278.95
3287.39
3293.74
3295.76
3298.48
3300.65
3303.50
3320.00
3327.00
3326.50
3327.00
3333.00
3335.50
3336.00
3337.00
3337.00
3337.50
3338.00
3335.95
3331.90
3336.34
3337.00
3306.16
3313.57
3337.62
3315.46
3317.63
3319.74
3320.69
3320.70
3353.50
3354.00
3354.00
3324.27
3353.00
3352.50
3323.62
3323.65
3344.06
3338.02
3317.28
3311.22
3306.00
3299.50
3296.50
3296.50
3294.93
3285.97
3282.74
3255.33
3276.00
3283.00
3285.00
3285.00
3285.50
3286.50
3287.00
3287.50
3288.00
3290.50
3270.44
3304.00
3303.57
3306.00
3306.00
3305.50
3302.50
3298.50
3298.00
3296.16
3297.96
3296.00
3294.00
3294.57
3295.63
3295.58
3296.21
3298.80
3301.76
3304.30
3307.48
3309.92
3311.50
3310.00
3308.50
3308.00
3305.67
3305.00
3304.00
3303.50
3297.00
3292.00
3285.00
3278.50
3276.00
3275.00
3274.00
3273.50
3272.00
3271.00
3270.00
3269.50
3270.50
3269.50
3271.00
3271.00
3271.00
3272.00
3271.50
3271.50
3271.00
3270.00
3269.00
3267.50
3262.03
3261.00
3260.70
3262.26
3264.50
3267.50
3271.00
3275.57
3276.73
3279.50
3282.42
3286.50
3287.00
3287.00
3286.50
3285.50
3280.00
3279.00
3277.50
3277.00
3271.50
3270.50
3269.50
3268.00
3267.00
3267.00
3268.00
3269.00
3270.50
3274.50
3277.00
3278.50
3281.50
3286.50
3290.50
3291.00
3291.97
3288.04
3293.46
3299.09
3822.17
3737.28
3604.37
3521.51
3341.36
3141.96
2985.08
2857.59
2765.67
3274.59
3307.54
3298.90
3301.55
3298.38
3296.00
3296.50
3297.00
3299.61
3301.93
3301.16
3306.43
3308.09
3309.79
3312.75
3324.09
3326.00
3326.50
3330.62
3335.00
3336.00
3336.00
3336.50
3337.00
3337.50
3338.50
3338.00
3339.00
3339.00
3340.00
3341.00
3344.00
3344.50
3344.50
3344.50
3344.54
3346.00
3350.42
3364.21
3368.24
3371.50
3378.65
3379.62
3380.50
3382.00
3386.38
3391.14
3394.00
3387.80
3382.50
3376.50
3370.00
3370.50
3369.50
3368.50
3369.00
3366.98
3360.00
3354.61
3354.50
3355.00
3356.50
3358.00
3359.00
3359.00
3359.50
3360.00
3360.00
3359.00
3354.50
3351.00
3349.00
3345.50
3339.50
3340.00
3333.50
3329.10
3330.17
3331.77
3330.62
3329.14
3333.51
3337.00
3337.00
3338.00
3339.50
3340.50
3340.50
3340.50
3338.50
3331.06
3330.58
3328.96
3327.50
3324.50
3323.93
3324.81
3319.90
3310.00
3309.00
3311.00
3312.00
3316.50
3319.00
3321.50
3328.73
3334.50
3340.24
3341.93
3347.49
3398.15
3358.00
3360.00
3382.06
3414.00
3374.50
3345.86
3383.50
3384.50
3310.07
3391.50
3393.00
3394.00
3397.43
3398.95
3401.50
3403.50
3403.50
3403.50
3403.00
3401.00
3400.00
3398.00
3480.43
3391.00
3390.00
3385.00
3383.00
3382.00
3381.13
3379.59
3378.00
3378.12
3378.00
3377.50
3378.50
3381.00
3385.00
3383.76
3384.80
3385.50
3386.00
3387.22
3391.72
3393.50
3398.00
3401.00
3405.00
3406.50
3410.50
3412.00
3414.00
3415.00
3416.50
3417.00
3418.00
3420.50
3424.00
3424.50
3424.50
3425.50
3425.00
3424.50
3424.50
3421.00
3419.50
3419.00
3417.03
3421.82
3425.60
3421.73
3425.80
3393.79
3427.80
3400.04
3431.00
3439.00
3445.16
3450.50
3451.50
3451.50
3452.50
3452.50
3453.50
3457.50
3461.00
3467.00
3468.50
3469.00
3470.00
3470.00
3471.00
3471.00
3473.00
3475.00
3478.50
3480.50
3480.00
3478.50
3475.50
3474.00
3473.00
3469.50
3464.50
3463.00
3452.75
3447.69
3439.64
3428.67
3422.34
3421.50
3419.50
3411.91
3404.50
3401.00
3397.50
3396.00
3395.50
3396.50
3396.50
3397.00
3398.00
3399.00
3400.50
3402.50
3463.70
3401.50
3401.00
3399.00
3396.00
3394.00
3393.50
3385.16
3381.28
3378.14
3372.86
3378.83
3371.15
3367.00
3332.85
3337.59
3387.22
3387.98
3391.85
3394.18
3396.02
3397.57
3401.78
3403.06
3407.00
3409.50
3411.50
3413.00
3416.00
3417.00
3418.00
3419.50
3428.60
3433.35
3434.97
3427.75
3395.73
3363.32
3388.86
3361.96
3358.21
3371.54
3387.61
3363.23
3345.89
3381.55
3407.50
3409.00
3407.00
3405.50
3404.00
3401.50
3402.00
3401.50
3286.82
3381.78
3360.09
3149.19
3060.18
3070.79
3327.19
3321.13
3316.48
3316.09
3317.98
3315.00
3310.36
3304.00
3302.00
3291.90
3289.04
3286.20
3263.00
3282.39
3282.00
3278.00
3276.00
3267.58
3263.50
3259.50
3257.50
3258.50
3266.72
3278.58
3283.42
3286.87
3283.81
3287.29
3287.48
3291.50
3297.00
3304.33
3317.00
3317.00
3317.00
3315.00
3311.50
3306.00
3300.50
3295.04
3291.85
3286.29
3284.00
3282.00
3277.00
3206.95
3272.40
3270.63
3270.36
3272.74
3274.50
3273.71
3275.00
3276.00
3276.50
3279.50
3282.50
3283.50
3297.43
3299.28
3299.91
3301.37
3301.95
3282.11
3284.34
3304.90
3283.15
3304.69
3258.00
3234.43
3335.50
3336.00
3336.00
3336.50
3336.50
3336.50
3336.50
3320.38
3294.00
3294.50
3302.33
3305.00
3306.59
3312.90
3314.39
3308.80
3302.50
3313.70
3316.38
3317.00
3317.41
3310.59
3310.20
3320.05
3321.70
3322.47
3324.60
3327.07
3329.47
3336.00
3336.00
3335.00
3333.50
3333.00
3332.50
3332.00
3331.50
3331.50
3332.50
3333.50
3334.00
3334.50
3334.50
3335.00
3335.50
3336.00
3336.00
3336.00
3336.50
3336.00
3336.00
3334.75
3335.00
3317.77
3328.91
3307.35
3284.59
3262.23
3251.52
3241.50
3241.00
3239.19
3239.00
3322.61
3321.65
3306.09
3299.24
3253.71
3255.42
3257.20
3263.34
3271.53
3280.00
3288.00
3305.16
3239.50
3300.50
3301.50
3306.66
3310.72
3313.26
3314.60
3317.82
3318.65
3319.32
3319.89
3319.00
3318.50
3318.00
3318.00
3317.00
3317.00
3317.00
3316.50
3314.40
3313.32
3315.00
3314.50
3314.50
3314.00
3313.50
3313.00
3312.50
3311.00
3269.73
3302.00
3300.50
3299.50
3298.50
3297.50
3297.50
3297.50
3297.50
3297.50
3297.50
3297.00
3295.00
3294.50
3295.00
3294.50
3294.00
3294.00
3293.50
3293.50
3293.50
3293.50
3293.00
3293.00
3293.00
3293.50
3294.82
3295.23
3294.72
3294.54
3293.94
3297.00
3299.35
3306.83
3317.91
3319.00
3320.55
3321.17
3318.62
3323.30
3328.48
3333.50
3334.50
3340.00
3340.50
3271.15
3341.50
3343.00
3346.00
3350.00
3350.00
3350.00
3350.50
3350.00
3347.00
3344.89
3337.64
3327.38
3319.38
3317.22
3315.65
3315.65
3311.77
3310.50
3302.08
3292.00
3287.50
3276.50
3275.29
3276.50
3270.88
3270.23
3279.50
3282.75
3285.57
3288.00
3285.98
3287.82
3288.50
3291.50
3297.50
3305.50
3317.46
3324.50
3327.00
3328.50
3332.69
3333.00
3334.00
3336.50
3337.50
3338.50
3337.26
3334.39
3328.09
3327.14
3326.60
3325.76
3323.13
3319.85
3311.93
3307.50
3308.00
3307.50
3307.00
3306.50
3305.50
3305.50
3305.50
3306.00
3386.25
3304.00
3303.50
3373.68
3304.00
3302.50
3302.23
3390.04
3384.65
3614.65
3486.66
3309.17
3127.45
3037.55
3017.19
3278.50
3307.00
3307.00
3308.00
3308.00
3308.50
3308.00
3308.00
3307.50
3307.50
3310.50
3312.06
3313.10
3313.10
3311.77
3309.89
3307.30
3308.85
3303.50
3298.50
3294.00
3291.00
3289.78
3290.47
3288.00
3286.50
3286.00
3283.50
3275.53
3273.50
3273.50
3273.50
3274.00
3277.00
3280.50
3282.50
3287.00
3289.50
3295.50
3297.50
3298.50
3297.50
3293.50
3291.50
3292.00
3292.00
3291.50
3337.40
3291.00
3290.00
3284.50
3284.50
3283.45
3285.50
3287.50
3296.00
3301.00
3303.50
3303.50
3311.81
3305.00
3306.00
3338.44
3350.29
3360.74
3367.42
3357.16
3364.32
3375.93
3383.05
3395.44
3397.00
3398.00
3398.00
3393.55
3392.90
3395.70
3396.34
3394.64
3391.76
3393.66
3393.49
3398.00
3397.00
3395.03
3391.39
3387.19
3381.05
3380.00
3379.00
3379.50
3378.22
3374.06
3367.68
3361.50
3360.50
3360.00
3364.00
3366.50
3369.00
3369.50
3368.50
3367.00
3362.50
3362.50
3361.50
3360.50
3356.00
3355.50
3354.46
3354.50
3353.50
3346.00
3342.59
3341.50
3337.50
3336.00
3335.50
3335.00
3334.00
3333.50
3333.00
3333.50
3335.05
3338.00
3339.00
3341.00
3342.00
3342.50
3343.50
3343.50
3344.50
3344.00
3343.00
3343.00
3342.00
3342.50
3342.00
3342.00
3343.50
3349.00
3350.50
3350.50
3352.00
3356.00
3360.50
3362.50
3363.50
3363.50
3363.00
3363.50
3364.97
3371.05
3371.67
3373.65
3374.35
3367.76
3378.00
3378.50
3379.49
3380.86
3382.21
3386.50
3411.00
3412.50
3413.50
3405.50
3404.50
3396.89
3395.00
3395.00
3394.50
3393.00
3388.50
3385.50
3383.50
3383.50
3383.00
3384.00
3384.00
3384.50
3381.50
3379.50
3378.00
3376.36
3377.73
3377.91
3379.98
3383.06
3386.06
3390.56
3393.50
3394.17
3398.50
3402.50
3407.50
3410.37
3418.50
3419.50
3419.50
3419.00
3416.50
3416.50
3416.00
3415.50
3415.50
3415.50
3415.50
3415.36
3418.00
3419.50
3422.50
3427.00
3320.56
3433.50
3435.00
3436.00
3438.50
3440.50
3442.20
3443.47
3443.50
3444.00
3444.50
3445.00
3446.00
3448.00
3450.00
3452.00
3453.00
3454.50
3455.50
3458.00
3459.50
3464.19
3471.00
3475.00
3476.00
3477.50
3478.05
3479.66
3482.20
3482.20
3482.59
3478.76
3474.85
3469.50
3468.50
3466.00
3464.93
3459.00
3453.69
3447.86
3439.50
3437.00
3426.50
3423.50
3417.50
3417.00
3413.00
3408.00
3407.50
3406.50
3406.00
3405.00
3405.00
3405.00
3406.00
3407.00
3408.00
3409.50
3410.50
3411.00
3411.00
3410.50
3410.50
3410.50
3411.00
3414.00
3415.50
3416.50
3420.09
3421.10
3423.50
3424.00
3427.50
3428.50
3428.50
3426.50
3424.24
3424.21
3421.00
3421.00
3421.50
3420.00
3422.50
3419.60
3399.21
3401.04
3429.14
3429.50
3431.00
3430.45
3430.77
3431.50
3430.60
3431.12
3432.00
3432.00
3435.52
3437.50
3438.00
3438.00
3435.19
3434.17
3434.41
3434.25
3430.03
3428.72
3422.13
3406.33
3394.81
3385.54
3379.24
3377.32
3370.04
3368.50
3368.50
3368.00
3366.00
3361.50
3360.00
3359.00
3355.50
3353.50
3352.50
3286.58
3351.00
3350.50
3350.00
3350.50
3352.00
3354.00
3356.00
3357.50
3360.76
3364.00
3364.50
3364.00
3356.50
3350.19
3349.59
3352.00
3348.51
3349.58
3347.31
3345.41
3342.50
3337.00
3329.91
3323.00
3322.00
3321.50
3321.50
3321.50
3321.50
3321.50
3322.50
3322.64
3324.00
3324.00
3325.00
3325.00
3326.05
3329.50
3330.00
3476.82
3330.00
3330.00
3330.86
3334.00
3334.50
3335.50
3336.50
3336.50
3337.50
3337.50
3337.50
3337.00
3336.50
3336.50
3335.50
3335.50
3336.00
3337.00
3338.00
3340.00
3341.50
3343.00
3342.50
3341.00
3340.50
3340.50
3340.50
3338.70
3336.92
3339.00
3332.97
3326.71
3324.57
3324.95
3318.36
3320.68
3324.44
3331.00
3337.50
3342.44
3348.00
3349.00
3351.00
3354.12
3359.54
3358.51
3364.38
3370.48
3372.46
3372.18
3371.67
3371.15
3370.83
3370.50
3371.00
3370.50
3370.50
3370.50
3369.43
3366.89
3360.84
3355.60
3345.78
3338.40
3336.00
3328.83
3326.46
3318.38
3313.13
3297.50
3288.59
3280.50
3272.50
3271.00
3271.00
3271.62
3273.03
3274.68
3277.50
3278.00
3275.50
3278.47
3282.50
3285.50
3289.00
3290.00
3290.50
3290.50
3291.00
3291.00
3290.00
3288.50
3286.00
3285.50
3278.98
3274.28
3269.00
3267.50
3265.50
3263.00
3261.00
3256.50
3251.00
3247.00
3246.50
3246.00
3245.50
3244.65
3243.79
3244.33
3244.45
3244.96
3247.36
3255.00
3255.50
3256.00
3253.50
3251.00
3251.00
3246.50
3242.00
3239.50
3238.00
3237.00
3236.50
3236.00
3235.50
3235.50
3234.50
3234.50
3234.50
3234.50
3234.00
3234.00
3234.00
3234.00
3234.50
3235.50
3235.50
3237.50
3240.00
3241.00
3252.08
3255.75
3253.53
3257.73
3250.26
3249.50
3265.95
3271.00
3273.00
3273.50
3274.00
3273.50
3271.50
3270.00
3260.50
3256.00
3251.50
3247.50
3246.50
3244.59
3242.64
3240.74
3240.00
3229.00
3224.62
3215.50
3211.50
3210.50
3210.50
3214.00
3219.00
3220.50
3221.00
3221.50
3223.00
3223.50
3223.50
3223.50
3224.00
3224.50
3225.00
3225.00
3225.00
3223.50
3222.50
3222.00
3222.00
3222.50
3228.00
3230.00
3231.00
3232.00
3232.50
3232.50
3232.50
3232.50
3232.00
3231.50
3230.50
3230.00
3229.00
3229.00
3229.00
3229.00
3229.50
3230.50
3231.00
3231.00
3231.50
3231.50
3232.50
3230.46
3229.50
3233.47
3447.07
3415.67
3186.03
2918.21
2653.18
2493.36
2811.27
3204.67
3236.50
3130.57
3110.34
3238.50
3231.08
3252.98
3254.06
3254.58
3259.00
3259.00
3257.50
3257.50
3254.55
3251.57
3250.41
3245.32
3220.58
3243.94
3243.00
3244.00
3216.60
3216.51
3245.50
3247.22
3260.50
3267.50
3267.00
3264.11
3264.50
3270.32
3285.45
3289.58
3279.78
3293.74
3294.12
3301.55
3301.59
3333.71
3338.30
3363.51
3328.88
3320.40
3314.00
3290.16
3290.50
3283.50
3276.04
3264.00
3264.00
3263.00
3255.07
3245.00
3245.00
3244.50
3244.00
3242.00
3241.50
3241.50
3241.00
3211.18
3217.96
3200.61
3255.59
3261.87
3266.20
3267.60
3270.11
3279.32
3284.17
3288.88
3294.50
3295.50
3299.00
3298.00
3296.50
3295.50
3295.00
3296.50
3310.02
3312.90
3315.82
3320.00
3321.01
3322.04
3322.55
3324.64
3329.31
3335.36
3344.00
3341.96
3337.00
3332.50
3327.50
3320.00
3317.00
3312.00
3304.33
3302.77
3301.61
3299.00
3296.50
3290.00
3288.00
3287.50
3286.50
3287.00
3287.50
3288.00
3288.00
3288.50
3288.50
3288.50
3289.50
3290.50
3293.50
3294.50
3295.50
3297.00
3298.00
3298.50
3301.50
3307.52
3325.34
3330.21
3331.50
3337.19
3339.04
3340.42
3347.50
3349.72
3361.88
3372.22
3375.50
3426.35
3375.00
3372.50
3371.50
3368.20
3355.35
3345.50
3343.42
3341.14
3333.21
3329.54
3284.33
3304.84
3329.66
3338.49
3346.22
3355.74
3360.09
3359.33
3367.66
3374.07
3377.73
3383.50
3388.50
3394.00
3390.17
3394.00
3363.72
3391.50
3390.50
3388.00
3384.50
3383.00
3380.50
3344.48
3379.00
3379.00
3379.00
3379.00
3379.50
3380.50
3380.50
3381.50
3383.50
3385.50
3386.50
3391.00
3395.00
3399.23
3402.68
3406.40
3410.50
3412.00
3412.50
3415.50
3419.00
3420.50
3421.00
3420.50
3421.00
3420.00
3419.50
3419.50
3416.50
3416.00
3416.00
3416.00
3415.00
3414.50
3413.50
3413.00
3411.50
3411.00
3408.50
3408.00
3408.00
3407.00
3406.50
3406.50
3410.00
3413.00
3418.00
3419.00
3421.00
3421.50
3421.50
3421.50
3421.50
3421.00
3422.00
3421.50
3421.50
3421.00
3421.00
3420.00
3419.50
3420.00
3420.50
3423.00
3426.50
3428.00
3429.50
3432.55
3437.62
3444.24
3446.87
3446.64
3450.82
3452.43
3453.60
3455.59
3460.00
3424.88
3460.50
3424.88
3460.00
3460.50
3459.50
3458.50
3453.50
3505.36
3438.50
3436.00
3430.50
3428.00
3426.24
3424.40
3424.50
3422.50
3416.50
3415.50
3411.50
3408.50
3406.00
3404.50
3404.50
3404.00
3403.00
3402.00
3401.00
3400.50
3399.50
3400.50
3401.50
3402.00
3400.00
3400.00
3397.74
3396.52
3392.39
3390.28
3385.70
3384.64
3385.50
3385.95
3388.86
3390.90
3395.00
3392.00
3397.88
3338.64
3365.18
3406.50
3408.50
3408.00
3406.50
3406.00
3405.00
3405.00
3404.77
3402.07
3398.94
3398.63
3398.00
3398.50
3399.00
3400.87
3400.35
3401.09
3394.50
3391.32
3384.48
3382.92
3381.00
3378.00
3375.00
3371.50
3362.63
3331.08
3313.77
3335.12
3333.83
3332.96
3331.74
3330.89
3326.54
3324.98
3315.44
3313.00
3313.50
3314.00
3316.00
3317.00
3316.35
3314.50
3267.69
3318.00
3319.00
3283.85
3320.50
3322.50
3323.50
3325.00
3327.00
3335.50
3347.37
3350.00
3351.50
3352.50
3353.50
3354.00
3353.00
3352.50
3352.00
3352.00
3352.00
3351.50
3351.00
3351.00
3351.00
3350.50
3349.00
3348.50
3347.50
3347.00
3345.50
3343.00
3335.26
3332.18
3329.13
3327.24
3325.00
3324.00
3327.50
3329.50
3330.50
3334.58
3338.58
3340.77
3345.00
3346.50
3350.00
3355.00
3361.50
3362.50
3362.50
3363.50
3363.00
3358.94
3355.50
3352.50
3337.04
3326.63
3320.90
3319.50
3312.37
3308.73
3299.00
3294.00
3291.61
3283.50
3278.50
3277.50
3277.50
3279.00
3289.92
3292.50
3294.00
3296.50
3298.07
3299.66
3298.50
3299.00
3300.58
3301.58
3301.56
3298.24
3296.50
3296.00
3296.00
3292.50
3288.16
3281.50
3281.50
3285.00
3290.00
3293.00
3293.50
3293.50
3293.50
3294.00
3294.50
3295.00
3296.00
3295.50
3290.00
3289.50
3286.50
3285.00
3282.50
3281.50
3280.50
3280.00
3278.00
3277.00
3274.92
3275.91
3280.97
3284.00
3284.00
3285.00
3286.00
3290.00
3292.50
3293.50
3296.00
3297.50
3303.50
3305.50
3306.50
3307.00
3308.50
3309.50
3311.10
3310.79
3313.38
3313.97
3311.72
3308.00
3309.88
3306.50
3305.00
3299.00
3294.50
3293.00
3291.00
3288.50
3257.36
3287.50
3287.50
3285.50
3284.00
3281.00
3280.00
3279.50
3280.00
3280.00
3280.00
3280.00
3279.50
3279.00
3279.00
3278.50
3274.62
3276.72
3278.00
3278.50
3274.24
3277.80
3282.85
3285.50
3285.50
3280.87
3285.18
3289.03
3290.71
3294.84
3291.84
3295.08
3294.09
3287.05
3296.11
3310.49
3326.50
3327.00
3326.50
3327.00
3327.00
3327.00
3326.50
3324.50
3322.00
3320.00
3317.00
3316.00
3316.00
3314.50
3313.50
3312.00
3310.00
3310.50
3311.50
3316.00
3319.00
3320.50
3321.50
3323.00
3322.93
3318.50
3309.40
3304.56
3301.31
3296.10
3287.00
3282.50
3277.00
3269.56
3257.86
3248.50
3233.00
3232.00
3231.00
3224.54
3221.00
3221.00
3227.00
3230.34
3232.50
3233.00
3234.50
3233.50
3212.98
3237.50
3240.50
3247.50
3258.40
3259.50
3261.00
3265.50
3267.00
3267.50
3268.50
3269.50
3358.48
3271.00
3271.50
3271.50
3272.00
3271.00
3270.50
3270.00
3270.00
3270.00
3270.00
3270.50
3301.11
3297.10
3230.26
3214.60
3159.00
3267.54
3264.50
3264.00
3263.50
3263.00
3263.00
3262.50
3262.50
3262.50
3263.00
3263.00
3262.50
3256.00
3255.50
3255.00
3254.50
3254.50
3253.00
3253.00
3253.00
3254.00
3257.00
3262.37
3266.00
3269.46
3270.00
3268.50
3268.00
3268.00
3268.00
3268.12
3266.86
3267.13
3267.13
3268.00
3268.50
3270.00
3270.50
3271.00
3269.50
3269.00
3265.50
3257.00
3256.00
3254.00
3253.00
3253.00
3256.00
3257.00
3258.50
3260.50
3261.50
3263.50
3269.50
3271.00
3273.50
3278.50
3276.77
3265.62
3260.98
3258.44
3258.00
3258.48
3254.82
3253.00
3254.00
3261.00
3273.00
3275.00
3277.00
3278.50
3284.50
3288.00
3291.82
3292.50
3298.00
3310.50
3311.00
3310.86
3307.97
3306.50
3306.00
3305.50
3305.50
3305.50
3305.00
3305.00
3305.00
3305.00
3304.00
3301.50
3301.00
3300.50
3300.50
3300.00
3298.00
3295.00
3291.50
3291.00
3291.00
3291.50
3292.00
3292.50
3294.00
3294.50
3297.50
3300.00
3301.00
3301.50
3302.00
3302.50
3303.00
3303.50
3303.50
3303.00
3303.00
3302.50
3301.50
3298.50
3293.50
3291.50
3290.00
3289.00
3288.50
3287.50
3288.00
3291.50
3292.05
3289.65
3289.00
3289.50
3290.00
3298.41
3303.87
3307.22
3340.32
3351.50
3353.50
3354.50
3356.43
3360.64
3364.00
3366.00
3386.40
3378.00
3384.00
3386.00
3275.48
3386.00
3345.61
3345.71
3376.00
3373.50
3372.00
3371.00
3370.50
3369.50
3368.00
3366.50
3361.50
3359.00
3358.00
3357.50
3358.00
3348.71
3340.04
3335.83
3332.50
3333.38
3335.39
3336.45
3340.00
3347.39
3358.69
3363.57
3371.07
3372.45
3376.55
3380.64
3389.27
3395.30
3401.72
3404.00
3404.00
3404.00
3402.00
3399.50
3398.50
3397.50
3398.00
3398.00
3399.50
3400.00
3401.50
3408.50
3415.50
3417.50
3420.00
3424.00
3423.93
3428.50
3428.71
3431.81
3435.00
3440.50
3445.00
3446.00
3445.00
3445.00
3444.00
3443.50
3446.50
3449.00
3450.00
3450.50
3451.50
3452.00
3454.00
3456.77
3460.00
3460.00
3460.00
3459.50
3459.00
3460.00
3460.00
3464.00
3468.00
3470.12
3475.37
3477.90
3461.97
3473.33
3476.05
3493.54
3497.00
3498.50
3498.50
3498.00
3497.00
3497.50
3497.50
3497.50
3497.50
3497.50
3497.45
3497.85
3497.15
3496.40
3496.50
3496.50
3496.00
3496.00
3496.50
3497.00
3498.05
3499.09
3501.87
3506.22
3511.20
3522.00
3527.00
3530.50
3533.50
3533.50
3534.00
3534.50
3532.50
3532.19
3533.32
3532.81
3527.61
3526.53
3526.00
3519.03
3512.12
3508.75
3506.88
3504.00
3503.50
3502.54
3502.00
3501.00
3495.00
3492.00
3491.50
3492.50
3493.50
3494.00
3495.00
3495.50
3495.50
3495.50
3494.00
3492.44
3495.19
3491.00
3492.96
3493.25
3487.76
3485.00
3480.00
3480.16
3481.00
3479.28
3479.40
3474.87
3473.41
3475.50
3433.59
3480.00
3482.00
3483.00
3484.50
3485.00
3485.50
3485.00
3486.00
3487.00
3487.50
3489.50
3490.00
3490.50
3492.00
3495.00
3497.00
3500.83
3500.88
3497.50
3495.50
3497.16
3494.50
3492.74
3492.50
3484.28
3468.25
3471.25
3437.51
3411.16
3434.66
3400.50
3351.17
3399.00
3334.83
3331.50
3398.50
3317.67
3399.50
3399.50
3400.00
3401.00
3402.00
3404.00
3404.00
3404.00
3403.50
3403.50
3402.10
3397.75
3396.80
3395.83
3393.53
3392.50
3391.50
3391.50
3394.47
3396.63
3403.00
3404.00
3407.00
3407.00
3407.00
3406.00
3402.97
3399.23
3394.19
3396.40
3394.27
3386.26
3325.16
3262.07
3384.50
3385.50
3332.17
3386.50
3387.50
3388.56
3389.10
3391.11
3392.57
3394.21
3394.57
3392.47
3391.00
3391.50
3383.50
3386.44
3381.52
3392.50
3393.50
3393.00
3393.50
3396.50
3396.50
3396.00
3395.00
3390.50
3392.00
3389.39
3388.31
3393.31
3386.71
3376.74
3369.50
3486.45
3359.82
3353.00
3348.50
3347.50
3346.50
3349.00
3351.79
3335.69
3365.67
3369.00
3370.00
3371.50
3375.33
3379.72
3388.31
3391.00
3390.00
3388.37
3386.00
3383.00
3376.48
3373.50
3371.50
3370.28
3364.00
3358.86
3358.02
3343.98
3338.70
3335.00
3333.00
3333.00
3333.50
3334.00
3334.00
3331.50
3330.52
3330.50
3330.00
3329.50
3329.50
3329.50
3330.00
3329.37
3335.13
3347.70
3354.46
3361.02
3366.79
3377.36
3382.37
3394.75
3397.39
3403.50
3405.00
3404.50
3404.64
3405.50
3402.70
3401.08
3393.80
3383.94
3383.89
3386.05
3364.90
3354.71
3345.50
3342.54
3340.00
3338.50
3330.38
3327.04
3324.50
3363.14
3319.52
3313.50
3308.78
3300.50
3298.50
3297.50
3298.00
3298.50
3300.50
3301.50
3302.50
3304.50
3305.00
3306.00
3307.50
3309.00
3308.50
3306.50
3302.00
3300.50
3299.00
3294.00
3289.00
3288.50
3288.50
3288.50
3289.00
3290.00
3290.00
3290.50
3291.50
3295.00
3296.50
3296.00
3294.50
3291.50
3289.50
3288.50
3288.00
3288.00
3287.00
3286.50
3286.50
3286.50
3287.50
3287.50
3287.69
3293.00
3295.00
3296.00
3297.50
3297.50
3302.16
3303.77
3315.40
3317.51
3320.18
3324.16
3325.50
3322.93
3319.00
3297.60
3313.36
3305.55
3298.00
3290.50
3280.55
3272.30
3267.00
3267.00
3264.50
3024.52
3131.23
3265.50
3266.50
3267.00
3267.00
3268.00
3267.50
3270.50
3276.00
3277.50
3280.50
3281.00
3282.00
3282.50
3283.36
3287.00
3286.50
3285.00
3283.50
3284.00
3282.43
3281.00
3279.94
3280.33
3281.85
3283.86
3283.91
3285.95
3287.50
3289.50
3294.00
3295.00
3296.00
3438.36
3554.41
3455.30
3262.68
3223.77
2953.54
2776.88
3013.03
3180.65
3265.00
3263.00
3263.00
3263.00
3263.00
3263.50
3263.50
3263.50
3263.50
3263.00
3259.50
3258.50
3258.00
3258.00
3258.50
3260.00
3261.02
3263.00
3265.50
3268.11
3276.39
3285.97
3298.00
3288.36
3308.50
3312.00
3313.00
3313.00
3312.00
3308.50
3303.50
3298.72
3292.66
3219.31
3213.19
3279.55
3271.79
3267.43
3266.00
3265.00
3264.00
3265.50
3268.00
3273.00
3280.68
3285.76
3288.31
3291.66
3292.50
3295.50
3297.50
3299.76
3303.50
3300.50
3296.00
3296.00
3219.10
3257.88
3292.00
3288.50
3282.00
3278.50
3277.50
3277.00
3287.00
3288.50
3288.78
3290.10
3334.19
3294.00
3218.29
3300.13
3255.23
3243.17
3251.47
3326.00
3327.00
3327.50
3343.25
3345.00
3349.00
3349.50
3351.28
3354.00
3354.00
3352.00
3350.50
3347.50
3341.50
3338.00
3330.00
3326.85
3319.68
3314.83
3313.33
3310.50
3310.50
3310.00
3310.50
3310.50
3311.50
3311.50
3310.50
3309.50
3308.00
3307.50
3307.50
3307.50
3306.00
3306.00
3306.00
3306.00
3306.62
3306.50
3307.00
3315.90
3315.90
3325.82
3330.49
3336.97
3346.50
3347.50
3301.76
3352.50
3485.24
3356.50
3357.50
3359.00
3362.00
3366.00
3372.93
3376.50
3376.50
3376.50
3377.00
3376.00
3375.50
3375.00
3374.50
3374.00
3374.00
3374.00
3374.50
3375.50
3376.50
3380.50
3384.00
3385.00
3386.00
3387.00
3387.88
3388.00
3343.62
3371.05
3376.16
3378.43
3408.11
3429.14
3431.53
3449.32
3450.33
3449.11
3451.22
3457.95
3456.69
3460.00
3460.00
3460.00
3459.50
3458.50
3458.50
3460.62
3465.17
3466.00
3471.00
3472.62
3471.82
3479.07
3486.71
3499.43
3159.54
3306.38
3479.53
3387.14
3407.12
3497.26
3543.00
3548.77
3555.36
3556.39
3537.43
3559.50
3560.00
3560.50
3559.50
3559.50
3557.50
3558.00
3559.84
3563.00
3564.53
3566.50
3568.50
3572.98
3565.43
3588.00
3595.45
3093.39
3086.88
3040.71
3579.85
3580.51
3605.79
3496.94
3481.33
3549.24
3483.24
3517.00
3533.62
3439.93
3629.63
3492.47
3597.73
3583.02
3528.31
3655.59
3683.00
3686.15
3725.12
3716.55
3659.19
3573.36
3569.80
3713.00
3619.96
3669.49
3434.96
3731.00
3736.00
3740.50
3743.15
3719.22
3715.28
3732.65
3795.58
3783.27
3798.50
3814.61
3820.10
3824.40
3839.51
3844.00
3853.66
3867.00
3873.95
3880.50
3818.22
3892.16
3900.50
3905.99
3914.67
3921.28
3930.77
3927.95
3904.46
3904.13
3890.42
3900.17
3868.26
3888.18
3903.91
3897.12
3928.75
3930.82
3960.50
3961.00
3924.98
3966.50
3874.84
3959.58
3989.52
3992.00
3938.59
3964.40
3976.80
3999.50
4007.88
3933.93
4039.50
3987.37
4000.18
4042.29
3767.39
3984.31
3915.81
3929.66
3961.44
3783.54
3670.12
3593.85
3782.67
3911.28
4141.68
4145.75
4149.89
4161.71
4166.50
4164.05
4093.67
4165.50
4166.50
3975.46
3693.91
4026.76
4164.50
3955.60
4163.00
4163.00
4064.30
4010.89
4168.00
4170.00
4170.50
4171.50
4172.50
4177.00
4183.50
4188.50
4188.50
4191.67
4192.17
4192.00
4192.31
4193.20
4193.00
4193.00
4191.56
4191.50
4192.00
4192.00
4191.50
4195.07
4192.12
4192.00
4192.00
4192.00
4192.00
4193.00
4194.50
4195.50
4196.50
4196.50
4196.50
4196.50
4196.50
4196.50
4196.00
4196.00
4196.00
4195.50
4193.50
4191.50
4188.50
4186.50
4189.85
4187.50
4187.00
4185.50
4184.00
4182.50
4182.50
4182.50
4182.00
4182.00
4184.00
4185.00
4182.36
4175.76
4174.81
4171.96
4175.34
4173.10
4156.15
4148.89
4109.15
4105.22
4131.00
4123.21
4104.62
4091.50
3917.95
4075.50
4070.66
4055.79
4053.83
4042.35
4032.04
4023.37
4016.85
3952.40
3919.25
3995.00
3989.00
3923.98
4023.53
4019.70
3921.53
3958.12
3949.65
3945.50
3942.66
3941.65
3933.50
3918.86
3910.96
3896.50
3894.50
3885.57
3901.29
3878.00
3877.00
3876.50
3868.10
3854.50
3849.50
3843.46
3837.47
3833.91
3830.87
3821.71
3813.30
3808.11
3762.09
3780.55
3768.59
3753.69
3749.58
3730.02
3745.34
3731.50
3717.13
3713.10
3733.17
3703.06
3698.43
3697.50
3694.25
3691.50
3685.92
3677.00
3676.00
3675.93
3674.68
3675.00
3672.78
3669.87
3667.45
3662.00
3659.36
3655.00
3649.00
3640.50
3637.50
3634.34
3631.61
3626.14
3618.31
3612.69
3606.79
3604.02
3598.00
3595.00
3591.00
3587.50
3583.40
3577.50
3576.00
3576.00
3573.93
3573.03
3574.48
3572.36
3569.93
3568.07
3573.75
3574.00
3558.87
3559.64
3551.06
3548.16
3543.14
3545.33
3532.98
3524.10
3521.70
3512.25
3488.27
3502.50
3501.00
3500.50
3500.80
3501.28
3501.74
3502.82
3504.00
3505.50
3506.50
3507.00
3507.66
3508.13
3511.75
3517.00
3517.00
3518.00
3513.42
3506.61
3500.61
3494.89
3492.56
3492.44
3486.76
3474.39
3394.01
3455.00
3317.37
3381.32
3426.00
3415.50
3406.50
3393.11
3385.50
3382.00
3379.82
3374.51
3367.54
3359.00
3355.61
3347.50
3343.00
3341.50
3340.00
3340.00
3339.50
3339.50
3342.50
3346.50
3347.00
3347.50
3348.00
3347.50
3347.50
3347.50
3337.06
3330.09
3332.09
3333.86
3329.90
3327.81
3325.47
3329.08
3331.38
3332.63
3337.67
3341.15
3342.50
3337.39
3344.50
3345.50
3348.50
3357.05
3361.50
3366.54
3372.64
3372.98
3370.67
3372.48
3373.24
3383.93
3391.17
3391.37
3389.36
3389.53
3391.00
3388.65
3385.00
3382.50
3380.00
3379.50
3377.50
3376.74
3377.50
3377.00
3377.00
3375.10
3373.50
3373.50
3373.00
3373.50
3373.50
3374.00
3374.50
3374.00
3374.50
3371.90
3375.50
3348.56
3616.18
3504.81
3465.61
3323.50
3180.76
3248.46
3312.20
3317.89
3314.65
3311.50
3297.85
3319.07
3320.11
3319.77
3298.21
3320.50
3319.22
3311.50
3313.77
3315.36
3310.50
3305.50
3301.50
3298.50
3294.50
3294.00
3295.18
3295.00
3296.50
3296.50
3297.50
3297.50
3298.00
3297.50
3297.00
3296.00
3296.50
3297.50
3299.50
3300.50
3301.50
3302.02
3300.50
3301.11
3304.50
3303.64
3301.50
3301.50
3305.00
3303.19
3303.07
3302.10
3301.50
3299.50
3298.50
3299.00
3304.00
3307.00
3308.00
3315.39
3319.00
3320.11
3330.50
3332.72
3334.00
3336.00
3340.30
3346.50
3346.50
3348.00
3347.00
3340.00
3334.00
3329.56
3327.54
3323.46
3324.51
3331.90
3343.74
3342.09
3343.99
3351.88
3353.70
3353.78
3364.84
3367.69
3370.76
3386.27
3388.00
3388.50
3387.50
3383.00
3381.00
3378.85
3375.68
3375.50
3378.00
3378.50
3379.00
3379.00
3379.00
3379.50
3378.00
3377.50
3376.00
3373.09
3371.00
3368.00
3367.00
3367.50
3368.83
3368.50
3371.51
3372.53
3372.60
3372.60
3373.21
3375.64
3382.41
3385.89
3385.50
3386.00
3386.00
3386.50
3386.50
3386.50
3385.50
3385.50
3385.00
3384.00
3383.50
3383.00
3382.50
3384.00
3387.50
3388.50
3389.50
3391.00
3392.50
3390.00
3382.31
3367.68
3372.28
3386.80
3381.31
3360.44
3387.57
3386.50
3382.50
3382.50
3385.00
3385.50
3385.50
3386.00
3386.00
3386.00
3386.00
3386.50
3387.00
3390.50
3392.00
3399.89
3397.42
3399.18
3399.40
3391.00
3393.50
3403.75
3395.43
3253.54
3332.86
3435.50
3434.50
3434.50
3436.12
3438.28
3439.32
3439.83
3441.00
3441.50
3442.50
3442.50
3444.00
3445.00
3365.11
3360.65
3360.65
3450.00
3451.00
3452.00
3456.00
3415.36
3464.00
3430.62
3467.50
3468.50
3469.50
3469.50
3471.00
3471.50
3476.50
3480.50
3481.96
3481.45
3477.14
3473.00
3357.10
3390.87
3471.00
3470.00
3468.50
3465.50
3463.50
3454.50
3449.72
3445.93
3408.88
3405.47
3441.32
3441.50
3444.58
3449.23
3458.64
3465.49
3470.08
3473.00
3477.96
3481.41
3486.38
3495.17
3465.30
3478.50
3511.60
3503.77
3462.78
3470.92
3465.52
3488.17
3492.21
3493.05
3481.35
3477.38
3504.60
3503.89
3499.63
3441.53
3443.48
3489.50
3487.00
3486.00
3481.50
3480.00
3478.50
3424.48
3467.50
3424.84
3420.67
3408.52
3453.00
3448.00
3445.00
3441.33
3438.52
3440.00
3439.50
3437.86
3435.17
3435.00
3435.00
3435.00
3436.00
3436.00
3436.50
3436.50
3434.50
3433.50
3433.00
3432.50
3432.00
3433.00
3438.49
3443.44
3441.81
3446.96
3451.29
3442.91
3456.85
3459.31
3465.00
3465.00
3464.00
3463.00
3462.50
3683.81
3460.67
3469.92
3313.91
3215.17
3179.02
3115.99
3437.63
3438.00
3437.00
3435.50
3432.50
3432.00
3430.50
3425.50
3422.00
3420.50
3419.50
3419.00
3418.50
3372.28
3415.50
3409.00
3407.00
3405.50
3405.00
3403.25
3397.76
3382.70
3375.57
3375.00
3373.78
3364.37
3359.85
3351.68
3333.29
3330.00
3319.34
3314.48
3309.00
3308.91
3307.30
3307.90
3315.50
3329.00
3335.18
3338.86
3339.58
3339.63
3342.52
3343.53
3354.45
3364.00
3369.00
3368.33
3369.50
3368.50
3365.50
3363.00
3360.00
3358.00
3357.00
3356.50
3356.50
3355.50
3353.50
3353.00
3351.00
3348.77
3346.50
3349.50
3354.00
3354.00
3359.75
3361.04
3366.15
3367.74
3369.21
3370.97
3371.49
3368.28
3363.40
3367.29
3369.06
3367.67
3362.04
3360.50
3358.50
3354.00
3351.50
3351.00
3351.50
3351.50
3351.00
3351.00
3351.00
3350.50
3349.50
3350.50
3351.50
3351.00
3350.50
3350.00
3350.50
3352.00
3352.00
3351.00
3350.50
3350.50
3351.50
3351.50
3351.00
3350.00
3349.00
3349.00
3349.00
3349.50
3350.00
3352.50
3354.50
3355.50
3356.00
3355.50
3356.00
3356.50
3356.50
3358.02
3359.00
3355.61
3351.88
3353.28
3343.33
3342.13
3336.03
3329.83
3323.00
3312.24
3303.36
3291.58
3263.43
3244.37
3263.98
3285.22
3286.42
3259.11
3293.96
3291.00
3297.89
3300.50
3300.50
3306.00
3311.00
3314.50
3314.50
3324.00
3328.00
3328.50
3329.50
3330.50
3331.50
3331.50
3331.50
3331.50
3331.00
3330.50
3330.50
3330.00
3327.00
3320.50
3317.50
3315.50
3314.50
3314.97
3316.00
3315.94
3312.00
3278.60
3278.11
3309.50
3314.50
3317.00
3320.57
3322.65
3325.00
3326.50
3329.00
3330.00
3334.00
3334.50
3335.00
3337.00
3293.35
3339.00
3303.03
3310.22
3314.36
3349.03
3350.50
3317.23
3312.69
3356.50
3316.24
3315.27
3353.50
3352.00
3351.50
3317.35
3313.44
3334.34
3331.53
3293.25
3324.50
3323.50
3326.66
3285.08
3271.07
3276.33
3265.48
3264.00
3264.00
3271.10
3277.86
3305.50
3280.72
3278.67
3303.91
3302.00
3299.26
3299.50
3297.50
3255.03
3287.00
3249.77
3288.50
3244.97
3288.50
3239.00
3291.50
3237.40
3292.00
3243.68
3294.00
3294.50
3254.39
3298.00
3263.22
3272.74
3306.50
3311.13
3312.00
3314.24
3315.00
3316.00
3317.07
3280.11
3281.67
3319.50
3271.03
3318.00
3318.50
3319.50
3274.79
3277.69
3332.50
3334.50
3336.50
3337.00
3337.50
3338.50
3340.00
3341.00
3342.50
3342.00
3343.00
3342.50
3341.00
3334.15
3326.74
3322.95
3322.15
3321.00
3318.35
3316.00
3314.50
3313.19
3308.28
3304.00
3296.00
3295.00
3294.50
3294.50
3294.00
3294.00
3294.00
3293.50
3293.50
3294.00
3294.50
3297.00
3300.50
3298.50
3299.00
3299.68
3302.20
3293.50
3305.30
3384.93
3317.68
3198.65
3122.18
3062.20
3047.64
2771.10
3323.33
3323.33
3323.50
3324.67
3325.00
3319.66
3317.00
3299.42
3284.35
3259.11
3195.91
3243.80
3232.08
3224.50
3230.58
3195.17
3194.65
3255.61
3267.39
3268.41
3268.36
3267.08
3267.04
3265.91
3261.50
3261.00
3260.50
3260.50
3262.59
3268.77
3274.19
3274.50
3275.00
3276.00
3277.41
3277.50
3280.00
3281.00
3281.00
3280.50
3279.92
3278.78
3277.50
3276.50
3274.50
3272.50
3271.50
3271.09
3269.50
3269.50
3268.50
3268.50
3268.00
3268.50
3275.08
3276.50
3277.50
3278.00
3278.00
3279.50
3282.00
3290.41
3293.50
3295.50
3297.94
3301.00
3301.03
3302.50
3301.53
3303.50
3297.97
3296.00
3297.78
3295.50
3293.11
3286.11
3278.00
3276.35
3279.52
3259.50
3199.64
3250.00
3161.11
3197.40
3226.48
3202.16
3159.41
3388.18
3234.00
3231.00
3181.38
3208.45
3214.90
3193.42
3243.04
3243.04
3243.52
3244.02
3221.25
3246.00
3250.00
3251.50
3253.00
3252.50
3252.82
3255.64
3256.50
3260.50
3262.00
3263.00
3264.00
3264.50
3273.00
3277.50
3278.50
3279.00
3278.00
3278.00
3278.00
3277.50
3277.00
3277.00
3277.00
3277.38
3277.23
3277.30
3277.30
3278.00
3278.50
3278.50
3273.95
3273.83
3278.00
3273.07
3261.54
3263.50
3261.39
3261.11
3264.48
3270.14
3274.33
3274.36
3281.84
3286.31
3292.33
3294.00
3282.88
3294.10
3301.00
3304.09
3309.06
3317.84
3319.66
3320.17
3320.68
3321.70
3323.24
3325.29
3330.95
3336.00
3296.04
3296.35
3335.50
3334.50
3332.50
3333.00
3333.50
3334.62
3336.50
3340.50
3344.00
3349.84
3359.50
3362.50
3371.00
3380.61
3374.60
3349.19
3393.54
3368.10
3407.50
3410.54
3419.96
3421.50
3427.00
3434.50
3434.00
3394.72
3429.50
3428.00
3427.00
3422.46
3415.72
3414.47
3405.50
3399.00
3332.01
3357.25
3357.08
3353.35
3377.50
3341.70
3331.86
3331.86
3334.34
3373.00
3376.50
3213.96
3245.57
3311.31
3313.77
3326.94
3397.50
3407.06
3411.00
3412.00
3414.12
3413.50
3415.00
3417.50
3419.50
3423.97
3433.00
3433.50
3334.93
3334.93
3341.62
3341.62
3436.67
3437.50
3437.50
3437.50
3369.95
3438.00
3437.00
3435.50
3387.94
3426.00
3395.06
3425.35
3394.96
3423.00
3421.50
3420.50
3412.00
3411.50
3412.00
3415.00
3417.50
3419.50
3422.00
3424.00
3427.50
3429.50
3432.50
3434.50
3442.27
3446.29
3447.00
3447.00
3447.50
3447.00
3446.00
3441.50
3438.50
3438.00
3437.50
3434.50
3428.50
3421.50
3419.00
3417.50
3415.50
3415.00
3415.00
3415.00
3416.00
3418.00
3422.50
3422.50
3426.00
3427.50
3428.00
3427.00
3426.50
3427.00
3429.00
3429.50
3429.50
3430.00
3430.50
3431.50
3431.85
3432.55
3433.50
3437.82
3435.09
3431.00
3430.50
3429.00
3428.00
3429.00
3429.00
3428.50
3428.50
3425.50
3425.00
3424.50
3422.50
3419.00
3418.50
3418.50
3411.92
3410.20
3408.33
3403.64
3399.00
3398.41
3398.50
3400.32
3403.46
3412.30
3418.50
3414.50
3421.04
3426.50
3429.00
3430.50
3431.50
3432.50
3434.47
3434.50
3434.50
3433.50
3433.00
3431.50
3429.50
3426.50
3425.50
3425.00
3423.50
3418.54
3416.00
3415.50
3414.50
3344.33
3414.00
3336.95
3412.87
3411.00
3402.33
3400.63
3399.90
3398.30
3396.50
3393.03
3367.20
3389.00
3386.00
3379.00
3376.31
3380.19
3382.73
3383.44
3384.89
3386.00
3386.72
3389.70
3396.50
3399.50
3402.79
3407.00
3407.92
3371.54
3395.81
3394.07
3387.77
3387.46
3386.65
3382.98
3382.38
3380.24
3369.25
3361.84
3362.78
3363.86
3363.21
3364.00
3368.00
3371.00
3378.77
3385.56
3384.24
3385.91
3381.94
3378.73
3374.97
3376.83
3370.42
3363.47
3374.06
3358.20
3375.00
3345.42
3331.00
3318.00
3310.38
3304.69
3264.45
3319.27
3318.27
3294.50
3282.08
3230.59
3229.64
3228.68
3290.50
3297.00
3301.07
3302.50
3303.00
3304.00
3306.00
3308.00
3309.50
3312.50
3315.00
3316.00
3316.00
3316.50
3317.73
3317.88
3318.17
3317.83
3318.41
3316.83
3318.50
3316.50
3316.50
3316.79
3317.45
3317.68
3318.62
3318.62
3316.50
3315.50
3313.00
3310.00
3308.00
3304.00
3301.00
3298.50
3298.00
3297.00
3296.00
3296.00
3295.50
3295.00
3295.50
3295.50
3295.00
3294.00
3294.50
3294.00
3297.03
3298.50
3299.00
3300.00
3265.64
3266.62
3266.62
3301.50
3299.14
3298.21
3297.00
3297.00
3297.00
3300.00
3298.75
3301.50
3301.00
3298.57
3301.50
3301.00
3299.34
3298.76
3297.32
3301.48
3301.50
3309.73
3327.38
3324.71
3331.30
3334.00
3335.50
3337.50
3342.69
3343.72
3346.27
3346.50
3348.50
3352.50
3313.41
3358.50
3355.00
3353.00
3351.50
3403.36
3343.38
3370.81
3322.53
3316.83
3312.70
3306.71
3278.65
3271.96
3287.00
3285.50
3283.00
3301.57
3265.77
3290.00
3220.55
3244.36
3285.57
3261.04
3283.47
3310.28
3294.74
3321.50
3313.07
3330.99
3335.61
3321.92
3342.61
3359.19
3364.50
3368.50
3370.00
3369.50
3366.00
3363.00
3361.00
3360.00
3357.00
3356.50
3356.50
3355.50
3353.00
3349.00
3348.00
3341.22
3307.71
3332.50
3306.22
3331.50
3330.90
3324.86
3321.49
3320.00
3316.00
3316.00
3316.00
3315.50
3315.50
3314.30
3313.91
3314.00
3315.00
3315.50
3313.50
3313.50
3313.00
3312.50
3311.50
3311.00
3312.00
3313.00
3313.50
3313.50
3313.00
3314.00
3314.00
3314.50
3314.37
3323.61
3323.60
3320.00
3324.00
3323.00
3478.71
3508.52
3590.21
3352.94
3252.84
3010.90
2866.26
2665.15
2533.07
2917.46
3043.01
3115.29
3292.30
3128.38
3184.92
3322.50
3326.50
3328.00
3333.50
3336.53
3347.00
3348.00
3350.50
3351.50
3352.50
3359.00
3359.50
3361.50
3364.00
3364.50
3364.50
3364.50
3365.00
3365.00
3367.50
3377.50
3379.50
3381.00
3383.50
3389.50
3397.69
3406.50
3408.50
3416.00
3417.96
3419.50
3419.50
3414.56
3408.42
3399.66
3395.59
3395.05
3391.48
3389.50
3383.43
3375.85
3371.42
3404.08
3359.00
3358.00
3358.00
3358.00
3358.00
3357.50
3358.00
3357.50
3364.50
3365.00
3374.76
3378.07
3382.45
3386.34
3391.53
3401.46
3407.59
3409.21
3434.67
3439.85
3419.66
3421.47
3422.82
3461.00
3465.00
3466.00
3468.00
3468.00
3469.00
3405.33
3469.50
3469.50
3434.03
3448.92
3485.54
3487.64
3488.67
3489.42
3491.48
3491.74
3499.63
3510.58
3515.77
3523.00
3523.50
3524.50
3525.50
3526.50
3527.50
3461.88
3529.50
3532.00
3538.13
3555.15
3540.04
3540.95
3543.00
3567.97
3568.08
3547.54
3548.36
3590.00
3596.85
3600.50
3560.38
3563.41
3604.00
3605.00
3606.00
3607.00
3609.50
3613.10
3570.22
3536.93
3541.65
3567.53
3603.00
3598.50
3598.00
3596.50
3599.50
3602.50
3609.27
3611.43
3613.35
3614.24
3615.14
3618.83
3625.67
3627.50
3636.32
3641.00
3641.50
3637.00
3630.00
3630.88
3632.17
3627.87
3626.94
3625.63
3624.13
3625.00
3624.00
3625.18
3632.25
3636.65
3642.50
3644.00
3647.50
3650.50
3653.00
3655.28
3659.51
3649.00
3659.91
3670.32
3670.15
3672.12
3669.47
3667.64
3666.19
3665.88
3665.49
3667.52
3667.14
3665.00
3665.50
3665.50
3665.50
3665.00
3662.50
3661.00
3659.50
3656.93
3655.93
3657.00
3656.50
3652.50
3650.00
3647.00
3646.00
3646.50
3648.50
3649.50
3649.50
3656.08
3656.41
3655.89
3644.78
3643.59
3643.88
3645.40
3647.69
3650.12
3636.41
3627.97
3623.50
3621.00
3617.28
3627.52
3613.41
3630.05
3616.28
3600.13
3603.64
3607.94
3544.37
3540.46
3601.00
3556.97
3608.30
3624.13
3629.68
3632.00
3634.00
3604.51
3637.61
3638.30
3640.57
3643.50
3648.57
3650.00
3650.50
3651.50
3646.50
3644.50
3612.36
3637.61
3635.00
3633.00
3631.00
3625.00
3621.50
3618.50
3570.57
3571.54
3664.82
3663.73
3625.00
3627.50
3633.00
3636.50
3580.50
3580.50
3634.50
3632.00
3629.68
3599.33
3626.80
3626.00
3625.50
3656.82
3622.80
3622.50
3623.00
3625.88
3628.50
3632.50
3633.00
3631.55
3630.03
3626.00
3623.50
3622.52
3619.26
3611.75
3610.00
3604.84
3596.97
3593.75
3589.15
3582.50
3542.37
3576.00
3569.76
3565.50
3565.00
3561.50
3558.00
3558.00
3558.00
5269.00
3547.15
3480.40
3496.34
3332.98
3573.13
3349.80
3507.21
3527.21
3541.00
3542.00
3542.50
3543.00
3542.00
3541.00
3538.50
3538.00
3537.50
3575.77
3531.50
3531.00
3530.00
3528.50
3529.00
3528.50
3528.50
3528.00
3528.00
3526.50
3524.50
3522.00
3522.50
3522.50
3522.00
3515.95
3507.00
3505.34
3505.62
3505.94
3504.83
3504.83
3505.08
3506.71
3507.47
3510.74
3510.12
3510.15
3511.46
3506.72
3501.81
3499.40
3497.29
3491.17
3489.00
3486.78
3480.97
3466.50
3464.00
3459.00
3438.11
3443.25
3448.55
3466.38
3469.67
3474.50
3468.20
3439.23
3380.92
3369.66
3365.19
3415.73
3419.49
3435.87
3446.11
3401.60
3443.19
3463.65
3508.67
3510.87
3425.44
3426.90
3432.03
3498.60
3428.60
3441.99
3435.87
3426.67
3419.72
3418.67
3398.85
3389.32
3389.50
3386.69
3380.00
3380.50
3380.00
3379.50
3379.00
3379.00
3379.00
3379.00
3379.00
3378.50
3373.95
3371.00
3370.00
3369.50
3368.50
3367.50
3363.00
3361.62
3360.50
3360.50
3361.50
3364.50
3365.50
3367.00
3367.00
3367.50
3369.03
3369.53
3370.53
3373.22
3379.71
3380.50
3378.50
3375.00
3370.50
3373.10
3372.50
3373.68
3371.53
3374.00
3352.56
3342.25
3339.50
3333.50
3326.50
3318.50
3316.50
3316.00
3318.58
3324.23
3266.27
3326.04
3327.31
3366.51
3330.00
3375.98
3385.03
3391.58
3339.00
3338.50
3338.00
3337.00
3336.00
3333.00
3328.50
3321.05
3312.26
3312.50
3341.88
3305.50
3299.00
3297.45
3294.50
3292.75
3281.51
3276.06
3274.45
3273.21
3265.00
3261.00
3259.00
3257.00
3253.00
3253.00
3248.00
3247.50
3245.50
3244.50
3243.00
3241.00
3240.00
3242.50
3245.50
3246.00
3254.97
3257.31
3258.13
3262.85
3262.54
3267.60
3271.69
3274.45
3274.59
3270.97
3265.62
3265.31
3259.21
3258.43
3257.00
3257.00
3256.00
3255.50
3254.50
3254.00
3251.50
3252.00
3252.00
3252.00
3252.00
3251.50
3251.50
3255.10
3252.50
3262.89
3262.51
3263.54
3264.73
3267.17
3263.84
3263.46
3250.61
3250.13
3249.00
3248.50
3248.00
3245.50
3239.00
3238.50
3238.50
3239.50
3240.50
3241.50
3242.50
3249.00
3252.62
3253.50
3257.00
3257.50
3259.00
3259.50
3260.50
3261.00
3263.00
3271.00
3272.50
3272.00
3269.50
3264.00
3262.00
3256.28
3254.50
3255.53
3253.48
3252.00
3253.00
3256.99
3259.50
3262.50
3262.50
3263.00
3264.45
3266.42
3272.50
3277.00
3281.50
3290.50
3291.50
3290.15
3285.82
3306.54
3311.57
3320.03
3328.00
3327.80
3305.76
3303.70
3313.62
3297.79
3313.35
3305.95
3276.37
3297.50
3295.41
3289.50
3286.50
3282.20
3273.40
3271.80
3275.16
3275.95
3281.66
3284.38
3283.50
3285.00
3316.19
3340.80
3414.56
3386.88
3202.76
3081.12
3026.78
3080.52
3349.50
3349.50
3349.50
3349.00
3348.00
3349.50
3352.00
3353.00
3354.00
3356.00
3356.50
3357.00
3405.72
3358.00
3360.06
3361.00
3360.50
3359.00
3357.50
3357.88
3348.12
3338.87
3341.12
3339.48
3355.16
3316.42
3339.03
3303.43
3194.69
3280.23
3276.65
3276.13
3274.00
3270.00
3265.50
3264.00
3262.50
3260.50
3358.10
3352.37
3259.50
3262.50
3269.00
3274.50
3283.00
3285.00
3287.54
3287.00
3291.95
3337.57
3313.36
3307.50
3314.50
3317.50
3317.50
3318.64
3321.62
3323.50
3323.50
3370.26
3400.55
3351.93
3311.16
3310.93
3312.36
3310.65
3311.72
3346.84
3308.76
3310.76
3311.84
3315.26
3330.07
3316.50
3335.64
3326.00
3377.03
3381.37
3408.86
3415.67
3378.90
3322.92
3328.15
3315.88
3402.02
3433.43
3438.40
3429.00
3429.07
3428.00
3427.00
3425.50
3424.00
3420.50
3463.38
3408.10
3401.49
3399.66
3400.89
3397.44
3395.55
3395.03
3394.50
3395.97
3398.10
3440.45
3438.32
3439.25
3444.11
3421.98
3426.50
3427.00
3522.25
3433.75
3436.50
3444.27
3584.63
3648.59
3605.83
3378.84
3513.11
3515.06
3516.14
3515.53
3500.29
3512.02
3447.44
3502.66
3509.30
3517.81
3507.90
3513.10
3518.96
3540.85
3555.00
3553.43
3561.89
3565.00
3564.50
3562.52
3558.95
3557.50
3608.69
3550.50
3549.56
3549.26
3553.44
3555.46
3562.82
3574.82
3579.53
3556.58
3581.00
3595.35
3402.26
3337.32
3316.18
3391.54
3495.21
3363.01
3450.15
3632.40
3666.50
3667.99
3676.99
3633.07
3695.00
3703.43
3724.00
3732.14
3740.89
3742.84
3744.55
3745.61
3753.78
3760.34
3771.81
3776.00
3780.00
3784.50
3786.50
3788.00
3791.00
3793.88
3794.98
3793.59
3796.00
3799.90
3804.53
3811.09
3743.26
3812.50
3812.50
3816.04
3819.26
3829.50
3847.61
3862.24
3872.68
3859.02
3879.48
3882.84
3894.00
3913.11
3933.47
3934.50
3948.30
3958.00
3967.50
3972.50
3978.00
3984.50
3989.70
3994.25
4003.00
4005.50
3982.40
4012.50
4017.43
4023.00
4025.00
3625.83
3746.61
3965.74
4043.50
4045.00
3621.70
4048.00
4049.00
4049.00
3750.71
3838.82
4041.50
4041.00
4038.00
4038.00
4036.34
3991.94
3980.15
3965.42
3965.96
4023.43
4027.76
4035.30
3967.67
3926.78
3980.24
4031.18
4031.50
4033.00
4034.00
4035.50
4039.00
4043.00
4047.00
4044.50
4041.48
4039.00
4037.00
4031.50
4029.00
4026.50
4025.50
4022.99
4019.08
4013.50
4008.50
4005.00
4004.00
4004.50
4005.50
4006.50
4006.50
4009.00
4012.00
4011.00
4008.50
4007.50
4005.50
4002.16
4000.85
4000.73
4002.35
3983.73
3970.85
3977.10
3950.00
3947.83
3945.00
3943.50
3943.12
3941.00
3932.00
3880.42
3869.33
3935.03
3494.59
3311.79
3548.34
3920.43
3894.04
3844.05
3913.00
3909.50
3906.50
3828.27
3901.50
3900.50
3848.93
3893.00
3808.75
3844.14
3845.69
3879.00
3833.77
3789.75
3829.97
3684.75
3812.48
3832.91
3822.28
3816.96
3814.06
3789.63
3536.67
3457.40
3498.17
3558.39
3707.16
3699.34
3714.83
3624.83
3663.38
3481.64
3718.00
3673.82
3654.71
3627.17
3598.41
3642.36
3678.00
3674.50
3640.99
3661.92
3655.67
3465.27
3334.11
3185.31
3173.03
3534.80
3603.94
3590.96
3564.83
3560.49
3537.47
3556.75
3541.79
3583.19
3276.58
3500.94
3540.50
3539.00
3537.00
3537.00
3538.00
3538.50
3538.43
3540.50
3541.50
3543.50
3544.50
3497.52
3545.50
3542.50
3540.00
3535.18
3532.94
3528.69
3523.50
3520.53
3517.92
3532.23
3496.25
3488.29
3554.31
3553.35
3483.50
3480.50
3477.00
3475.00
3471.00
3465.50
3462.50
3461.50
3461.83
3463.32
3464.50
3464.50
3464.50
3466.50
3468.00
3468.00
3469.00
3469.50
3469.50
3469.50
3469.00
3463.43
3451.96
3451.07
3446.72
3456.27
3443.35
3434.51
3465.11
3463.67
3467.90
3427.14
3409.83
3408.36
3410.00
3409.33
3409.00
3408.50
3406.50
3406.50
3398.50
3384.29
3376.92
3376.38
3344.28
3338.74
3333.56
3332.60
3321.85
3326.34
3319.29
3312.54
3288.94
3283.63
3304.00
3303.00
3303.00
3305.00
3307.50
3308.50
3313.00
3313.00
3312.50
3311.00
3224.91
3300.00
3266.41
3299.00
3298.00
3297.00
3294.00
3296.00
3292.00
3287.00
3280.79
3233.48
3275.00
3272.50
3267.00
3266.00
3265.00
3235.48
3234.52
3234.83
3222.10
3191.20
3219.49
3224.84
3236.81
3241.93
3261.55
3262.38
3264.00
3269.00
3312.56
3279.50
3283.91
3288.35
3292.00
3293.00
3293.50
3294.00
3294.50
3295.50
3298.50
3304.24
3318.54
3326.58
3369.75
3329.41
3333.13
3334.00
3334.28
3335.50
3352.00
3353.00
3354.00
3333.21
3352.00
3347.00
3339.50
3338.00
3336.50
3334.50
3332.00
3329.00
3326.77
3315.66
3288.64
3283.59
3280.17
3279.66
3330.45
3270.01
3289.50
3286.00
3282.50
3275.50
3274.50
3274.50
3274.50
3274.50
3274.00
3274.00
3273.50
3267.00
3264.50
3260.50
3258.60
3256.00
3255.50
3254.00
3252.50
3251.00
3249.50
3249.00
3249.50
3251.00
3252.50
3254.00
3255.50
3256.50
3257.00
3256.50
3255.00
3253.50
3252.50
3252.00
3249.50
3247.00
3244.00
3243.50
3243.50
3243.50
3244.00
3245.00
3247.00
3248.00
3251.50
3254.50
3255.30
3254.50
3253.68
3254.50
3255.50
3255.50
3266.66
3270.35
3272.32
3268.03
3267.34
3268.08
3263.66
3260.04
3264.72
3265.18
3257.91
3255.59
3254.72
3252.82
3254.96
3256.28
3259.20
3259.58
3257.81
3389.66
3377.64
3284.76
3227.36
3091.35
3253.06
3413.58
3330.94
3329.78
3259.36
3293.67
3246.43
3232.31
3295.32
3250.00
3248.79
3247.50
3249.50
3253.00
3257.50
3258.50
3259.00
3260.00
3260.50
3330.86
3262.00
3262.00
3261.00
3259.50
3369.33
3256.50
3312.97
3255.50
3256.00
3256.50
3261.05
3262.76
3262.43
3262.80
3265.15
3272.65
3273.69
3273.87
3274.50
3273.17
3268.14
3267.00
3267.00
3269.13
3270.48
3274.00
3275.00
3277.50
3281.00
3284.00
3287.00
3288.00
3291.00
3293.00
3294.00
3294.50
3294.50
3294.50
3293.50
3293.50
3292.00
3291.00
3290.00
3289.50
3289.00
3285.40
3273.65
3268.91
3267.42
3270.15
3265.69
3275.60
3263.28
3262.77
3257.39
3257.61
3255.38
3257.43
3257.93
3258.93
3257.70
3257.24
3254.50
3250.50
3249.00
3243.00
3237.50
3235.00
3234.00
3229.86
3224.65
3222.09
3240.06
3218.00
3218.50
3221.50
3222.00
3222.00
3224.94
3226.00
3227.00
3228.50
3230.50
3232.50
3241.50
3245.69
3248.39
3252.50
3255.56
3259.59
3262.50
3264.00
3267.00
3230.42
3321.98
3322.98
3316.76
3289.90
3251.10
3201.42
3250.55
3244.55
3282.15
3232.28
3252.42
3247.07
3209.69
3255.43
3260.00
3260.50
3259.50
3259.00
3257.50
3255.00
3256.45
3257.00
3257.00
3260.50
3263.00
3264.50
3266.00
3266.00
3268.00
3267.50
3268.00
3269.60
3265.50
3267.61
3268.00
3263.50
3261.50
3257.00
3253.50
3252.00
3249.00
3246.00
3248.50
3249.50
3253.50
3254.00
3256.98
3299.37
3262.12
3264.65
3313.20
3268.50
3268.00
3265.50
3258.50
3258.23
3256.50
3255.00
3252.00
3249.50
3247.50
3246.50
3296.81
3248.50
3250.50
3252.00
3296.06
3337.34
3259.00
3260.50
3262.50
3273.00
3284.50
3285.00
3294.05
3297.90
3308.21
3316.57
3325.82
3327.28
3333.00
3346.00
3351.00
3357.00
3361.00
3365.17
3370.00
3370.50
3367.50
3367.00
3366.32
3362.34
3354.38
3351.66
3350.50
3350.50
3347.00
3338.50
3332.50
3332.00
3332.50
3333.00
3334.50
3336.00
3337.00
3339.00
3343.50
3346.00
3350.08
3358.14
3363.38
3309.98
3340.31
3341.11
3346.62
3385.39
3356.79
3351.55
3352.59
3398.00
3395.94
3398.00
3397.50
3355.32
3392.00
3389.50
3387.50
3386.00
3383.50
3382.00
3382.00
3382.00
3382.50
3382.50
3383.00
3384.00
3382.50
3385.00
3387.00
3387.50
3387.00
3385.00
3384.00
3384.00
3383.57
3382.50
3382.50
3382.50
3383.00
3382.50
3383.03
3383.50
3385.50
3386.00
3384.50
3385.00
3384.00
3385.00
3384.50
3385.50
3384.00
3385.85
3390.08
3391.92
3394.50
3396.00
3397.50
3398.00
3404.50
3407.00
3409.50
3411.00
3413.00
3419.50
3421.00
3422.00
3423.44
3425.86
3433.53
3182.30
3460.36
3377.38
3269.34
3237.61
3182.80
3445.00
3443.63
3445.51
3445.55
3447.85
3449.72
3450.12
3451.03
3452.29
3451.76
3450.91
3449.00
3448.00
3447.50
3447.42
3445.50
3445.00
3444.00
3445.50
3445.42
3445.03
3446.00
3446.12
3444.00
3444.17
3451.07
3443.00
3441.58
3438.50
3432.00
3429.00
3425.00
3422.50
3421.00
3419.50
3419.00
3418.00
3419.50
3420.50
3422.00
3423.00
3424.00
3426.00
3429.00
3433.00
3436.50
3438.50
3437.50
3437.00
3436.00
3438.00
3439.50
3441.00
3442.00
3444.50
3445.50
3446.00
3446.50
3447.00
3448.00
3448.50
3450.00
3454.45
3459.87
3420.83
3462.00
3461.47
3456.62
3458.65
3459.25
3458.33
3349.71
3412.23
3392.07
3393.26
3374.29
3365.92
3384.93
3380.00
3379.00
3378.50
3377.00
3420.51
3375.50
3371.90
3371.00
3364.11
3357.11
3352.08
3349.85
3345.00
3336.00
3330.75
3329.80
3335.37
3224.09
3260.19
3315.95
3319.33
3362.09
3346.50
3309.04
3365.50
3365.00
3334.71
3310.26
3324.40
3351.00
3321.26
3318.40
3309.70
3287.61
3299.07
3291.51
3288.80
3287.86
3286.91
3285.50
3285.00
3283.92
3281.59
3277.98
3277.46
3277.46
3276.98
3272.16
3268.68
3268.08
3268.00
3269.00
3271.50
3275.50
3278.00
3284.23
3283.93
3292.98
3301.81
3304.50
3307.00
3309.50
3318.89
3320.50
3321.00
3321.00
3320.50
3320.00
3318.00
3418.67
3303.56
3296.00
3291.78
3280.02
3217.50
3089.45
3205.58
3261.46
3235.71
3089.57
3202.46
3207.47
3241.23
3232.50
3139.64
3139.27
2970.29
2970.36
3188.31
3258.55
3309.73
3198.50
3199.90
3199.00
3201.50
3203.50
3203.87
3257.56
3210.82
3216.50
3258.15
3114.88
3322.80
3220.50
3221.00
2907.83
3218.50
3115.50
2957.39
3220.50
3221.00
3222.50
3224.00
3223.11
3224.06
3224.00
3224.50
3223.53
3222.50
3222.00
3222.50
3222.00
3222.50
3223.00
3223.84
3227.14
3238.31
3240.92
3243.25
3245.73
3246.50
3251.42
3259.00
3260.00
3264.00
3264.00
3271.09
3319.58
3278.50
3278.50
3277.00
3277.50
3277.50
3277.00
3309.68
3249.22
3269.86
3269.50
3269.50
3270.00
3270.00
3270.00
3270.50
3268.50
3269.48
3274.50
3278.00
3277.50
3277.00
3273.50
3270.50
3267.00
3266.50
3264.14
3260.50
3259.00
3258.00
3257.50
3256.50
3257.50
3257.50
3257.50
3256.00
3256.00
3255.00
3254.00
3251.93
3246.50
3239.50
3238.00
3230.26
3228.00
3234.56
3231.50
3236.40
3241.83
3244.50
3244.58
3245.50
3247.32
3247.50
3248.50
3249.65
3249.50
3245.50
3240.38
3234.18
3228.55
3225.91
3224.86
3224.27
3222.66
3222.00
3214.50
3213.50
3211.50
3210.00
3210.00
3208.73
3205.87
3206.40
3204.00
3201.81
3203.35
3204.41
3254.68
3202.00
3198.04
3128.38
3141.45
3103.63
3041.03
3097.83
3101.72
3090.07
3118.35
3127.45
3109.46
3129.10
3155.50
3157.00
3158.00
3158.50
3159.31
3159.85
3165.40
3170.50
2915.55
2494.10
2508.76
2810.92
3121.94
3095.45
3158.75
3210.50
3215.47
3216.00
3216.50
3173.57
3218.50
3218.50
3219.00
3219.00
3220.50
3221.35
3222.50
3222.94
3224.48
3225.25
3231.50
3231.00
3232.00
3230.50
3229.50
3229.50
3226.50
3227.00
3228.00
3229.90
3230.00
3232.50
3241.50
3243.98
3246.31
3248.21
3252.04
3254.48
3259.50
3267.91
3271.00
3272.50
3274.56
3275.18
3277.00
3277.50
3280.00
3280.50
3281.00
3282.96
3283.39
3281.71
3279.00
3274.00
3270.50
3268.00
3265.50
3263.00
3262.49
3252.58
2932.17
3146.47
3240.14
3238.50
3239.00
3241.50
3244.50
3248.50
3251.04
3252.50
3254.50
3257.50
3263.00
3263.50
3261.50
3258.46
3256.00
3254.98
3252.50
3251.91
3250.06
3246.43
3247.46
3249.09
3238.56
3223.81
3286.99
3260.83
3263.15
3266.77
3264.80
3265.00
3262.16
3258.88
3258.62
3256.09
3253.53
3252.41
3243.50
3242.00
3241.50
3241.00
3240.50
3240.50
3239.70
3239.18
3121.95
3239.00
3238.50
3238.50
3238.50
3238.50
3239.50
3239.50
3241.50
3241.50
3242.00
3240.50
3240.00
3240.00
3242.00
3243.00
3244.00
3244.50
3244.50
3246.00
3246.00
3244.60
3242.00
3242.00
3242.00
3242.00
3241.50
3238.50
3235.00
3234.00
3233.00
3233.00
3233.00
3234.00
3235.50
3238.50
3239.00
3239.50
3239.50
3240.00
3242.30
3243.00
3245.50
3251.00
3252.50
3253.50
3254.00
3254.50
3255.00
3257.00
3258.50
3259.50
3260.00
3261.00
3264.50
3265.50
3265.50
3266.00
3264.00
3262.50
3223.94
3224.50
3225.85
3224.37
3258.73
3259.00
3259.74
3262.10
3266.22
3266.31
3268.82
3271.97
3274.93
3226.05
3252.85
3245.77
3249.80
3302.00
3303.50
3305.00
3307.50
3309.50
3286.44
3292.15
3302.29
3309.38
3335.74
3337.62
3340.50
3326.87
3364.50
3338.35
3371.00
3372.50
3374.00
3374.06
3375.00
3374.50
3373.50
3373.00
3372.50
3371.50
3371.50
3371.50
3375.00
3376.50
3378.50
3379.00
3381.50
3385.00
3385.50
3386.00
3387.50
3387.50
3388.00
3388.00
3388.00
3388.50
3389.00
3389.50
3390.00
3390.50
3391.50
3393.50
3394.00
3394.59
3391.00
3387.50
3376.76
3377.73
3377.95
3374.82
3375.06
3371.69
3370.33
3365.64
3365.91
3368.27
3370.55
3371.00
3372.84
3379.73
3381.00
3381.50
3382.00
3381.00
3378.00
3377.50
3379.50
3379.50
3380.00
3380.00
3380.50
3381.50
3379.92
3383.50
3385.00
3387.92
3392.40
3398.29
3400.81
3401.79
3404.88
3407.67
3417.04
3426.00
3430.50
3431.91
3433.27
3425.86
3343.90
3111.34
2820.54
3378.23
3471.24
3452.08
3477.50
3478.80
3481.50
3513.56
3065.30
3362.58
3486.50
3482.08
3448.65
3449.98
3449.96
3449.93
3423.40
3448.00
3443.00
3425.35
3457.50
3452.00
3447.50
3443.50
3439.50
3438.00
3437.00
3436.00
3434.50
3432.68
3428.00
3426.50
3424.50
3422.00
3412.22
3400.96
3398.50
3376.18
3374.53
3369.38
3387.47
3386.28
3382.67
3372.00
3369.00
3367.50
3367.00
3366.50
3367.00
3366.50
3368.00
3368.00
3368.50
3368.00
3368.00
3368.50
3369.50
3370.50
3370.50
3371.00
3370.50
3371.00
3371.50
3372.50
3373.00
3373.00
3374.04
3373.57
3372.00
3372.00
3371.50
3370.50
3370.50
3365.50
3365.00
3364.50
3362.50
3361.50
3357.00
3355.00
3353.00
3353.00
3336.62
3330.81
3325.31
3322.72
3316.99
3310.90
3311.44
3305.62
3301.36
3298.33
3293.43
3293.02
3291.50
3295.76
3300.00
3302.50
3304.00
3304.50
3301.89
3301.42
3299.50
3296.50
3287.83
3282.48
3279.50
3277.02
3272.56
3270.50
3260.50
3253.50
3251.50
3248.00
3247.50
3249.12
3249.67
3249.21
3246.85
3244.50
3243.00
3242.00
3243.00
3242.50
3243.00
3242.00
3241.00
3240.50
3231.12
3228.11
3227.00
3226.67
3224.77
3221.88
3217.41
3217.79
3214.41
3211.78
3210.00
3210.00
3109.52
3209.00
3209.00
3208.50
3208.50
3208.50
3208.50
3208.00
3211.00
3211.00
3211.97
3212.00
3213.26
3220.12
3226.57
3238.68
3151.26
3066.17
2968.83
3169.27
3261.39
3231.48
3298.01
3285.89
3269.30
3264.98
3261.72
3255.63
3256.62
3257.31
3257.96
3257.27
3253.55
3251.50
3245.50
3243.50
3241.13
3241.48
3242.00
3241.00
3236.25
3239.34
3241.73
3192.97
3144.62
3182.07
3215.38
3209.03
3180.96
3175.93
3158.75
3205.91
3248.45
3250.50
3254.00
3255.50
3254.50
3252.07
3247.50
3249.50
3247.50
3235.05
3228.65
3221.17
3215.47
3211.71
3207.25
3204.20
3197.00
3195.50
3192.50
3191.50
3192.50
3192.50
3193.50
3195.00
3196.50
3199.00
3199.50
3200.00
3198.50
3199.00
3198.00
3196.00
3191.50
3190.50
3188.00
3187.00
3183.50
3183.50
3183.50
3184.00
3185.50
3186.50
3188.00
3188.50
3189.50
3188.50
3188.00
3187.50
3190.00
3193.00
3202.10
3211.18
3212.75
3213.86
3216.27
3221.29
3228.64
3230.21
3249.00
3250.00
3251.77
3255.00
3255.00
3255.00
3255.50
3256.50
3259.50
3259.50
3260.50
3261.00
3261.00
3260.50
3259.05
3257.50
3257.00
3258.00
3254.00
3252.50
3252.00
3249.50
3245.00
3245.00
3246.50
3248.00
3248.50
3249.50
3251.50
3255.86
3258.28
3259.78
3268.17
3278.53
3286.50
3287.50
3262.29
3262.27
3293.50
3294.50
3295.00
3304.03
3393.38
3371.21
3657.32
3845.54
3731.29
3285.11
3295.70
3208.24
3123.28
2811.42
2576.72
2798.76
3283.95
3303.19
3306.88
3126.85
3314.50
3315.50
3312.50
3307.00
3303.00
3300.84
3295.00
3292.50
3290.50
3287.03
3277.50
3271.50
3267.00
3254.50
3250.00
3247.50
3243.00
3241.50
3241.00
3242.50
3249.08
3255.00
3255.50
3255.00
3256.50
3260.00
3267.00
3271.00
3273.50
3275.00
3284.26
3288.00
3288.50
3288.50
3286.56
3285.03
3284.00
3283.54
3283.00
3282.00
3272.50
3266.45
3264.00
3263.00
3262.00
3259.50
3253.00
3251.50
3248.00
3246.50
3243.50
3242.00
3240.50
3240.50
3240.00
3238.00
3235.45
3236.00
3235.00
3232.50
3230.46
3230.76
3232.50
3231.23
3232.00
3235.50
3242.50
3244.00
3245.91
3292.42
3248.50
3248.50
3249.50
3250.00
3251.00
3252.50
3253.00
3251.00
3250.00
3249.00
3248.00
3247.50
3247.00
3246.50
3247.00
3251.00
3254.50
3258.74
3262.95
3265.02
3281.96
3277.81
3278.64
3283.74
3289.00
3291.50
3292.42
3288.00
3287.84
3289.51
3287.56
3288.08
3285.16
3279.50
3272.50
3269.41
3265.50
3263.00
3258.50
3256.49
3255.46
3254.50
3254.50
3254.00
3253.00
3183.76
3199.70
3240.90
3241.00
3240.50
3249.50
3251.00
3252.50
3252.50
3253.50
3255.00
3255.50
3256.50
3255.00
3254.50
3256.00
3256.00
3255.50
3254.50
3253.50
3251.00
3251.50
3254.00
3259.50
3260.00
3263.93
3267.70
3267.38
3267.08
3267.22
3271.50
3274.50
3282.00
3282.44
3282.44
3355.15
3279.50
3277.50
3277.50
3280.00
3283.50
3285.50
3285.50
3286.50
3287.00
3286.09
3288.00
3291.00
3296.42
3297.50
3300.00
3310.50
3312.50
3315.57
3319.50
3319.65
3319.77
3321.50
3323.50
3335.50
3338.50
3342.50
3342.50
3342.00
3342.50
3342.00
3342.00
3342.00
3342.00
3343.00
3343.50
3343.50
3344.50
3347.00
3348.50
3348.50
3349.00
3352.00
3352.50
3354.61
3356.93
3359.27
3362.50
3365.00
3368.00
3372.50
3376.00
3377.00
3378.00
3378.50
3379.50
3382.50
3385.00
3388.50
3392.00
3396.39
3400.50
3343.62
3402.00
3403.00
3402.00
3399.00
3397.50
3395.00
3392.50
3391.00
3389.50
3388.50
3385.50
3380.09
3377.00
3375.00
3375.50
3377.00
3379.00
3380.50
3381.50
3381.50
3381.00
3377.50
3378.50
3379.50
3380.50
3379.66
3380.26
3380.50
3384.50
3385.80
3385.86
3387.70
3385.50
3394.31
3396.72
3400.80
3409.50
3410.26
3402.30
3411.79
3414.25
3416.00
3416.50
3422.86
3427.72
3431.25
3430.50
3429.00
3428.50
3428.50
3428.00
3429.00
3428.00
3428.00
3428.00
3429.00
3431.00
3436.50
3443.98
3456.03
3462.00
3464.00
3466.00
3473.50
3479.50
3482.00
3542.68
3489.47
3497.50
3503.42
3511.27
3486.22
3120.79
3343.57
3450.57
3463.44
3464.69
3457.29
3455.79
3452.50
3444.04
3439.64
3438.00
3436.00
3435.50
3434.50
3433.50
3435.50
3435.50
3435.50
3436.00
3439.50
3441.00
3442.50
3443.00
3443.00
3443.50
3443.50
3444.00
3446.00
3446.00
3447.00
3447.00
3447.00
3444.50
3444.00
3443.00
3442.50
3441.50
3441.00
3440.50
3439.00
3438.50
3437.50
3436.00
3435.50
3430.00
3424.64
3417.82
3420.73
3430.00
3416.82
3408.38
3401.80
3393.58
3388.35
3384.15
3379.56
3380.00
3382.55
3386.14
3390.50
3391.50
3394.50
3396.50
3405.50
3405.50
3377.67
3349.30
3319.86
3331.06
3332.39
3335.90
3340.52
3351.54
3346.93
3354.30
3372.52
3373.70
3369.10
3362.74
3358.55
3350.43
3341.27
3333.14
3324.75
3318.29
3314.50
3309.00
3308.00
3307.00
3308.00
3309.50
3310.50
3311.00
3312.00
3312.50
3312.00
3312.00
3312.00
3312.00
3312.50
3313.00
3313.00
3312.00
3310.50
3309.00
3308.50
3308.50
3306.42
3308.00
3306.50
3298.04
3292.21
3292.81
3289.25
3289.64
3289.00
3289.00
3290.66
3295.50
3296.00
3296.00
3295.50
3294.50
3292.50
3292.00
3279.12
3271.89
3270.55
3270.79
3270.00
3270.00
3269.50
3269.00
3267.50
3267.14
3267.24
3268.68
3269.50
3269.50
3268.24
3267.23
3265.60
3262.00
3261.00
3259.00
3257.00
3253.75
3250.81
3243.73
3238.50
3238.00
3237.00
3237.00
3237.50
3237.50
3239.00
3239.00
3238.00
3238.50
3231.83
3230.06
3228.33
3226.61
3222.18
3216.41
3213.43
3207.00
3204.50
3203.00
3199.50
3199.00
3196.00
3194.50
3193.50
3193.50
3193.50
3193.50
3195.00
3196.00
3197.50
3199.00
3200.00
3199.50
3197.00
3195.00
3192.00
3188.08
3183.65
3180.32
3178.05
3174.88
3172.22
3167.70
3160.03
3152.00
3152.50
3152.50
3153.00
3153.50
3153.00
3153.50
3153.00
3160.88
3176.88
3179.61
3183.74
3183.34
3183.79
3181.91
3186.76
3187.70
3200.00
3204.00
3207.00
3207.50
3209.61
3207.19
3204.50
3203.50
3202.50
3199.50
3194.50
3191.50
3189.00
3187.50
3181.94
3178.80
3176.41
3174.00
3175.50
3177.30
3181.51
3184.65
3190.88
3191.62
3192.72
3193.72
3197.05
3200.43
3208.81
3208.26
3208.34
3208.00
3208.53
3208.32
3227.64
3232.16
3233.38
3234.32
3237.39
3243.60
3251.24
3258.47
3263.50
3267.42
3284.00
3286.50
3288.00
3289.50
3290.50
3290.50
3291.00
3291.50
3292.50
3293.50
3294.64
3291.17
3284.05
3281.00
3275.00
3267.00
3264.16
3262.53
3252.43
3245.25
3244.50
3240.00
3236.50
3232.59
3231.50
3226.00
3226.03
3226.09
3225.44
3226.00
3225.50
3224.97
3223.64
3222.90
3220.19
3216.79
3214.17
3214.50
3213.00
3212.50
3210.00
3209.50
3208.17
3207.31
3209.50
3200.32
3539.20
3367.96
3146.19
3048.47
3160.21
3165.17
3175.47
3177.00
3177.22
3179.35
3177.00
3177.00
3179.50
3183.50
3184.50
3185.00
3186.50
3190.19
3191.28
3205.19
3218.27
3219.77
3218.14
3220.57
3231.65
3238.00
3241.36
3254.21
3258.50
3259.50
3255.54
3255.50
3246.57
3243.38
3240.10
3238.21
3235.54
3233.54
3224.14
3223.71
3222.96
3222.35
3223.28
3224.55
3233.53
3234.16
3242.50
3242.00
3243.00
3243.00
3241.17
3241.50
3241.50
3238.03
3240.50
3238.97
3235.00
3234.26
3239.00
3239.50
3239.50
3239.50
3240.00
3240.00
3238.50
3238.00
3237.50
3236.50
3236.50
3236.00
3222.96
3222.96
3219.11
3212.05
3211.79
3215.62
3216.81
3218.19
3215.80
3216.00
3217.33
3217.86
3222.24
3225.50
3231.71
3234.25
3233.23
3232.50
3224.00
3221.50
3219.50
3217.81
3218.19
3218.92
3216.95
3216.70
3211.76
3208.68
3208.55
3210.36
3213.00
3217.00
3220.81
3221.00
3221.50
3221.57
3222.67
3223.34
3223.96
3224.50
3229.44
3232.03
3232.00
3233.37
3234.50
3235.50
3239.50
3240.00
3240.50
3240.00
3240.00
3240.50
3240.50
3239.50
3234.32
3233.00
3231.04
3230.22
3229.00
3230.17
3227.71
3233.45
3237.15
3240.63
3240.06
3242.50
3242.50
3246.00
3249.00
3250.00
3251.00
3255.50
3258.00
3259.00
3259.00
3258.50
3257.50
3255.00
3253.00
3251.19
3246.00
3246.00
3245.50
3245.50
3245.50
3245.00
3244.50
3244.00
3243.50
3246.00
3251.50
3252.00
3253.00
3253.50
3254.00
3254.50
3256.00
3257.00
3265.50
3266.00
3266.50
3267.00
3267.50
3267.50
3268.00
3268.00
3267.50
3267.00
3267.00
3265.50
3261.00
3260.00
3257.90
3257.85
3258.42
3255.50
3255.00
3254.00
3248.50
3248.95
3248.50
3248.50
3248.50
3248.50
3248.00
3248.50
3248.50
3254.50
3260.50
3267.80
3278.50
3280.50
3282.50
3283.00
3284.00
3337.80
3286.00
3296.96
3302.00
3303.50
3303.50
3303.50
3302.39
3357.66
3298.44
3298.38
3300.00
3300.00
3300.00
3299.50
3299.50
3298.38
3300.50
3304.00
3305.00
3306.50
3308.97
3313.00
3315.50
3319.00
3321.50
3323.50
3326.00
3327.00
3327.50
3328.50
3328.50
3328.50
3330.00
3334.43
3337.41
3325.83
3286.53
3246.41
3279.41
3291.44
3292.02
3275.49
3276.19
3255.94
3287.15
3352.65
3362.00
3366.00
3367.00
3343.04
3371.00
3375.00
3378.00
3381.00
3386.50
3394.00
3394.00
3393.50
3393.00
3401.00
3366.68
3402.00
3402.50
3402.50
3403.00
3402.50
3398.92
3398.00
3397.52
3391.38
3376.68
3381.57
3433.52
3375.22
3373.77
3369.32
3364.50
3371.67
3390.08
3388.14
3390.31
3393.44
3398.93
3446.36
3482.62
3469.54
3513.64
3488.50
3432.50
3433.00
3432.50
3445.45
3454.42
3434.00
3434.00
3434.50
3433.50
3432.00
3431.50
3431.50
3431.50
3432.50
3435.50
3436.50
3437.29
3437.50
3438.50
3439.50
3440.00
3440.50
3439.50
3439.00
3438.31
3431.93
3428.38
3426.00
3424.00
3424.00
3423.00
3423.50
3423.00
3423.00
3422.50
3422.50
3422.50
3422.50
3422.50
3423.50
3421.50
3421.50
3421.00
3420.50
3420.50
3420.50
3426.17
3420.50
3420.00
3418.00
3416.50
3415.00
3414.50
3413.50
3414.50
3415.00
3416.00
3416.50
3417.00
3417.50
3417.50
3418.00
3417.46
3418.50
3421.50
3424.50
3427.50
3427.12
3429.00
3434.00
3436.00
3436.50
3437.00
3438.00
3437.50
3437.00
3436.50
3435.50
3435.50
3435.00
3434.00
3433.50
3433.00
3433.50
3433.50
3434.00
3434.50
3434.50
3437.00
3436.50
3433.50
3432.00
3430.62
3421.15
3416.17
3417.86
3415.69
3412.74
3398.47
3391.52
3386.93
3377.31
3371.93
3370.00
3365.00
3363.86
3363.12
3364.53
3365.56
3368.64
3373.90
3380.27
3383.40
3382.36
3392.72
3402.26
3408.53
3409.50
3411.00
3414.50
3416.73
3414.00
3474.27
3441.05
3439.03
3439.35
3438.74
3476.24
3400.50
3345.96
3317.32
3386.00
3381.00
3376.50
3374.00
3373.50
3371.96
3370.50
3343.79
3367.00
3333.98
3130.55
3265.68
3332.04
3228.86
3267.68
3227.61
3259.89
3283.00
3310.90
3299.50
3293.17
3290.91
3290.59
3289.54
3288.53
3285.98
3278.95
3269.50
3269.50
3268.00
3268.50
3268.00
3267.50
3266.00
3263.50
3260.50
3260.00
3259.00
3261.50
3262.50
3263.50
3264.00
3264.50
3265.00
3265.60
3266.50
3271.50
3279.67
3281.50
3287.00
3294.00
3297.00
3297.50
3298.50
3299.00
3299.50
3300.50
3302.65
3309.10
3311.50
3314.00
3311.50
3311.50
3311.50
3312.00
3313.00
3314.00
3318.50
3319.50
3323.50
3324.00
3324.50
3324.50
3324.50
3322.50
3320.00
3318.00
3315.41
3313.50
3308.53
3311.27
3296.11
3286.50
3282.00
3276.82
3244.81
3193.17
3251.46
3256.56
3270.07
3248.22
3161.20
3205.33
3194.20
3204.45
3199.49
3192.97
3194.70
3195.00
3198.40
3207.49
3217.45
3220.06
3224.43
3229.28
3230.94
3237.25
3241.17
3246.44
3254.00
3255.50
3255.50
3255.00
3252.50
3249.50
3248.50
3248.00
3246.48
3246.50
3245.00
3244.50
3239.83
3238.26
3238.93
3236.72
3234.10
3233.17
3233.97
3240.67
3248.50
3248.50
3244.14
3247.00
3243.23
3242.58
3241.00
3231.67
3226.00
3222.16
3221.09
3220.57
3215.90
3217.45
3198.88
3189.00
3183.00
3176.00
3173.50
3173.43
3172.30
3174.41
3175.50
3176.50
3177.00
3177.50
3178.00
3178.70
3173.02
3170.66
3173.73
3175.80
3175.92
3303.62
3222.00
3220.30
3206.70
3208.80
3207.64
3197.27
3215.56
3282.03
3445.83
3620.67
3403.70
3264.26
3137.11
2960.02
2817.30
3103.75
3238.62
3235.91
3227.07
3226.00
3225.41
3225.89
3227.00
3227.52
3230.77
3283.74
3232.24
3231.92
3231.38
3231.90
3234.87
3236.20
3240.57
3240.05
3240.12
3243.78
3244.59
3248.51
3251.23
3255.50
3254.38
3252.09
3244.83
3244.18
3229.31
3223.12
3222.15
3222.80
3221.25
3215.79
3187.80
3176.02
3177.98
3206.64
3216.79
3221.06
3222.85
3224.06
3227.61
3232.00
3234.69
3238.35
3239.94
3243.00
3247.92
3252.50
3253.50
3254.00
3255.00
3254.50
3364.74
3248.50
3248.50
3248.00
3247.50
3247.00
3246.50
3245.50
3245.50
3245.00
3245.50
3245.50
3245.96
3248.00
3253.00
3256.00
3257.50
3260.50
3262.50
3264.50
3265.50
3265.50
3265.50
3264.19
3265.00
3260.00
3258.50
3251.73
3251.61
3251.79
3250.19
3250.11
3244.23
3233.82
3229.09
3226.39
3224.91
3225.78
3226.95
3228.55
3230.22
3229.03
3228.97
3229.00
3124.08
3228.41
3227.50
3225.17
3217.50
3218.00
3218.50
3219.00
3218.00
3217.50
3224.88
3233.79
3247.59
3241.79
3236.35
3229.23
3231.21
3214.34
3208.82
3197.13
3219.75
3223.81
3236.41
3216.64
3267.19
3271.00
3271.00
3272.00
3266.87
3263.60
3259.77
3254.67
3243.99
3310.39
3231.86
3229.25
3227.13
3227.07
3276.48
3229.05
3235.22
3238.75
3248.50
3249.50
3251.50
3252.00
3252.50
3252.50
3248.50
3249.00
3248.50
3235.78
3229.27
3224.80
3214.88
3209.62
3202.50
3209.12
3204.75
3198.00
3211.44
3217.47
3221.77
3222.84
3246.11
3271.86
3252.41
3236.18
3271.84
3258.00
3317.84
3266.50
3269.34
3268.83
3267.14
3323.22
3324.20
3322.05
3320.11
3263.50
3262.00
3259.50
3257.50
3254.00
3254.00
3257.50
3258.50
3258.50
3260.50
3261.50
3262.00
3263.50
3263.50
3261.50
3258.00
3254.74
3256.51
3255.07
3254.10
3239.79
3244.52
3243.77
3239.36
3228.91
3225.29
3222.91
3231.79
3232.54
3240.50
3241.00
3243.50
3254.00
3259.50
3260.50
3261.50
3266.00
3270.50
3310.74
3311.53
3314.76
3363.69
3390.33
3342.43
3340.53
3334.24
3332.15
3279.05
3276.74
3269.50
3268.50
3267.50
3265.00
3261.12
3259.50
3258.50
3258.50
3258.00
3257.00
3409.73
3340.35
3368.53
3329.25
3244.00
3244.00
3243.50
3321.08
3244.00
3244.64
3252.30
3253.83
3254.00
3299.62
3256.00
3256.50
3305.98
3260.00
3260.50
3261.50
3261.00
3506.76
3262.00
3331.28
3261.50
3262.30
3262.17
3263.00
3264.54
3266.50
3269.50
3271.00
3272.50
3273.00
3274.50
3275.00
3275.50
3276.00
3277.17
3277.17
3277.68
3277.86
3293.84
3301.42
3302.43
3302.95
3301.50
3302.00
3302.81
3305.90
3310.37
3317.50
3316.00
3363.54
3317.00
3315.00
3311.50
3311.00
3311.00
3311.00
3311.00
3311.00
3310.50
3309.50
3308.50
3307.50
3306.00
3305.50
3304.50
3302.50
3326.68
3306.50
3260.24
3316.16
3318.00
3319.00
3320.00
3320.15
3321.50
3321.00
3320.50
3320.00
3321.00
3321.50
3326.16
3331.24
3333.94
3337.85
3339.91
3288.17
3354.50
3357.50
3360.50
3361.24
3365.00
3369.50
3372.50
3423.05
3422.00
3423.32
3424.30
3423.82
3425.27
3384.47
3437.84
3448.28
3446.74
3442.67
3475.04
3436.74
3400.50
3437.25
3402.00
3441.69
3406.00
3408.00
3462.11
3465.18
3465.18
3464.21
3467.66
3467.66
3462.16
3460.54
3458.57
3456.65
3421.12
3422.00
3423.50
3424.50
3426.89
3458.05
3443.12
3445.00
3504.28
3448.00
3448.88
3448.14
3444.50
3440.50
3439.50
3436.96
3435.40
3433.89
3427.50
3423.00
3419.00
3412.50
3409.50
3405.00
3454.35
3404.00
3404.50
3453.69
3405.50
3406.50
3406.50
3410.00
3413.00
3415.00
3418.00
3420.00
3488.22
3491.35
3419.50
3420.00
3411.87
3411.92
3415.37
3401.02
3404.02
3396.93
3388.00
3458.34
3374.00
3372.50
3389.02
3373.38
3360.00
3358.50
3404.27
3448.81
3420.37
3324.14
3235.83
3343.50
3340.50
3340.50
3336.50
3334.50
3332.46
3330.00
3329.50
3329.50
3328.50
3328.00
3326.50
3279.03
3323.50
3323.50
3325.50
3328.00
3329.00
3329.00
3330.00
3331.00
3331.50
3331.00
3329.50
3326.50
3326.00
3327.00
3327.00
3325.50
3325.50
3323.00
3315.50
3312.00
3310.50
3309.00
3306.91
3303.21
3295.77
3289.07
3283.41
3279.00
3273.90
3268.50
3269.78
3267.00
3263.50
3258.55
3256.00
3259.12
3260.53
3260.34
3260.34
3260.33
3259.00
3219.63
3262.11
3262.47
3261.04
3260.00
3257.50
3256.00
3254.50
3254.00
3253.00
3245.50
3241.50
3241.50
3249.31
3252.50
3252.58
3253.08
3254.50
3255.50
3256.50
3255.61
3256.00
3242.00
3255.00
3254.50
3253.00
3250.50
3249.50
3249.50
3250.00
3250.50
3251.50
3250.50
3250.00
3250.50
3250.50
3310.85
3251.00
3251.00
3250.50
3249.50
3249.00
3248.50
3249.50
3251.50
3252.50
3257.00
3261.50
3262.00
3262.50
3264.00
3264.50
3265.00
3265.57
3264.50
3265.64
3269.50
3270.00
3267.50
3265.50
3264.00
3262.50
3344.81
3260.00
3255.00
3254.50
3249.50
3242.70
3237.00
3233.50
3232.05
3225.28
3200.96
3211.31
3199.50
3197.12
3193.00
3191.50
3192.78
3191.58
3189.00
3182.83
3179.97
3182.53
3188.57
3192.16
3174.61
3228.56
3260.50
3200.50
3202.00
3205.50
3210.50
3213.00
3220.35
3222.75
3226.00
3226.58
3227.74
3227.26
3228.20
3228.50
3224.50
3221.00
3219.00
3216.37
3213.97
3213.06
3210.68
3210.00
3210.00
3207.50
3200.50
3199.50
3199.50
3195.14
3198.50
3198.98
3199.00
3193.86
3194.39
3179.36
3193.34
3192.89
3191.86
3189.00
3187.24
3188.69
3184.81
3159.61
3235.57
3431.45
3409.54
3248.89
3192.26
3062.54
3010.12
3006.18
3171.53
3243.50
3237.38
3199.49
3202.76
3204.09
3202.89
3231.14
3231.70
3232.14
3232.68
3233.00
3232.88
3229.43
3221.71
3220.84
3220.85
3219.81
3218.95
3218.14
3217.42
3204.53
3202.50
3201.50
3199.00
3196.00
3194.50
3193.00
3192.00
3156.83
3153.85
3154.82
3195.00
3195.50
3197.00
3167.34
3199.00
3198.58
3199.53
3198.50
3197.50
3197.00
3196.00
3170.27
3168.17
3195.50
3196.00
3197.00
3220.02
3245.84
3210.98
3215.81
3221.80
3231.52
3222.82
3246.34
3274.42
3270.40
3273.56
3239.89
3262.60
3239.30
3235.29
3232.63
3232.59
3248.22
3241.93
3238.83
3236.96
3225.94
3210.76
3205.00
3201.00
3169.89
3195.00
3190.00
3159.76
3188.40
3190.17
3196.00
3199.50
3201.00
3203.57
3203.23
3201.50
3204.02
3205.50
3180.98
3216.52
3223.08
3228.97
3231.03
3232.00
3226.29
3234.97
3203.15
3235.57
3237.00
3239.00
3297.26
3201.92
3234.00
3232.50
3232.23
3195.21
3229.50
3229.00
3229.00
3229.50
3230.21
3230.74
3231.29
3231.14
3227.35
3226.18
3224.84
3223.77
3221.18
3219.47
3216.60
3214.32
3211.52
3205.00
3205.00
3205.00
3204.83
3205.34
3206.75
3207.64
3208.00
3208.00
3208.50
3207.03
3205.50
3200.09
3195.00
3194.00
3194.00
3193.50
3193.00
3192.50
3189.50
3187.00
3184.74
3182.00
3182.50
3181.95
3180.50
3180.87
3176.19
3175.00
3173.50
3172.48
3171.29
3171.26
3174.12
3174.53
3212.60
3223.14
3232.48
3231.76
3235.30
3242.89
3251.67
3253.39
3284.50
3285.50
3291.24
3280.39
3268.81
3296.31
3294.63
3293.50
3292.00
3288.00
3288.50
3292.00
3294.50
3294.50
3295.50
3296.50
3300.00
3302.00
3306.50
3307.00
3307.00
3307.50
3307.50
3307.46
3312.87
3312.50
3313.50
3314.00
3315.50
3316.00
3318.00
3319.00
3323.00
3323.50
3323.50
3323.50
3323.00
3322.00
3321.50
3321.00
3320.50
3321.00
3323.50
3324.00
3324.00
3324.00
3324.00
3325.02
3324.50
3323.50
3321.50
3318.38
3311.61
3310.59
3312.02
3310.37
3312.71
3304.65
3293.45
3284.60
3268.75
3261.25
3245.11
3242.50
3244.38
3244.10
3246.86
3247.94
3255.97
3251.04
3251.73
3259.85
3259.49
3265.63
3267.50
3274.50
3340.94
3470.12
3384.57
3290.00
3293.86
3294.00
3295.00
3296.00
3296.50
3298.00
3299.50
3300.45
3387.78
3302.00
3308.50
3309.00
3309.50
3310.50
3311.50
3311.50
3312.50
3313.00
3313.50
3313.50
3312.50
3311.50
3307.50
3306.00
3305.00
3305.00
3308.00
3310.50
3313.50
3315.50
3316.00
3316.00
3313.50
3316.52
3318.50
3325.00
3328.50
3330.00
3330.00
3330.00
3330.50
3334.23
3343.65
3349.57
3348.22
3348.91
3479.51
3420.11
3387.48
3257.93
3204.93
3052.82
3016.91
2973.50
3352.62
3227.88
3346.35
3346.00
3345.00
3281.54
3297.75
3295.52
3232.46
3215.48
3303.66
3358.26
3344.00
3349.00
3351.65
3366.39
3368.50
3369.50
3372.50
3374.50
3376.50
3379.50
3383.00
3396.35
3402.67
3405.30
3407.00
3407.50
3409.24
3413.08
3418.47
3431.00
3351.90
3433.00
3432.50
3432.00
3424.78
3494.60
3396.93
3489.00
3394.96
3420.00
3416.00
3448.41
3407.50
3407.50
3412.00
3414.50
3415.00
3416.00
3417.50
3418.50
3419.87
3423.84
3430.50
3431.50
3431.50
3452.55
3428.47
3426.50
3438.74
3435.81
3430.37
3424.00
3426.00
3433.08
3430.19
3430.50
3434.00
3439.00
3451.00
3455.41
3457.46
3460.85
3463.69
3465.00
3437.69
3413.61
3464.00
3456.50
3445.88
3439.66
3432.15
3443.81
3421.28
3415.34
3411.51
3403.50
3383.96
3382.00
3343.02
3377.00
3340.31
3376.50
3376.50
3377.00
3376.50
3375.50
3373.50
3372.50
3367.81
3356.74
3347.17
3344.70
3343.27
3344.80
3342.96
3343.00
3345.00
3349.62
3349.00
3345.93
3348.00
3349.76
3356.17
3362.00
3362.00
3362.00
3361.50
3361.00
3357.04
3352.00
3346.00
3346.70
3336.71
3333.80
3309.05
3305.16
3276.16
3321.00
3320.00
3319.00
3319.00
3319.50
3320.00
3321.00
3323.00
3325.00
3325.00
3326.00
3325.50
3324.50
3323.00
3319.50
3313.36
3310.50
3306.61
3272.92
3291.00
3286.41
3286.32
3284.87
3283.50
3256.21
3279.65
3281.00
3283.35
3281.47
3260.65
3270.51
3254.42
3250.07
3301.50
3298.20
3297.00
3296.04
3296.82
3295.82
3289.77
3279.00
3267.95
3202.60
3240.48
3219.05
3238.98
3237.31
3213.26
3253.04
3249.00
3201.37
3205.04
3202.47
3224.06
3221.58
3220.04
3218.94
3167.55
3183.88
3204.13
3179.79
3234.45
3182.63
3183.22
3174.83
3175.71
3177.00
3228.75
3229.00
3228.90
3170.91
3170.27
3163.85
3174.42
3423.90
3220.86
3213.22
3185.09
3187.14
3187.16
3186.16
3179.83
3181.88
3201.50
3195.98
3186.63
3187.18
3156.22
3154.51
3182.31
3182.52
3135.85
3134.56
3140.46
3151.06
3153.87
3198.50
3199.50
3200.50
3201.50
3162.58
3161.73
3203.00
3202.50
3202.50
3201.50
3201.00
3200.00
3199.00
3148.75
3188.00
3187.00
3187.00
3186.50
3186.00
3185.41
3186.00
3144.15
3190.50
3191.50
3191.50
3193.50
3194.00
3194.00
3195.00
3196.50
3196.50
3196.00
3195.50
3194.50
3194.50
3193.50
3192.50
3190.00
3189.00
3187.50
3186.50
3186.50
3189.00
3191.50
3261.55
3199.50
3201.60
3204.00
3203.03
3206.00
3205.50
3208.50
3213.54
3219.06
3224.00
3230.00
3231.50
3232.62
3232.50
3232.50
3231.50
3230.61
3229.82
3230.47
3231.00
3343.67
3289.26
3334.44
3447.36
3405.84
3289.68
3129.99
3042.09
2894.93
2719.11
3099.49
3144.83
3157.06
3148.50
3147.50
3147.00
3146.50
3147.50
2945.05
3149.50
3150.50
3153.13
3156.65
3159.47
3161.14
3166.50
3167.41
3167.21
3144.35
3168.50
3169.50
3169.37
3170.49
3175.71
3179.55
3180.92
3181.45
3182.00
3182.61
3183.00
3183.51
3186.50
3187.00
3186.50
3186.50
3185.50
3183.00
3180.62
3177.59
3235.11
3188.69
3194.50
3195.50
3191.03
3194.16
3195.39
3199.08
3201.46
3205.50
3267.26
3219.26
3221.79
3218.23
3216.90
3215.05
3214.38
3212.92
3209.00
3207.50
3204.50
3201.50
3199.00
3162.46
3177.03
3260.38
3188.00
3188.00
3188.00
3189.00
3189.00
3190.50
3190.00
3189.50
3189.50
3189.00
3187.68
3183.32
3182.12
3182.37
3177.12
3173.00
3161.50
3157.83
3155.59
3150.71
3151.12
3202.37
3089.13
3149.90
3170.18
3147.00
3148.00
3149.50
3150.00
3150.00
3150.00
3151.50
3127.69
3164.24
3170.76
3173.66
3175.04
3178.29
3179.29
3179.50
3185.25
3190.39
3196.50
3199.50
3201.50
3203.50
3204.00
3204.00
3204.50
3204.00
3204.00
3204.00
3204.50
3205.50
3206.00
3206.50
3214.20
3219.13
3222.21
3224.00
3233.67
3236.52
3239.69
3214.27
3121.46
3164.83
3260.55
3263.00
3263.50
3237.10
3184.69
3235.28
3249.00
3243.42
3237.26
3235.06
3227.80
3167.45
3163.50
3225.00
3224.00
3222.50
3222.00
3183.15
3219.50
3217.50
3217.00
3217.50
3215.50
3213.50
3211.50
3206.50
3203.00
3273.54
3198.50
3197.50
3198.00
3201.00
3204.50
3205.50
3206.00
3208.00
3208.50
3209.53
3210.00
3207.50
3207.50
3206.50
3207.00
3206.00
3204.50
3203.00
3199.24
3189.50
3187.00
3186.00
3186.00
3185.50
3143.48
3147.16
3192.00
3194.00
3195.00
3196.00
3197.00
3202.00
3203.50
3204.50
3205.50
3206.50
3206.50
3207.00
3207.50
3207.00
3207.00
3208.50
3213.46
3217.06
3219.31
3220.50
3224.79
3231.65
3231.51
3232.97
3235.03
3236.67
3238.25
3207.70
3248.50
3249.50
3249.50
3249.00
3249.50
3249.00
3249.00
3200.65
3253.50
3255.50
3256.50
3258.00
3262.50
3264.00
3266.00
3266.50
3266.50
3265.50
3265.50
3261.47
3222.57
3222.57
3257.08
3259.00
3254.30
3256.59
3239.65
3233.91
3230.38
3229.46
3230.83
3233.26
3247.08
3269.40
3303.39
3270.92
3275.16
3258.64
3269.24
3300.52
3267.72
3203.77
3261.00
3285.56
3316.33
3258.86
3254.50
3249.62
3248.00
3250.34
3251.00
3253.87
3255.00
3255.50
3257.50
3258.50
3259.00
3263.00
3263.00
3263.09
3320.53
3312.09
3271.80
3261.97
3300.31
3362.74
3353.13
3360.29
3346.31
3359.37
3363.50
3363.50
3363.50
3366.00
3369.00
3370.00
3371.00
3371.50
3372.00
3372.00
3374.50
3353.40
3365.71
3377.38
3378.84
3377.00
3377.00
3376.50
3376.00
3381.00
3382.50
3385.50
3240.79
3388.00
3388.50
3389.00
3389.00
3389.26
3389.00
3388.50
3387.50
3385.50
3384.50
3382.00
3381.00
3379.50
3379.00
3379.00
3378.50
3378.50
3379.00
3380.00
3380.50
3384.00
3384.00
3383.00
3380.50
3379.00
3378.50
3378.00
3378.00
3378.97
3375.03
3298.66
3306.44
3351.00
3350.00
3348.50
3347.50
3344.96
3346.00
3348.00
3355.95
3365.77
3368.86
3370.97
3371.36
3372.09
3404.50
3392.46
3406.73
3412.98
3415.56
3416.50
3416.31
3420.00
3419.14
3424.60
3426.00
3470.72
3439.29
3428.00
3436.17
3432.50
3435.62
3511.25
3436.00
3474.00
3502.34
3476.52
3492.50
3331.33
3472.20
3463.42
3463.30
3464.78
3461.58
3459.36
3508.31
3562.03
3451.50
3450.00
3449.50
3448.50
3445.00
3443.50
3443.50
3459.92
3445.00
3445.50
3446.00
3445.50
3391.32
3443.00
3438.46
3429.28
3427.44
3424.52
3414.10
3367.27
3401.41
3389.50
3384.27
3382.38
3381.32
3380.00
3379.50
3378.50
3377.00
3376.50
3426.03
3374.50
3426.86
3373.00
3368.00
3367.50
3368.00
3368.50
3368.50
3368.50
3368.50
3367.50
3367.50
3364.71
3363.27
3356.85
3352.16
3392.02
3349.49
3333.60
3329.98
3330.14
3328.62
3327.93
3325.55
3322.98
3332.50
3334.00
3335.50
3336.46
3338.00
3338.00
3338.00
3339.00
3338.50
3337.50
3338.00
3337.50
3335.57
3331.75
3332.80
3346.73
3302.88
3333.36
3142.94
3192.03
3275.36
3306.60
3210.51
3247.02
3254.00
3251.50
3254.50
3255.50
3260.00
3261.02
3225.45
3266.00
3266.00
3266.50
3268.81
3205.35
3238.80
3209.80
3278.00
3311.56
3221.24
3218.71
3259.50
3257.00
3255.00
3256.09
3159.69
3227.56
3243.96
3216.02
3213.18
3189.00
3218.50
3228.40
3229.75
3240.20
3245.59
3225.95
3251.50
3256.00
3264.50
3259.84
3285.50
3289.38
3294.50
3295.00
3294.12
3291.67
3289.24
3288.51
3287.82
3285.08
3276.00
3275.00
3272.50
3273.00
3274.00
3275.00
3274.94
3276.00
3275.50
3276.00
3275.50
3276.00
3277.00
3277.00
3277.00
3277.00
3275.50
3274.50
3274.00
3271.50
3271.00
3268.50
3329.77
3261.00
3258.79
3253.00
3246.50
3239.50
3235.50
3157.46
3228.50
3223.50
3018.36
3178.31
3165.60
3106.47
3167.07
3199.50
3201.00
3182.13
3184.05
3243.85
3224.43
3213.00
3196.35
3200.45
3161.31
3238.86
3245.50
3244.50
3245.50
3244.50
3243.75
3232.04
3229.50
3195.82
3194.70
3188.27
3214.44
3207.30
3202.00
3201.50
3201.00
3153.17
3191.00
3189.44
3187.50
3186.50
3185.50
3184.00
3184.00
3182.73
3183.00
3186.04
3187.50
3187.50
3188.00
3191.50
3192.70
3337.39
3263.31
3375.96
3255.69
3309.55
3225.68
3178.92
2995.61
3163.40
3219.00
3214.89
3211.41
3211.50
3211.50
3212.00
3212.50
3214.00
3212.79
3222.74
3225.61
3232.90
3235.83
3239.32
3242.00
3243.83
3249.00
3249.50
3249.50
3244.00
3243.00
3242.00
3241.00
3239.00
3235.50
3234.00
3232.00
3230.50
3225.50
3220.50
3218.12
3216.00
3214.00
3211.00
3207.58
3202.67
3200.00
3200.50
3196.27
3202.90
3203.98
3205.04
3206.07
3205.09
3204.50
3207.98
3210.50
3212.50
3212.00
3207.50
3202.00
3197.97
3196.13
3191.16
3187.50
3179.50
3178.00
3177.50
3177.50
3178.00
3179.00
3182.92
3184.37
3187.38
3187.02
3187.53
3189.29
3194.00
3193.50
3191.50
3190.50
3190.00
3191.94
3194.00
3197.50
3198.00
3199.35
3201.11
3207.57
3215.81
3217.90
3226.39
3235.98
3245.55
3248.38
3250.00
3250.00
3246.65
3244.95
3240.62
3238.50
3238.50
3238.50
3234.50
3234.32
3242.46
3234.36
3240.88
3243.00
3243.50
3243.50
3245.00
3245.50
3245.50
3245.00
3245.00
3245.00
3245.50
3244.00
3243.00
3242.50
3160.70
3205.97
3232.14
3228.67
3231.25
3226.98
3223.86
3221.78
3220.69
3225.50
3227.00
3228.50
3232.00
3235.50
3236.50
3237.50
3240.50
3246.00
3254.00
3258.50
3259.50
3258.50
3259.50
3259.50
3261.50
3261.50
3256.00
3255.00
3254.00
3250.50
3247.50
3242.40
3239.00
3235.00
3230.50
3225.50
3225.50
3225.00
3226.00
3226.50
3235.23
3254.13
3258.36
3263.51
3268.19
3269.66
3276.54
3271.22
3287.07
3291.44
3293.00
3294.00
3294.00
3294.50
3296.00
3298.00
3299.00
3300.00
3301.08
3301.50
3301.50
3301.00
3300.00
3298.76
3297.00
3296.00
3292.50
3290.50
3289.00
3288.00
3287.26
3287.29
3285.00
3285.00
3274.92
3270.78
3268.00
3268.36
3267.50
3264.13
3261.19
3253.95
3240.00
3237.83
3238.65
3240.00
3239.50
3241.62
3241.50
3241.50
3242.50
3247.00
3250.00
3250.50
3253.73
3258.23
3269.01
3279.19
3281.49
3286.34
3281.28
3282.49
3269.59
3285.03
3299.29
3303.40
3338.00
3342.00
3342.50
3342.00
3339.50
3339.00
3337.00
3337.00
3335.50
3334.00
3331.50
3329.50
3325.50
3323.50
3322.00
3322.00
3321.50
3321.50
3321.00
3320.50
3320.00
3319.50
3320.50
3320.50
3320.50
3317.00
3315.00
3312.00
3311.00
3311.38
3313.55
3309.00
3305.52
3303.50
3296.00
3291.50
3290.00
3293.00
3294.50
3298.50
3300.14
3301.00
3303.00
3304.00
3309.00
3312.53
3321.40
3304.64
3338.00
3345.00
3347.00
3351.50
3359.00
3362.20
3369.00
3371.50
3378.50
3383.50
3387.00
3389.50
3390.00
3389.50
3388.50
3388.00
3388.00
3388.00
3388.00
3387.50
3385.50
3385.50
3385.00
3299.50
3299.50
3299.50
3299.50
3299.50
3299.50
3299.50
3299.50
3299.50
3299.50
3299.50
3299.50
3299.50
3299.50
3299.50
3299.50
3299.50
3299.50
3299.50
3299.50
3299.50
3299.50
3299.50
3299.50
3299.50
3299.50
3299.50
3299.50
3299.50
3299.50
3299.50
3299.50
3299.50
3299.50
3299.50
3299.50
3299.50
3299.50
3299.50
3299.50
3299.50
3299.50
3299.50
3299.50
3299.50
3299.50
3299.50
3299.50
3299.50
3299.50
3299.50
3299.50
3299.50
3299.50
3299.50
3299.50
3299.50
3299.50
3299.50
3299.50
3299.50
3299.50
3299.50
3299.50
3299.50
3299.50
3299.50
3299.50
3299.50
3299.50
3299.50
