 63.00  6377.9857  46.55   7.98    100
 1951 04 15 07 30 00
 15/04/1951, 07:30:00, RES=0.2500  APOD FN = TRI
 2884.946 2929.939 0.0500484776     899
  0.79820
  0.80505
  0.75496
  0.74709
  0.73211
  0.76910
  0.79307
  0.78322
  0.78064
  0.77857
  0.80382
  0.80539
  0.79883
  0.80275
  0.79730
  0.78002
  0.78127
  0.76152
  0.74461
  0.72911
  0.70888
  0.73359
  0.73752
  0.74739
  0.75146
  0.76572
  0.71287
  0.69300
  0.70366
  0.70364
  0.68390
  0.67281
  0.66810
  0.64422
  0.62640
  0.65715
  0.69491
  0.69560
  0.70483
  0.68340
  0.68279
  0.68941
  0.76817
  0.78416
  0.80780
  0.77094
  0.80085
  0.79233
  0.75524
  0.78079
  0.77461
  0.75252
  0.75115
  0.75726
  0.83181
  0.78041
  0.76405
  0.76968
  0.78296
  0.78236
  0.77983
  0.76520
  0.73897
  0.77422
  0.79489
  0.75760
  0.77244
  0.77603
  0.77847
  0.77430
  0.77458
  0.79916
  0.78778
  0.78761
  0.77482
  0.69537
  0.69678
  0.72391
  0.72521
  0.74981
  0.74460
  0.74073
  0.72688
  0.72168
  0.70434
  0.70727
  0.69399
  0.68518
  0.65943
  0.64938
  0.62671
  0.63612
  0.68653
  0.68530
  0.67147
  0.67166
  0.67317
  0.67271
  0.72449
  0.73442
  0.72824
  0.76102
  0.75435
  0.74887
  0.74727
  0.74880
  0.74602
  0.72108
  0.75057
  0.79889
  0.78920
  0.80277
  0.82828
  0.82825
  0.83608
  0.83180
  0.80645
  0.83634
  0.84914
  0.84514
  0.84013
  0.84041
  0.83614
  0.83125
  0.82908
  0.80974
  0.76389
  0.83073
  0.82766
  0.78047
  0.75331
  0.77703
  0.79230
  0.78085
  0.72620
  0.74039
  0.72839
  0.70688
  0.70557
  0.68021
  0.67935
  0.68650
  0.67789
  0.67269
  0.65379
  0.66050
  0.68498
  0.69231
  0.69937
  0.68724
  0.68855
  0.72801
  0.76798
  0.76118
  0.73675
  0.73885
  0.75070
  0.73076
  0.77513
  0.78717
  0.78591
  0.78661
  0.79605
  0.78654
  0.77337
  0.78571
  0.79725
  0.79696
  0.78494
  0.75697
  0.77140
  0.78505
  0.84229
  0.81946
  0.80570
  0.80696
  0.81149
  0.81601
  0.80663
  0.81198
  0.80843
  0.80798
  0.77657
  0.77560
  0.78657
  0.77906
  0.78707
  0.78979
  0.71912
  0.71738
  0.73542
  0.71914
  0.69483
  0.68448
  0.65449
  0.64209
  0.63584
  0.61171
  0.60853
  0.57955
  0.60058
  0.61346
  0.61787
  0.62470
  0.61204
  0.61247
  0.69357
  0.69140
  0.69188
  0.70024
  0.69764
  0.69729
  0.70067
  0.73005
  0.70751
  0.74967
  0.75415
  0.68899
  0.73980
  0.76957
  0.77544
  0.78844
  0.78746
  0.78902
  0.76347
  0.81263
  0.80759
  0.79423
  0.79405
  0.80991
  0.81284
  0.80288
  0.79556
  0.80520
  0.78360
  0.79777
  0.75676
  0.74235
  0.77219
  0.77473
  0.74192
  0.71497
  0.70708
  0.67239
  0.64253
  0.63289
  0.55899
  0.55450
  0.48961
  0.45954
  0.41260
  0.33798
  0.26968
  0.24585
  0.19014
  0.13242
  0.03302
  0.03016
  0.02302
  0.01275
  0.00617
  0.00652
  0.00908
  0.01330
  0.12061
  0.19247
  0.24894
  0.30769
  0.38859
  0.44493
  0.47400
  0.52146
  0.53980
  0.57847
  0.60370
  0.59309
  0.66689
  0.74115
  0.74110
  0.74292
  0.72817
  0.71520
  0.71725
  0.71367
  0.76848
  0.77199
  0.78241
  0.78006
  0.77750
  0.74758
  0.73990
  0.71577
  0.71490
  0.71869
  0.70577
  0.70386
  0.70046
  0.70472
  0.69760
  0.66054
  0.64755
  0.62614
  0.64143
  0.64329
  0.59263
  0.61555
  0.64042
  0.66355
  0.66529
  0.63760
  0.66395
  0.67727
  0.71150
  0.77040
  0.72905
  0.72982
  0.73368
  0.73541
  0.73536
  0.73574
  0.73492
  0.73565
  0.78301
  0.76824
  0.75270
  0.76910
  0.75021
  0.73775
  0.75152
  0.76708
  0.78838
  0.78729
  0.76542
  0.75031
  0.74803
  0.78469
  0.78614
  0.76632
  0.78822
  0.81253
  0.80613
  0.79970
  0.80473
  0.78809
  0.78686
  0.83638
  0.82757
  0.81282
  0.79942
  0.80014
  0.79827
  0.76774
  0.74723
  0.69733
  0.66750
  0.71280
  0.70535
  0.66440
  0.66228
  0.67104
  0.66640
  0.65915
  0.67413
  0.67048
  0.66813
  0.67606
  0.68299
  0.66228
  0.68241
  0.70061
  0.70487
  0.70296
  0.71410
  0.71580
  0.78671
  0.77196
  0.76785
  0.76799
  0.78371
  0.78092
  0.77938
  0.76194
  0.73655
  0.75925
  0.80217
  0.72839
  0.73124
  0.75976
  0.76791
  0.76851
  0.76015
  0.75853
  0.73222
  0.72048
  0.68610
  0.72885
  0.72156
  0.63964
  0.63008
  0.58907
  0.56389
  0.51758
  0.52182
  0.50541
  0.48629
  0.48001
  0.46526
  0.47200
  0.47641
  0.48997
  0.51419
  0.48191
  0.49126
  0.49192
  0.49851
  0.49780
  0.55008
  0.56906
  0.57587
  0.58201
  0.59139
  0.59910
  0.63885
  0.64291
  0.63680
  0.71200
  0.72081
  0.72114
  0.71557
  0.76380
  0.74846
  0.77569
  0.81882
  0.82600
  0.81581
  0.82058
  0.82274
  0.83135
  0.81773
  0.81223
  0.80599
  0.77144
  0.79153
  0.79271
  0.73776
  0.73272
  0.77665
  0.81378
  0.78775
  0.76564
  0.76670
  0.67677
  0.67515
  0.68449
  0.65160
  0.62137
  0.55809
  0.56086
  0.46691
  0.38906
  0.35761
  0.33133
  0.22211
  0.16351
  0.13506
  0.14838
  0.14705
  0.14494
  0.16876
  0.17441
  0.23034
  0.25778
  0.29039
  0.39508
  0.44086
  0.53080
  0.57270
  0.57220
  0.61680
  0.64047
  0.63463
  0.68266
  0.68999
  0.77347
  0.77508
  0.80046
  0.82322
  0.78885
  0.77157
  0.74983
  0.78576
  0.80436
  0.81899
  0.81996
  0.82558
  0.82003
  0.81544
  0.80909
  0.81927
  0.81507
  0.81083
  0.80339
  0.78648
  0.79054
  0.82185
  0.83944
  0.84219
  0.80947
  0.80237
  0.81618
  0.80856
  0.82299
  0.81355
  0.82055
  0.78921
  0.71886
  0.75191
  0.73783
  0.69981
  0.70997
  0.70908
  0.70927
  0.69560
  0.67887
  0.65546
  0.65553
  0.65878
  0.67473
  0.66126
  0.65058
  0.64892
  0.71459
  0.75581
  0.72752
  0.79006
  0.80428
  0.77161
  0.77769
  0.82523
  0.85936
  0.85013
  0.84898
  0.83883
  0.80529
  0.80235
  0.80362
  0.81938
  0.82973
  0.82714
  0.86189
  0.86330
  0.89765
  0.87481
  0.85349
  0.84041
  0.82714
  0.80296
  0.79775
  0.83095
  0.81989
  0.81456
  0.82918
  0.83262
  0.82781
  0.83551
  0.83175
  0.81665
  0.81346
  0.78643
  0.76419
  0.71946
  0.71199
  0.70483
  0.70609
  0.70933
  0.70973
  0.68941
  0.63589
  0.63095
  0.65828
  0.67633
  0.72097
  0.72003
  0.72329
  0.73359
  0.77791
  0.77820
  0.82150
  0.83147
  0.85659
  0.86027
  0.81642
  0.82546
  0.82822
  0.82623
  0.83271
  0.87404
  0.87642
  0.87769
  0.83479
  0.81703
  0.82492
  0.82313
  0.78532
  0.77540
  0.78585
  0.82468
  0.80047
  0.80814
  0.83187
  0.83480
  0.82416
  0.82304
  0.80462
  0.81404
  0.82119
  0.81992
  0.81293
  0.79601
  0.78277
  0.74465
  0.74188
  0.72666
  0.70674
  0.69942
  0.71060
  0.70814
  0.68913
  0.66812
  0.65679
  0.63583
  0.66190
  0.65529
  0.65693
  0.66753
  0.70332
  0.70109
  0.72873
  0.77170
  0.77153
  0.78360
  0.78902
  0.80876
  0.82321
  0.83295
  0.86774
  0.87044
  0.90016
  0.90717
  0.86106
  0.88230
  0.87220
  0.84876
  0.78952
  0.81195
  0.84232
  0.85718
  0.88525
  0.88197
  0.85433
  0.82856
  0.82927
  0.83147
  0.83666
  0.84067
  0.84834
  0.85323
  0.83423
  0.83822
  0.82893
  0.82127
  0.82544
  0.81030
  0.81223
  0.82237
  0.78957
  0.77981
  0.76877
  0.75473
  0.74650
  0.70076
  0.69805
  0.70241
  0.66814
  0.66343
  0.66169
  0.67454
  0.67738
  0.68098
  0.67274
  0.66182
  0.66450
  0.71164
  0.71654
  0.68545
  0.71254
  0.75963
  0.79843
  0.81323
  0.80093
  0.77159
  0.76282
  0.76734
  0.86516
  0.83295
  0.82463
  0.82914
  0.83594
  0.88469
  0.88030
  0.83573
  0.84105
  0.83828
  0.82892
  0.85705
  0.82179
  0.82474
  0.81547
  0.81766
  0.84035
  0.84966
  0.84319
  0.81654
  0.82742
  0.82895
  0.84366
  0.80882
  0.81691
  0.81917
  0.83181
  0.79913
  0.80815
  0.82664
  0.82062
  0.81251
  0.80067
  0.77446
  0.77238
  0.77718
  0.76313
  0.72363
  0.70067
  0.68461
  0.67964
  0.65487
  0.68919
  0.67782
  0.68344
  0.73792
  0.75396
  0.75632
  0.76589
  0.80876
  0.81833
  0.82517
  0.82404
  0.82178
  0.82237
  0.81201
  0.83210
  0.87246
  0.86261
  0.85139
  0.85907
  0.87459
  0.85701
  0.83870
  0.85277
  0.87018
  0.86787
  0.86337
  0.82632
  0.87014
  0.86168
  0.83840
  0.84125
  0.85515
  0.86380
  0.87759
  0.88632
  0.81054
  0.78544
  0.77076
  0.76069
  0.75829
  0.76604
  0.81279
  0.78850
  0.77739
  0.76845
  0.77040
  0.75329
  0.72817
  0.74921
  0.71144
  0.66681
  0.67759
  0.66532
  0.66752
  0.64532
  0.70871
  0.71785
  0.72569
  0.73047
  0.75975
  0.77375
  0.79210
  0.78309
  0.84365
  0.85406
  0.84411
  0.86489
  0.87512
  0.86558
  0.87533
  0.87167
  0.87345
  0.84499
  0.83959
  0.91065
  0.90585
  0.88684
  0.87911
  0.86550
  0.86092
  0.87564
  0.89383
  0.91150
  0.88235
  0.86404
  0.85745
  0.81860
  0.84933
  0.86349
  0.86147
  0.87795
  0.86275
  0.85336
  0.82436
  0.81042
  0.81691
  0.82021
  0.81303
  0.81578
  0.72426
  0.71653
  0.70820
  0.70732
  0.70904
  0.73792
  0.71817
  0.67252
  0.65637
  0.64784
  0.65574
  0.70705
  0.71982
  0.72233
  0.75516
  0.74694
  0.81542
  0.80888
  0.81746
  0.84458
  0.79331
  0.80067
  0.80260
  0.82865
  0.86145
  0.83161
  0.86629
  0.87703
  0.85319
  0.85452
  0.82578
  0.84927
  0.86411
  0.87035
  0.87939
  0.87271
  0.82844
  0.82939
  0.83002
  0.84687
  0.82271
  0.82854
  0.82492
  0.78242
  0.78603
  0.79769
  0.83128
  0.82100
  0.74554
  0.75943
  0.76159
  0.78552
  0.74982
  0.70544
  0.70533