3235.00
3238.20
3237.90
3238.07
3241.88
3235.17
3236.90
3244.70
3244.45
3244.56
3242.86
3241.00
3239.00
3237.40
3239.36
3239.44
3238.70
3229.17
3223.79
3226.00
3215.18
3216.68
3210.50
3211.06
3202.79
3187.41
3177.56
3174.22
3167.71
3168.58
3170.53
3172.65
3155.40
3156.12
3161.95
3155.62
3155.71
3163.00
3167.04
3179.40
3165.55
3173.00
3177.67
3177.75
3190.36
3192.10
3189.00
3194.50
3195.00
3195.00
3195.67
3194.33
3195.50
3197.00
3198.00
3196.54
3192.08
3186.06
3191.60
3187.09
3187.76
3187.75
3188.22
3192.00
3190.92
3183.48
3172.72
3173.86
3174.72
3173.57
3175.32
3174.62
3177.04
3175.74
3175.35
3179.00
3171.04
3164.00
3164.75
3164.11
3158.90
3159.00
3152.80
3151.33
3174.73
3329.29
3235.29
3168.65
3110.67
3055.62
3221.60
3092.60
3220.57
3220.50
3214.58
3208.79
3213.00
3211.29
3203.88
3207.60
3207.88
3209.74
3207.47
3205.65
3211.29
3207.12
3195.23
3209.15
3214.67
3185.74
3191.22
3191.10
3179.84
3173.93
3180.90
3172.57
3165.43
3165.83
3170.35
3171.40
3166.94
3170.11
3169.00
3168.78
3169.14
3173.87
3172.32
3174.21
3173.61
3171.90
3181.12
3178.77
3174.83
3169.53
3170.64
3173.40
3176.71
3170.18
3173.46
3173.05
3173.50
3175.06
3176.25
3173.62
3181.36
3186.80
3202.00
3230.47
3252.00
3247.20
3247.08
3244.09
3234.43
3233.62
3237.38
3227.23
3226.05
3213.76
3218.43
3216.62
3210.97
3194.53
3182.00
3186.29
3172.22
3177.67
3172.82
3171.69
3170.46
3170.00
3171.15
3172.28
3180.08
3178.89
3173.57
3178.00
3178.21
3176.14
3175.67
3187.93
3195.10
3193.50
3195.67
3200.75
3195.14
3200.60
3197.00
3207.00
3213.94
3210.64
3209.83
3207.60
3350.93
3209.07
3199.27
3198.38
3201.74
3202.72
3204.11
3200.18
3205.37
3207.95
3209.50
3208.38
3205.00
3200.10
3203.95
3204.57
3192.50
3208.00
3198.76
3206.10
3193.47
3176.00
3177.56
3178.31
3176.56
3182.87
3180.73
3182.50
3181.23
3181.42
3182.89
3182.72
3182.87
3181.70
3175.78
3168.45
3172.78
3167.50
3167.38
3169.70
3170.15
3162.50
3159.67
3163.44
3162.40
3160.00
3159.25
3159.23
3163.38
3152.14
3158.00
3144.57
3145.44
3148.86
3152.67
3152.75
3156.00
3210.57
3200.58
3198.94
3207.96
3205.26
3229.97
3202.45
3247.36
3255.08
3271.29
3284.68
3280.06
3269.95
3270.46
3276.68
3271.20
3267.24
3261.53
3263.85
3268.69
3275.53
3271.72
3272.07
3273.93
3276.25
3286.29
3283.48
3282.50
3286.64
3285.18
3283.91
3286.30
3288.25
3288.31
3297.15
3297.52
3290.47
3293.74
3290.90
3297.96
3297.96
3297.94
3298.21
3299.73
3299.56
3297.20
3296.80
3296.11
3297.45
3299.92
3301.67
3303.43
3292.93
3295.42
3299.43
3297.37
3298.22
3417.94
3298.19
3298.11
3296.55
3293.15
3293.82
3295.13
3286.43
3285.90
3274.50
3251.00
3239.53
3231.28
3231.95
3228.90
3225.91
3227.63
3228.16
3227.79
3245.19
3241.30
3241.28
3243.71
3247.82
3249.61
3251.56
3257.86
3258.50
3596.17
3270.00
3268.82
3272.25
3273.64
3268.00
3272.22
3274.00
3275.11
3275.88
3278.00
3278.14
3285.45
3281.72
3297.50
3281.82
3286.24
3289.19
3289.29
3289.00
3291.07
3288.20
3290.69
3286.69
3284.35
3284.18
3277.00
3284.58
3277.80
3285.75
3283.62
3284.17
3290.43
3288.00
3285.80
3291.00
3289.87
3298.83
3300.30
3300.73
3303.50
3304.86
3310.89
3303.70
3305.00
3308.53
3310.00
3319.07
3349.83
3326.84
3353.59
3238.31
3249.88
3271.14
3252.33
3336.78
3343.25
3333.24
3312.44
3317.64
3325.74
3307.00
3307.52
3296.21
3306.38
3307.53
3315.42
3321.21
3325.17
3327.78
3341.20
3342.70
3339.60
3347.47
3351.00
3350.86
3349.80
3352.50
3358.30
3360.78
3376.36
3383.38
3387.17
3389.82
3392.23
3401.86
3406.21
3335.10
3408.64
3409.62
3409.71
3406.38
3407.77
3404.29
3406.25
3400.04
3395.94
3386.35
3383.04
3382.61
3388.19
3390.44
3394.85
3403.00
3396.43
3393.30
3402.70
3393.83
3401.10
3410.44
3407.86
3416.12
3683.00
3407.78
3412.77
3402.70
3394.90
3397.64
3404.76
3402.90
3405.17
3407.10
3407.22
3412.13
3443.00
3427.10
3435.68
3441.25
3438.71
3441.05
3444.25
3444.08
3436.82
3445.86
3430.64
3512.88
3417.72
3409.90
3397.19
3387.47
3389.34
3368.59
3361.33
3355.08
3353.29
3354.25
3354.22
3356.73
3352.93
3354.20
3357.00
3356.06
3351.62
3345.78
3345.93
3347.47
3343.33
3342.73
3341.00
3329.00
3324.75
3321.59
3321.14
3336.92
3338.75
3343.67
3346.86
3340.50
3338.92
3337.79
3335.78
3334.80
3337.33
3337.00
3337.60
3327.43
3334.11
3337.40
3327.75
3317.44
3310.76
3305.44
3298.50
3297.97
3295.86
3297.06
3302.00
3298.09
3295.68
3294.60
3297.33
3298.27
3299.78
3301.17
3300.14
3296.82
3298.08
3294.79
3289.73
3285.77
3283.50
3277.83
3271.88
3265.14
3260.56
3252.06
3259.15
3265.19
3264.41
3264.38
3262.50
3261.70
3258.89
3253.32
3256.47
3262.41
3277.86
3277.62
3267.25
3277.71
3277.33
3273.27
3272.00
3272.00
3250.56
3246.88
3245.62
3244.32
3239.04
3234.47
3222.25
3228.38
3215.11
3215.08
3215.67
3196.69
3206.69
3198.13
3196.05
3188.60
3192.10
3185.83
3182.91
3180.71
3189.36
3187.85
3193.11
3192.64
3197.40
3198.67
3199.00
3201.80
3206.40
3204.83
3204.30
2776.67
3200.33
3203.80
3197.87
3197.70
3196.44
3195.00
3194.40
3189.57
3193.20
3189.06
3173.85
3169.48
3170.64
3163.83
3166.27
3170.08
3163.20
3162.50
3159.50
3155.75
3158.08
3162.75
3169.92
3169.10
3172.64
3174.27
3177.67
3180.30
3178.86
3179.18
3084.54
3175.59
3175.73
3174.86
3178.12
3176.10
3167.71
3168.33
3162.75
3160.77
3160.36
3158.20
3163.50
3165.86
3161.00
3166.44
3168.00
3168.67
3169.43
3169.19
3169.50
3171.12
3170.55
3170.35
3171.07
3168.50
3170.75
3159.00
3168.80
3169.33
3167.80
3165.25
3163.00
3160.40
3164.33
3162.00
3167.25
3169.00
3170.75
3172.81
3177.68
3179.50
3179.10
3188.25
3183.07
3173.86
3188.39
3195.29
3203.00
3100.67
3206.80
3210.58
3210.55
3208.17
3208.29
3210.00
3208.88
3209.00
3207.00
3207.62
3210.29
3207.80
3209.67
3207.57
3208.60
3211.00
3078.35
3119.50
3118.43
3127.43
3129.90
3122.89
3117.88
3127.56
3125.29
3118.00
3127.77
3119.38
3126.00
3125.83
3126.85
3129.24
3129.00
3131.31
3131.93
3140.58
3139.58
3137.17
3135.22
3137.00
3151.57
3156.00
3154.06
3144.00
3154.27
3156.20
3156.00
3157.50
3155.75
3170.29
3163.64
3162.19
3168.00
3163.33
3160.36
3161.38
3161.54
3161.27
3159.43
3168.07
3162.33
3161.82
3166.75
3170.38
3170.59
3183.11
3176.90
3184.35
3193.62
3191.20
3192.20
3189.91
3186.93
3191.23
3187.55
3187.47
3190.88
3181.75
3182.88
3170.95
3165.84
3161.57
3160.00
3163.33
3159.50
3166.10
3166.60
3166.08
3165.50
3163.25
3164.44
3165.67
3164.40
3164.44
3162.12
3164.78
3162.90
3159.21
3149.14
3145.25
3138.69
3133.12
3129.70
3132.33
3130.23
3129.24
3130.06
3125.25
3124.72
3128.19
3123.78
3126.00
3122.80
3122.25
3125.00
3129.17
3125.35
3135.22
3144.82
3149.00
3145.22
3156.75
3148.00
3155.15
3164.78
3167.25
3169.25
3174.62
3177.36
3176.88
3180.00
3183.71
3182.60
3180.50
3179.83
3178.92
3178.92
3180.33
3181.17
3183.46
3180.74
3182.06
3182.50
3188.71
3181.92
3182.55
3212.67
3231.21
3229.93
3228.31
3234.33
3230.00
3230.50
3234.38
3230.91
3229.20
3223.61
3211.57
3207.71
3204.40
3204.00
3194.73
3202.12
3200.11
3200.29
3192.12
3192.00
3198.18
3205.56
3193.22
3193.06
3196.14
3188.44
3187.00
3185.33
3180.25
3179.00
3169.25
3171.80
3172.00
3177.00
3177.33
3179.60
3183.06
3180.84
3182.17
3182.81
3185.00
3184.25
3185.55
3182.08
3183.23
3180.85
3177.58
3176.11
3182.15
3173.50
3165.75
3160.94
3159.83
3167.40
3165.83
3160.38
3165.40
3165.10
3164.74
3165.29
3171.05
3172.00
3175.17
3180.50
3182.50
3181.08
3178.67
3180.64
3181.44
3182.19
3184.88
3187.57
3186.91
3187.22
3187.29
3200.00
3191.57
3191.89
3192.15
3190.55
3191.78
3194.00
3204.67
3215.00
3220.44
3221.88
3226.57
3414.18
3225.00
3223.38
3223.27
3222.92
3225.00
3223.83
3228.86
3233.50
3236.10
3241.50
3243.00
3243.85
3243.25
3243.10
3239.88
3241.75
3241.46
3242.64
3234.86
3233.36
3232.82
3233.14
3232.20
3227.62
3227.86
3228.29
3224.67
3227.20
3226.00
3227.00
3219.71
3217.24
3207.43
3234.90
3248.07
3239.73
3240.13
3241.50
3244.12
3242.91
3244.20
3242.41
3240.71
3233.25
3224.75
3224.86
3228.78
3225.80
3226.89
3228.60
3229.20
3230.14
3236.43
3235.27
3235.14
3235.00
3233.17
3238.14
3233.60
3231.33
3240.50
3283.50
3316.82
3327.27
3337.42
3336.17
3335.75
3337.33
3341.00
3344.88
3348.11
3349.42
3350.07
3347.75
3349.00
3346.14
3343.55
3350.83
3351.00
3351.71
3357.44
3356.80
3351.75
3349.57
3350.14
3355.12
3354.67
3359.59
3364.71
3362.89
3362.08
3367.25
3368.57
3366.29
3363.00
3361.67
3364.56
3363.00
3359.38
3358.80
3359.00
3353.71
3361.40
3359.25
3353.93
3359.00
3352.67
3351.75
3359.50
3354.17
3363.76
3356.40
3357.59
3360.48
3359.28
3358.62
3357.82
3361.75
3355.00
3338.07
3333.00
3327.17
3323.20
3321.91
3325.92
3322.69
3322.43
3320.73
3328.14
3325.50
3339.75
3358.31
3347.75
3357.67
3349.25
3372.67
3392.29
3394.00
3395.75
3393.18
3392.67
3404.00
3404.71
3402.00
3401.83
3403.83
3413.07
3415.86
3395.00
3411.07
3418.95
3404.91
3408.25
3415.00
3417.72
3426.44
3429.80
3435.00
3439.78
3438.33
3440.50
3435.11
3435.00
3436.22
3426.86
3429.07
3424.75
3429.00
3426.75
3427.14
3419.11
3416.38
3418.67
3420.60
3422.50
3426.00
3421.00
3421.09
3423.50
3427.33
3417.11
3409.25
3416.92
3416.89
3414.56
3369.67
3357.08
3358.00
3360.75
3363.29
3360.29
3358.00
3354.95
3361.22
3354.00
3354.25
3347.69
3346.21
3347.88
3344.86
3343.30
3347.00
3342.11
3345.71
3348.12
3346.56
3343.90
3342.77
3343.09
3341.50
3342.10
3335.00
3318.06
3317.45
3310.11
3306.62
3307.50
3301.90
3305.07
3306.11
3309.93
3315.43
3318.33
3315.60
3314.38
3318.80
3315.10
3316.50
3316.75
3313.67
3312.27
3312.33
3315.00
3313.00
3313.00
3313.00
3310.80
3310.75
3262.14
3263.00
3260.97
3251.78
3242.43
3234.10
3230.22
3227.25
3229.40
3230.83
3226.00
3230.50
3225.00
3233.47
3245.19
3247.36
3239.50
3247.29
3261.56
3266.00
3259.67
3256.12
3244.52
3242.06
3233.62
3221.93
3231.59
3233.41
3223.67
3213.50
3204.50
3202.68
3198.12
3192.06
3192.62
3196.46
3197.47
3197.25
3213.29
3232.27
3223.79
3195.85
3251.95
3265.50
3272.00
3268.41
3268.88
3268.14
3260.91
3263.20
3265.29
3259.10
3252.92
3252.43
3255.15
3252.50
3247.50
3246.86
3247.00
3253.00
3256.00
3252.00
3245.00
3248.17
3253.67
3253.22
3250.70
3254.00
3253.50
3248.33
3247.80
3244.27
3254.71
3251.83
3247.80
3245.77
3250.50
3241.82
3239.00
3228.92
3223.16
3222.88
3221.20
3291.67
3199.12
3195.64
3268.45
3258.13
3180.36
3175.67
3174.88
3169.73
3172.12
3180.82
3175.95
3175.84
3188.18
3190.13
3192.74
3194.86
3202.24
3219.33
3217.50
3217.00
3221.00
3215.38
3217.00
3219.00
3204.07
3196.82
3203.00
3203.18
3203.14
3177.50
3177.00
3176.25
3174.00
3169.00
3169.08
3169.33
3160.08
3163.67
3158.23
3156.14
3161.00
3159.12
3164.00
3163.33
3161.44
3161.43
3163.18
3161.00
3162.29
3164.83
3167.67
3178.33
3174.12
3185.00
3190.56
3193.64
3196.83
3195.08
3187.08
3187.50
3186.00
3184.82
3189.71
3190.23
3185.47
3182.71
3184.79
3199.72
3199.86
3207.29
3207.88
3214.86
3214.00
3232.00
3226.62
3224.08
3224.00
3222.84
3220.38
3218.31
3213.05
3217.31
3215.71
3206.17
3206.00
3202.00
3208.00
3202.82
3204.00
3200.75
3187.30
3182.47
3184.52
3177.41
3188.15
3179.10
3166.62
3175.64
3178.43
3184.48
3182.65
3174.31
3176.92
3181.83
3185.81
3186.81
3116.00
3118.21
3179.40
3176.08
3163.83
3169.15
3167.31
3157.12
3146.00
3144.00
3140.00
3149.00
3154.74
3156.91
3164.14
3161.87
3160.72
3160.67
3166.25
3164.82
3166.22
3164.69
3163.31
3165.36
3165.29
3167.80
3165.00
3176.80
3171.82
3166.78
3171.47
3166.77
3188.69
3189.25
3208.12
3225.22
3226.60
3225.67
3221.25
3224.11
3222.67
3221.27
3211.08
3208.60
3210.10
3211.23
3216.83
3217.00
3216.67
3216.25
3216.75
3214.50
3216.80
3220.83
3216.75
3220.00
3216.00
3221.50
3222.22
3221.33
3220.88
3212.50
3220.12
3222.10
3221.00
3216.86
3220.00
3206.92
3204.11
3199.00
3196.33
3192.40
3194.93
3201.15
3197.21
3202.37
3206.73
3207.00
3206.38
3210.70
3217.30
3215.10
3227.60
3218.73
3224.69
3229.50
3228.42
3231.39
3235.83
3236.14
3232.83
3233.28
3232.33
3225.15
3219.38
3221.62
3218.89
3210.14
3199.50
3200.50
3199.50
3197.71
3198.00
3198.00
3200.67
3203.90
3219.19
3237.07
3244.69
3248.78
3241.67
3236.40
3256.69
3264.33
3261.43
3268.83
3273.12
3269.89
3266.67
3269.53
3272.46
3275.44
3276.41
3273.12
3273.64
3279.53
3276.61
3278.64
3262.25
3267.60
3273.23
3264.62
3265.11
3262.00
3259.67
3265.86
3264.80
3261.86
3262.50
3262.25
3262.75
3256.40
3255.31
3265.00
3255.20
3253.60
3231.62
3213.83
3215.00
3215.14
3211.50
3210.86
3211.00
3217.33
3217.83
3218.56
3220.75
3224.89
3223.86
3226.31
3129.62
3227.50
3232.32
3236.59
3165.40
3259.08
3275.82
3269.45
3282.27
3271.07
3249.65
3314.00
3321.00
3321.29
3319.60
3320.14
3315.93
3316.00
3311.18
3307.08
3313.55
3308.08
3305.55
3298.00
3297.60
3296.11
3297.58
3294.78
3291.00
3293.58
3297.57
3298.70
3291.29
3299.67
3300.67
3300.54
3299.10
3292.00
3288.06
3280.13
3285.54
3284.68
3288.38
3289.10
3281.47
3276.73
3271.78
3265.22
3261.89
3269.64
3267.06
3272.92
3273.60
3275.83
3279.94
3275.78
3267.83
3279.60
3279.33
3303.07
3310.93
3316.35
3318.57
3323.74
3340.40
3340.91
3345.78
3355.03
3354.90
3363.44
3363.41
3367.48
3363.36
3362.83
3367.71
3358.53
3361.73
3359.00
3362.69
3368.41
3364.05
3361.78
3357.00
3361.16
3367.70
3361.60
3362.78
3362.47
3361.00
3360.70
3360.71
3363.11
3363.09
3360.42
3360.82
3358.60
3358.00
3356.83
3358.80
3358.17
3352.29
3353.92
3354.40
3358.60
3360.30
3358.09
3353.50
3358.67
3367.00
3355.00
3362.80
3358.80
3362.71
3359.27
3358.67
3356.07
3365.05
3370.36
3359.10
3365.31
3363.50
3388.92
3371.67
3408.45
3408.90
3408.40
3400.38
3404.00
3405.75
3405.17
3410.00
3405.92
3402.71
3399.37
3396.62
3388.19
3385.25
3386.00
3383.53
3379.08
3379.36
3378.30
3376.92
3377.50
3378.00
3375.17
3378.83
3384.24
3382.64
3384.92
3384.38
3387.50
3395.43
3383.06
3384.42
3388.85
3395.19
3397.13
3395.64
3396.25
3396.75
3398.78
3395.24
3384.91
3392.80
3389.62
3380.06
3376.11
3364.60
3363.63
3361.04
3358.63
3350.80
3351.50
3360.60
3367.94
3369.75
3358.73
3362.57
3366.33
3365.93
3293.65
3366.06
3364.92
3360.17
3362.40
3365.95
3356.48
3359.50
3352.85
3353.06
3349.85
3349.96
3350.10
3350.15
3356.65
3359.58
3358.44
3356.13
3357.17
3356.33
3352.53
3353.14
3354.84
3348.12
3342.44
3339.36
3336.69
3329.75
3327.89
3329.64
3330.25
3324.71
3325.04
3313.43
3316.41
3315.67
3311.27
3307.82
3310.50
3306.32
3299.88
3295.54
3290.80
3291.88
3287.20
3277.29
3268.25
3272.44
3270.50
3269.85
3276.59
3265.58
3236.00
3226.45
3224.46
3225.21
3226.27
3225.14
3226.14
3227.38
3221.00
3217.50
3219.67
3221.50
3221.50
3224.60
3222.14
3225.79
3228.50
3229.15
3225.67
3227.42
3232.00
3224.75
3226.00
3229.00
3227.33
3226.25
3228.12
3229.50
3234.50
3230.91
3231.53
3231.89
3230.60
3237.00
3240.45
3234.80
3239.89
3238.79
3239.00
3236.00
3237.75
3239.20
3238.50
3244.18
3246.00
3244.60
3244.82
3244.92
3235.00
3236.71
3237.00
3235.61
3231.67
3239.62
3233.00
3223.50
3227.33
3229.71
3229.14
3228.50
3228.00
3227.00
3223.33
3225.50
3225.44
3221.67
3228.43
3233.73
3230.18
3230.44
3228.57
3228.82
3230.00
3229.20
3235.80
3252.80
3264.33
3263.33
3253.59
3243.90
3238.62
3237.52
3235.46
3241.40
3238.26
3237.94
3239.40
3232.77
3232.27
3235.62
3234.20
3235.82
3243.36
3239.00
3242.09
3242.06
3241.42
3240.31
3229.85
3235.43
3234.14
3231.71
3228.86
3231.40
3229.20
3229.50
3224.89
3225.92
3220.80
3226.00
3215.00
3218.00
3195.90
3221.14
3199.40
3197.57
3186.77
3184.00
3186.60
3184.08
3187.91
3182.38
3183.12
3179.88
3170.29
3172.00
3278.33
3166.25
3167.27
3158.86
3166.23
3103.05
3172.00
3172.15
3178.10
3179.65
3176.53
3180.63
3181.72
3188.78
3197.12
3197.12
3199.50
3199.64
3209.38
3211.17
3220.55
3220.43
3121.00
3582.32
3731.84
3221.22
3418.65
3366.13
3264.31
3232.72
3211.47
3217.09
3215.70
3215.09
3209.17
3208.00
3212.18
3199.00
3200.86
3085.36
3199.80
3198.60
2989.17
3197.90
3211.18
3208.07
3211.88
3219.43
3207.00
3223.69
3215.12
3221.43
3225.62
3229.45
3224.60
3223.00
3222.67
3226.12
3225.30
3211.20
3215.11
3221.12
3220.70
3199.56
3198.62
3200.50
3198.60
3226.50
3222.31
3227.83
3227.44
3231.27
3229.58
3231.13
3229.70
3242.33
3238.73
3244.41
3245.50
3246.06
3245.88
3244.22
3245.75
3243.09
3240.35
3236.60
3238.42
3233.86
3231.73
3232.75
3231.22
3230.17
3216.30
3207.14
3093.55
3203.62
3198.50
3199.44
3199.80
3198.00
3195.33
3194.44
3191.12
3181.62
3177.79
3169.47
3156.80
3164.53
3161.85
3153.49
3142.58
3149.81
3140.36
3140.67
3141.54
3140.42
3142.65
3147.28
3150.10
3153.05
3156.48
3157.64
3162.50
3164.36
3152.65
3161.89
3160.70
3165.84
3164.25
3161.78
3162.23
3167.84
3177.38
3175.25
3173.29
3175.45
3173.38
3175.05
3176.62
3172.94
3173.78
3171.67
3175.06
3176.57
3179.64
3178.83
3176.41
3175.65
3175.62
3178.36
3178.50
3180.42
3178.62
3178.62
3178.58
3178.00
3179.89
3176.50
3174.83
3177.00
3176.50
3172.91
3177.67
3177.25
3176.28
3177.31
3180.92
3196.88
3187.00
3208.29
3210.22
3199.80
3212.55
3216.50
3212.55
3215.50
3214.50
3214.30
3211.00
3211.83
3211.36
3210.08
3210.11
3211.25
3211.86
3206.33
3209.75
3204.00
3205.14
3210.75
3218.20
3210.47
3213.47
3220.60
3220.39
3219.18
3223.00
3230.33
3238.58
3240.50
3240.07
3237.88
3233.05
3227.91
3231.43
3233.93
3235.18
3237.60
3237.50
3246.07
3248.71
3241.61
3235.38
3239.30
3238.39
3246.88
3253.90
3254.25
3251.58
3241.53
3240.00
3239.09
3236.12
3236.33
3236.84
3225.92
3222.00
3227.82
3233.12
3233.75
3222.12
3224.85
3205.11
3199.19
3199.82
3198.35
3200.23
3200.44
3200.50
3205.42
3206.09
3211.00
3209.00
3211.38
3220.15
3227.63
3231.30
3237.96
3238.08
3244.38
3241.61
3238.15
3201.32
3251.71
3254.45
3258.42
3262.80
3260.75
3253.79
3250.50
3247.85
3250.55
3253.57
3253.62
3250.58
3243.31
3214.54
3203.78
3196.87
3179.88
3183.38
3181.67
3179.75
3176.50
3169.83
3168.94
3170.93
3169.29
3172.64
3170.38
3166.88
3168.25
3170.00
3172.30
3170.11
3178.14
3172.27
3177.44
3177.00
3180.71
3182.50
3180.00
3246.95
3255.66
3250.88
3281.90
3133.00
3185.50
3281.36
3281.57
3282.92
3281.60
3282.22
3282.88
3281.33
3287.89
3056.33
3176.75
3288.14
3287.94
3292.45
3289.14
3292.06
3293.43
3294.83
3293.00
3294.00
3296.29
3298.67
3298.45
3298.50
3296.82
3297.50
3298.82
3298.00
3290.22
3292.14
3304.38
3300.00
3305.15
3308.33
3311.75
3311.17
3309.76
3310.53
3307.71
3308.94
3305.77
3305.77
3305.42
3303.44
3310.92
3318.50
3320.83
3326.00
3357.19
3338.87
3328.90
3316.67
3372.30
3372.66
3375.55
3383.69
3395.20
3403.33
3256.10
3407.70
3400.75
3396.92
3396.81
3388.19
3384.90
3383.92
3389.53
3297.69
3375.28
3371.95
3371.27
3371.84
3370.25
3368.56
3362.94
3364.88
3359.91
3358.76
3353.68
3342.09
3357.76
3339.69
3338.20
3327.62
3318.09
3325.53
3329.35
3335.24
3344.45
3338.76
3338.60
3335.73
3340.18
3355.57
3358.06
3365.53
3368.55
3373.33
3379.67
3380.67
3385.67
3381.75
3378.14
3376.42
3377.67
3378.75
3378.12
3373.68
3371.14
3372.00
3366.91
3365.36
3362.83
3363.38
3370.14
3365.09
3363.08
3361.50
3332.29
3307.04
3290.64
3289.69
3292.20
3290.08
3291.93
3289.31
3287.00
3290.29
3291.80
3290.77
3292.69
3125.50
3168.09
3288.18
3292.30
3287.17
3284.50
3282.00
3283.81
3287.13
3289.00
3288.62
3292.43
3289.50
3293.25
3297.20
3301.11
3297.80
3300.75
3296.25
3297.00
3294.75
3299.27
3281.00
3294.21
3278.32
3245.46
3264.89
3254.44
3237.67
3229.00
3229.67
3230.82
3225.69
3212.70
3217.19
3217.00
3216.23
3212.00
3209.31
3208.80
3215.50
3213.14
3220.23
3216.50
3231.25
3227.50
3227.30
3233.40
3231.33
3231.00
3235.60
3231.62
3235.06
3232.89
3232.70
3232.38
3232.46
3233.86
3234.50
3228.86
3223.33
3209.83
3222.50
3211.29
3224.67
3224.50
3223.33
3193.40
3177.73
3179.62
3124.64
3172.24
3167.26
3161.53
3156.85
3151.67
3148.00
3150.67
3151.95
3159.55
3159.61
3163.77
3169.85
3167.92
3170.35
3166.95
3174.12
3171.45
3174.30
3186.50
3008.57
3046.22
3191.50
3179.47
3180.41
3176.08
3176.08
3178.25
3178.00
3182.35
3180.16
3182.46
3185.25
3188.45
3188.61
3191.21
3187.00
3194.80
3090.67
3194.47
3194.67
3194.87
3197.17
3208.80
3227.64
3204.00
3227.00
3232.62
3229.77
3229.57
3124.58
3170.56
3240.12
3238.94
3242.85
3242.26
3249.17
3185.65
3249.62
3257.27
3260.40
3264.00
3257.11
3042.67
3258.60
3256.46
3257.55
3252.22
3255.10
3157.00
3143.73
3213.53
3230.00
3205.48
3161.42
3140.78
3196.85
3190.63
3186.80
3181.87
3182.79
3188.00
3189.91
3197.09
3194.50
3200.33
3201.83
3199.36
3200.44
3209.00
3208.22
3204.50
3002.83
3214.43
3216.50
3222.50
3222.57
3224.17
3225.43
3229.31
3231.69
3230.38
3236.60
3235.67
3221.78
3229.94
3207.52
3199.38
3200.69
3197.06
3185.70
3182.83
3178.31
3178.27
3183.22
3183.19
3178.67
3180.22
3184.07
3185.08
3182.54
3185.12
3182.32
3184.21
3184.73
3191.38
3193.82
3185.55
3190.17
3190.87
3190.00
3188.50
3185.23
3184.89
3187.25
3188.00
3185.79
3179.67
3183.62
3183.77
3181.14
3181.27
3170.83
3170.36
3173.83
3165.86
3163.67
3163.56
3164.30
3166.75
3166.67
3171.76
3173.76
3174.05
3174.88
3178.00
3195.38
3179.89
3186.69
3214.85
3210.16
3224.46
3228.86
3230.39
3224.00
3226.79
3217.64
3216.33
3212.62
3212.80
3215.65
3212.64
3194.31
3192.71
3193.89
3194.27
3081.55
3195.25
3192.90
3192.10
3188.04
3185.50
3189.23
3190.00
3186.90
3184.75
3179.53
3176.94
3176.84
3180.50
3178.54
3173.12
3177.54
3171.14
3162.00
3164.14
3164.50
3166.67
3165.50
3160.50
3164.22
3168.67
3172.25
3163.38
3173.50
3179.38
3180.54
3178.36
3180.00
3181.12
3182.75
3181.60
3184.62
3185.50
3191.08
3192.00
3191.50
3192.43
3193.94
3194.41
3198.09
3200.25
3194.33
3184.71
3194.25
3195.50
3192.79
3191.25
3196.18
3200.14
3198.00
3195.59
3195.35
3195.88
3196.55
3198.00
3194.80
3195.80
3195.33
3193.91
3201.00
3191.50
3196.23
3197.29
3198.33
3200.45
3202.12
3198.50
3201.33
3201.40
3203.12
3209.90
3204.57
3204.17
3200.19
3197.58
3196.00
3198.22
3202.10
3203.55
3203.00
3205.00
3212.60
3213.52
3215.82
3219.69
3221.75
3227.20
3227.42
3225.50
3229.69
3230.00
3229.75
3231.38
3238.23
3242.00
3243.76
3250.17
3246.68
3246.75
3252.87
3260.00
3268.74
3275.53
3277.23
3281.17
3281.71
3147.50
3179.79
3270.08
3274.00
3273.04
3266.61
3262.50
3260.69
3246.28
3235.75
3227.97
3216.54
3217.40
3213.81
3207.89
3202.50
3200.70
3198.33
3206.06
3205.40
3207.31
3203.33
3221.00
3205.50
3207.00
3205.83
3199.79
3196.25
3190.55
3191.06
3187.31
3188.24
3189.67
3184.25
3189.71
3187.62
3183.56
3185.00
3185.33
3186.11
3186.38
3187.95
3188.46
3189.64
3191.96
3188.30
3191.42
3196.56
3196.82
3197.31
3196.21
3199.86
3202.33
3195.10
3193.44
3203.40
3195.50
3197.44
3190.45
3194.64
3189.35
3182.75
3188.33
3186.12
3182.00
3186.45
3178.00
3163.83
3157.32
3083.24
3154.93
3168.77
3164.11
3129.42
3132.48
3173.68
3181.60
3186.60
3189.21
3197.40
3203.20
3203.00
4459.50
3203.25
3203.86
3202.00
3202.25
3205.75
3200.57
3201.00
3204.33
3203.40
3205.40
3203.78
3218.81
3225.30
3225.12
3228.09
3228.08
3229.00
3230.83
3229.22
3231.00
3233.77
3237.36
3247.05
3246.40
3242.80
3251.10
3254.64
3263.09
3262.80
3272.61
3282.76
3287.19
3286.70
3289.21
3290.62
3445.54
3284.80
3276.08
3265.48
3262.58
3257.44
3259.10
3256.00
3258.81
3250.14
3250.48
3239.20
3238.10
3238.00
3240.00
3235.67
3237.25
3235.78
3233.00
3417.91
3233.30
3240.71
3236.53
3241.74
3246.38
3250.32
3250.62
3236.67
3253.83
3277.05
3276.92
3288.88
3292.54
3303.07
3293.83
3227.94
3234.90
3241.96
3240.57
3251.50
3323.56
3287.21
3287.40
3280.25
3278.75
3272.00
3278.18
3274.09
3180.00
3167.23
3272.17
3275.54
3271.07
3282.72
3287.83
3293.61
3293.52
3298.62
3295.00
3294.00
3239.00
3247.26
3307.57
3320.17
3315.45
3318.71
3311.11
3312.40
3317.39
3316.16
3313.37
3314.38
3313.64
3307.85
3306.82
3301.33
3305.16
3302.15
3307.35
3307.56
3316.35
3327.08
3322.90
3341.40
3350.86
3351.00
3350.65
3351.12
3351.50
3353.24
3356.29
3356.10
3358.47
3355.53
3355.27
3358.21
3361.60
3359.53
3365.08
3363.22
3361.91
3362.80
3363.19
3357.30
3357.20
3349.70
3353.40
3347.22
3353.00
3353.00
3350.10
3349.88
3345.50
3343.43
3343.50
3339.00
3314.67
3313.00
3315.14
3316.00
3318.12
3319.62
3320.70
3329.91
3339.12
3340.09
3339.73
3337.86
3343.97
3348.10
3278.57
3344.70
3350.43
3353.07
3352.07
3348.36
3346.11
3346.00
3346.00
3346.22
3348.62
3340.44
3343.25
3341.50
3331.50
3333.75
3334.80
3339.00
3300.24
3307.17
3299.23
3274.69
3280.50
3272.36
3275.14
3265.85
3266.43
3264.57
3257.67
3255.82
3258.92
3253.47
3250.20
3253.56
3250.67
3256.83
3257.75
3257.00
3249.00
3254.17
3255.71
3250.19
3247.65
3250.59
3246.82
3252.38
3251.59
3248.53
3235.27
3247.64
3246.53
3246.00
3245.73
3224.58
3193.55
3191.29
3192.95
3193.93
3188.58
3191.27
3189.67
3189.23
3186.71
3189.04
3187.65
3188.81
3188.14
3185.40
3183.00
3182.87
3183.38
3184.48
3187.16
3190.79
3201.10
3200.67
3200.89
3199.43
3197.44
3193.57
3196.89
3195.25
3192.44
3192.94
3190.62
3189.67
3191.50
3184.07
3188.95
3182.57
3181.67
3180.67
3177.57
3179.18
3179.89
3178.50
3181.00
3173.20
3167.69
3166.93
3169.30
3178.24
3177.83
3174.09
3174.96
3176.38
3184.77
3184.47
3183.47
3194.00
3194.94
3194.95
3187.57
3191.53
3190.53
3193.00
3189.94
3182.25
3179.50
3180.71
3177.50
3175.83
3172.50
3178.00
3175.00
3172.55
3171.30
3170.21
3170.46
3168.10
3168.18
3168.71
3157.00
3156.80
3157.43
3163.31
3161.92
3170.00
3164.91
3164.65
3167.56
3030.67
3012.50
3162.25
3161.60
3159.92
3165.91
3157.00
3155.58
3153.85
3149.67
3145.50
3147.62
3153.67
3158.33
3152.55
3148.30
3152.20
3153.07
3149.13
3151.46
3145.80
3145.64
3149.00
3154.59
3161.30
3159.95
3162.26
3155.52
3149.50
3158.50
3165.23
3160.23
3159.87
3162.75
3161.06
3150.50
3149.09
3158.53
3158.58
3161.92
3160.43
3166.55
3163.50
3162.00
3416.61
3319.18
3337.61
3246.67
3045.41
3135.29
3133.50
3141.80
3143.00
3139.07
3138.00
3137.41
3142.93
3140.80
3144.92
3149.00
3143.50
3154.00
3148.33
3148.75
3138.86
3142.53
3137.67
3138.27
3136.86
3134.71
3133.92
3137.77
3129.00
3128.50
3119.67
3117.69
3114.92
3112.62
3115.80
3116.65
3115.42
3118.07
3117.47
3117.00
3108.80
3095.46
3092.88
3098.68
3099.63
3100.35
3102.23
3099.08
3110.33
3109.81
3113.00
3116.68
3117.20
3119.79
3117.46
3119.40
3117.92
3119.17
3121.08
3121.96
3118.69
3118.25
3109.57
3112.06
3108.73
3111.29
3106.75
3112.60
3108.50
3113.50
3111.17
3113.94
3115.71
3110.00
3118.50
3118.96
3114.62
3120.70
3142.50
3143.17
3143.20
3139.60
3140.60
3132.50
3127.35
3136.05
3134.12
3122.69
3125.22
3118.83
3121.71
3125.67
3121.94
3123.29
3124.20
3119.57
3116.90
3115.56
3112.90
3111.63
3104.87
3090.62
3085.50
3079.50
3082.28
3076.55
3077.91
3083.38
3084.23
3082.12
3083.53
3079.56
3328.36
3305.08
3079.00
3073.75
3069.22
3072.22
3070.82
3081.19
3079.22
3080.44
3079.80
3083.00
3087.00
3089.00
3087.50
3088.20
3087.50
3088.80
3086.86
3087.12
3088.50
3090.33
3089.00
3099.67
3099.36
3103.45
3113.44
3101.10
3115.20
3133.13
3123.87
3141.03
3146.88
3159.37
3164.05
3168.40
3372.62
3163.00
3166.17
3164.94
3166.52
3169.81
3166.00
3162.36
3168.33
3160.47
3157.80
3155.20
3153.00
3154.12
3153.67
3153.57
3147.08
3143.29
3147.40
3142.90
3144.53
3143.90
3145.30
3143.37
3143.67
3141.93
3144.94
3151.38
3149.50
3154.75
3154.81
3149.10
3154.00
3179.50
3177.75
3177.52
3176.92
3184.40
3181.60
3183.08
3181.94
3181.31
3181.67
3176.50
3172.60
3173.33
3169.80
3170.00
3169.60
3172.09
3168.71
3170.00
3174.00
3176.75
3174.89
3172.91
3169.36
3171.50
3169.82
3165.11
3168.50
3163.42
3158.80
3166.88
3155.50
3137.00
3141.69
3138.00
3142.00
3157.00
3159.65
3156.76
3180.35
3182.80
3184.90
3179.07
3182.18
3199.32
3203.83
3210.25
3218.64
3226.58
3223.64
3225.37
3227.65
3235.62
3240.27
3239.23
3238.55
3238.17
3238.40
3226.06
3212.88
3210.92
3202.83
3209.80
3204.54
3205.13
3206.40
3195.50
3197.56
3198.07
3197.25
3197.88
3201.60
3200.75
3199.78
3199.06
3186.10
3191.62
3183.63
3183.86
3186.90
3184.36
3182.17
3175.64
3176.21
3171.50
3173.82
3174.25
3180.33
3183.36
3183.40
3186.75
3185.33
3187.92
3191.00
3196.12
3201.78
3200.12
3205.73
3211.67
3220.09
3220.44
3225.32
3227.32
3227.86
3237.94
3241.50
3248.67
3248.06
3248.00
3249.30
3242.62
3248.89
3254.11
3249.41
3243.64
3249.50
3250.33
3235.38
3235.06
3227.83
3222.35
3214.89
3180.50
3183.17
3181.12
3179.75
3181.89
3184.50
3185.83
3183.80
3180.88
3179.82
3180.75
3183.09
3183.31
3184.08
3183.50
3186.29
3186.29
3188.00
3189.71
3189.12
3184.00
3187.67
3186.00
3184.67
3190.76
3187.92
3185.64
3184.73
3183.64
3190.29
3186.41
3183.91
3187.41
3186.03
3186.33
3186.75
3196.00
3202.17
3202.12
3199.50
3201.38
3196.82
3196.44
3199.65
3200.38
3201.18
3205.23
3208.11
3205.20
3228.18
3220.00
3213.50
3206.75
3206.29
3215.17
3207.73
3202.86
3206.25
3205.00
3203.50
3207.33
3218.60
3225.35
3226.08
3221.37
3219.16
3214.72
3212.19
3205.81
3207.83
3206.24
3206.40
3214.46
3207.25
3200.60
3197.00
3190.00
3096.15
3138.44
3234.38
3251.28
3240.32
3236.35
3242.54
3288.12
3309.08
3304.92
3307.95
3310.64
3305.50
3304.22
3318.64
3312.17
3313.83
3316.00
3311.89
3314.67
3309.67
3307.20
3307.10
3305.90
3304.40
3300.37
3296.24
3305.25
3294.89
3294.44
3290.88
3290.73
3282.55
3254.93
3262.26
3251.42
3252.80
3254.84
3254.18
3257.70
3253.41
3252.04
3262.41
3249.28
3248.95
3241.50
3247.64
3249.58
3247.00
3246.38
3251.53
3246.25
3251.06
3256.34
3279.74
3264.96
3266.42
3270.66
3277.43
3265.93
3300.39
3308.97
3315.05
3317.48
3315.86
3311.25
3308.00
3316.40
3306.85
3307.48
3307.29
3300.88
3300.92
3294.42
3293.50
3300.11
3295.80
3303.33
3302.23
3296.00
3299.29
3299.73
3301.52
3307.60
3295.44
3298.11
3300.00
3294.74
3293.19
3282.92
3294.00
3286.10
3264.50
3258.00
3256.50
3253.07
3250.50
3250.40
3246.57
3247.52
3250.76
3249.87
3245.75
3249.53
3248.30
3246.83
3247.82
3253.33
3253.57
3255.26
3255.96
3259.35
3258.24
3255.18
3255.71
3259.14
3265.36
3270.75
3286.25
3284.22
3286.82
3287.33
3277.21
3263.03
3264.62
3261.83
3251.04
3260.75
3241.81
3242.09
3249.75
3233.28
3224.00
3216.67
3213.20
3216.18
3204.52
3192.35
3205.60
3188.91
3185.07
3193.70
3197.07
3201.42
3202.29
3191.71
3194.25
3191.00
3198.90
3208.38
3216.15
3226.43
3232.00
3238.94
3237.10
3235.77
3237.00
3236.08
3236.06
3237.07
3235.89
3232.56
3231.11
3233.80
3233.17
3231.10
3230.18
3220.19
3214.08
3206.12
3218.61
3203.96
3219.41
3218.64
3201.06
3199.44
3196.04
3195.67
3195.50
3196.05
3195.43
3198.57
3200.25
3195.14
3198.61
3196.59
3190.92
3186.08
3185.94
3187.15
3186.59
3182.11
3180.00
3174.43
3170.12
3164.00
3169.62
3172.33
3167.00
3173.00
3166.00
3146.42
3132.86
3136.65
3132.05
3138.26
3142.61
3147.03
3144.70
3143.18
3148.50
3145.33
3212.57
3682.78
3558.08
3434.55
3330.88
3192.86
3051.76
3089.43
2953.22
3130.81
3166.07
3179.62
3176.67
3179.29
3175.76
3183.00
3187.16
3188.95
3187.89
3187.00
3187.90
3185.50
3185.45
3173.00
3173.00
3175.90
3176.20
3174.90
3163.95
3143.85
3158.61
3154.93
3150.53
3153.32
3151.44
3167.93
3167.38
3169.83
3166.00
3166.60
3164.62
3155.92
3146.00
3152.60
3148.29
3146.69
3145.32
3146.15
3137.25
3141.00
3135.00
3129.85
3129.67
3130.56
3135.40
3132.65
3142.47
3145.13
3153.38
3157.02
3159.49
3162.89
3165.52
3177.65
3179.04
3184.30
3187.89
3188.65
3189.72
3187.94
3183.38
3175.29
3175.69
3173.17
3171.85
3172.67
3172.17
3173.25
3173.00
3172.25
3174.00
3173.57
3170.50
3174.50
3171.67
3170.25
3170.12
3164.00
3165.50
3157.75
3157.83
3165.50
3160.17
3160.71
3167.00
3166.08
3168.00
3171.00
3169.67
3172.78
3177.17
3172.22
3172.00
3174.62
3171.91
3172.09
3176.94
3175.78
3164.95
3159.42
3157.05
3151.22
3154.33
3151.48
3149.08
3154.23
3154.56
3153.39
3164.50
3159.53
3161.20
3165.85
3172.25
3176.29
3178.12
3177.75
3188.81
3188.92
3196.00
3191.11
3193.86
3188.55
3184.45
3174.46
3182.39
3181.60
3177.85
3180.95
3182.05
3183.04
3184.96
3186.72
3187.03
3188.95
3189.62
3193.59
3200.05
3207.00
3211.20
3216.00
3218.00
3220.67
3206.50
3200.68
3200.52
3200.24
3198.57
3193.59
3175.80
3172.90
3178.47
3176.19
3172.62
3168.29
3166.76
3165.33
3157.87
3157.73
3149.00
3149.69
3143.60
3142.82
3153.43
3151.30
3134.79
3140.75
3138.21
3137.44
3150.75
3148.94
3143.25
3149.65
3159.19
3167.25
3183.00
3179.11
3184.09
3187.47
3186.00
3180.12
3177.29
3176.70
3173.89
3174.63
3176.44
3176.86
3175.67
3177.75
3175.67
3177.38
3181.20
3179.11
3181.50
3178.30
3183.50
3185.25
3187.29
3183.50
3182.78
3178.71
3177.14
3173.82
3176.50
3175.85
3172.81
3174.50
3173.17
3163.92
3169.21
3167.21
3164.75
3172.69
3173.89
3168.00
3172.71
3169.75
3167.33
3168.33
3173.28
3166.50
3151.57
3174.29
3171.36
3165.67
3170.00
3166.80
3144.78
3145.22
3143.35
3141.68
3157.72
3156.97
3146.32
3159.96
3165.74
3174.25
3178.64
3174.44
3178.09
3187.25
3189.00
3190.21
3186.36
3180.17
3177.56
3184.57
3181.33
3181.17
3179.44
3180.25
3180.00
3183.17
3181.82
3192.48
3182.86
3195.08
3200.50
3204.12
3207.11
3202.31
3216.17
3210.71
3211.83
3215.00
3221.16
3229.00
3224.55
3226.57
3228.66
3226.35
3214.53
3207.36
3209.82
3205.11
3202.98
3205.62
3207.31
3196.60
3194.57
3182.27
3173.40
3179.96
3173.48
3178.68
3188.36
3190.54
3199.86
3198.09
3204.83
3209.88
3213.50
3217.64
3218.50
3176.69
3181.14
3231.79
3236.45
3237.94
3247.38
3245.91
3248.88
3248.71
3251.06
3255.95
3256.25
3253.81
3248.94
3243.88
3240.05
3241.79
3238.38
3240.79
3226.95
3222.54
3218.00
3206.78
3200.69
3202.67
3197.43
3195.86
3194.50
3195.60
3194.12
3198.50
3197.81
3199.69
3195.40
3195.07
3191.93
3191.47
3196.40
3195.62
3196.60
3189.78
3196.29
3193.13
3199.00
3191.08
3194.31
3196.25
3202.71
3204.70
3204.80
3207.60
3205.40
3204.67
3207.00
3206.20
3202.12
3204.36
3204.40
3203.93
3201.75
3203.33
3211.00
3203.44
3202.18
3198.25
3201.67
3201.08
3201.09
3197.92
3198.41
3200.16
3200.00
3202.00
3201.62
3204.25
3196.00
3202.22
3198.06
3192.50
3189.67
3204.64
3206.42
3200.00
3201.20
3201.29
3189.65
3186.71
3190.95
3186.57
3193.20
3204.47
3206.54
3225.60
3226.43
3241.29
3247.84
3255.06
3265.65
3268.83
3270.25
3271.50
3272.00
3270.00
3269.57
3269.86
3265.60
3268.50
3273.00
3272.83
3272.50
3270.43
3272.50
3293.79
3276.29
3269.25
3291.45
3275.00
3289.00
3299.29
3305.37
3304.32
3305.61
3306.91
3307.85
3304.17
3297.24
3293.40
3295.67
3291.17
3291.38
3291.36
3288.67
3296.14
3296.36
3294.79
3307.39
3301.94
3306.29
3297.33
3308.27
3306.43
3316.82
3314.50
3318.31
3321.31
3325.54
3325.79
3323.64
3324.17
3326.00
3321.45
3320.86
3321.50
3322.53
3326.58
3324.85
3320.82
3316.46
3310.58
3323.67
3314.19
3314.47
3321.78
3305.27
3297.50
3294.94
3282.50
3280.25
3281.17
3286.00
3285.50
3276.82
3276.25
3273.38
3274.33
3272.56
3272.60
3273.50
3269.67
3272.00
3271.43
3272.54
3273.22
3271.70
3270.44
3269.42
3268.55
3280.61
3286.08
3279.47
3276.00
3278.50
3289.87
3297.43
3301.20
3298.36
3299.67
3296.32
3293.79
3295.73
3300.50
3296.40
3289.25
3292.00
3293.83
3288.20
3252.44
3229.64
3215.69
3215.00
3218.88
3217.00
3216.22
3215.88
3221.71
3223.21
3212.06
3222.78
3233.36
3231.44
3236.58
3249.80
3247.06
3241.31
3252.41
3253.33
3244.86
3252.90
3248.56
3242.62
3238.19
3244.74
3247.14
3246.23
3233.62
3236.83
3235.50
3233.86
3234.92
3235.40
3233.75
3233.80
3223.60
3224.17
3222.82
3221.83
3214.55
3213.67
3206.21
3206.88
3205.00
3206.45
3207.89
3208.25
3207.88
3211.40
3212.73
3210.80
3212.00
3208.32
3211.79
3213.30
3215.59
3210.20
3226.23
3230.43
3224.62
3227.06
3226.20
3212.75
3216.60
3214.88
3216.50
3213.33
3213.50
3213.18
3211.33
3210.29
3210.43
3206.40
3211.57
3210.75
3210.00
3209.20
3208.56
3207.89
3205.45
3202.58
3198.80
3202.29
3202.55
3202.12
3198.33
3194.33
3194.00
3192.50
3195.25
3189.67
3193.55
3186.88
3203.12
3195.57
3202.71
3204.75
3204.33
3202.00
3200.89
3190.95
3190.62
3187.89
3195.10
3185.00
3179.88
3181.13
3189.04
3186.92
3185.86
3181.95
3193.38
3196.75
3204.50
3206.67
3202.00
3206.12
3208.33
3207.00
3207.00
3207.12
3207.14
3204.12
3200.92
3198.80
3198.00
3200.16
3200.19
3198.24
3191.64
3193.23
3194.93
3200.11
3198.00
3192.41
3198.50
3194.26
3185.71
3187.94
3188.42
3197.25
3193.46
3193.79
3204.25
3210.00
3201.89
3211.40
3212.12
3212.67
3207.14
3206.10
3205.50
3205.83
3210.60
3207.31
3207.55
3206.75
3209.20
3216.29
3224.54
3216.50
3224.67
3224.20
3231.90
3232.44
3232.67
3232.71
3234.64
3231.91
3238.40
3237.58
3237.00
3227.00
3241.44
3244.75
3253.00
3254.33
3257.80
3255.94
3256.89
3253.00
3228.50
3234.07
3227.52
3235.89
3226.32
3242.76
3229.53
3229.28
3229.40
3212.58
3204.50
3205.00
3201.00
3202.08
3202.62
3198.58
3192.56
3198.10
3194.70
3197.60
3193.88
3185.00
3179.25
3174.33
3168.19
3177.15
3174.17
3159.94
3172.14
3160.31
3151.31
3149.38
3149.00
3147.17
3145.50
3142.27
3146.56
3145.94
3146.50
3140.86
3143.33
3143.67
3141.33
3133.29
3136.83
3135.89
3135.90
3135.12
3134.56
3134.00
3136.12
3135.14
3141.00
3138.50
3145.00
3162.00
3159.42
3163.17
3167.00
3175.82
3174.00
3176.67
3185.00
3175.80
3175.67
3176.08
3175.60
3179.67
3176.57
3171.22
3169.19
3170.18
3168.64
3166.29
3164.38
3170.50
3166.37
3162.25
3158.09
3137.86
3136.47
3145.60
3137.33
3141.07
3141.87
3140.90
3149.00
3167.03
3169.47
3171.62
3150.50
3156.50
3171.22
3178.79
3195.25
3193.71
3187.17
3193.54
3193.86
3190.21
3189.61
3191.19
3182.50
3179.93
3162.36
3166.27
3167.62
3163.95
3153.96
3149.32
3137.17
3136.47
3132.73
3128.87
3129.73
3127.43
3125.80
3124.77
3125.82
3134.17
3144.86
3147.89
3155.03
3157.17
3159.07
3168.00
3173.12
3177.26
3185.11
3184.60
3185.80
3186.67
3172.18
3174.39
3169.85
3174.71
3177.76
3157.09
3159.23
3154.62
3153.48
3153.14
3152.74
3143.92
3156.00
3157.19
3162.07
3161.46
3162.88
3167.70
3168.33
3169.33
3166.46
3166.57
3168.67
3161.08
3160.67
3165.92
3166.29
3164.85
3163.40
3163.82
3166.67
3161.29
3164.50
3165.00
3163.86
3173.77
3176.64
3174.73
3169.00
3171.10
3170.40
3179.46
3182.50
3187.57
3186.50
3193.25
3189.33
3186.67
3190.62
3192.31
3190.60
3186.50
3189.00
3188.33
3189.88
3188.88
3191.00
3196.86
3195.83
3193.83
3191.50
3190.15
3192.92
3191.31
3178.92
3186.16
3175.40
3168.50
3167.00
3169.83
3156.80
3169.90
3159.50
3166.13
3167.83
3161.64
3155.82
3174.00
3161.43
3157.00
3176.57
3185.61
3189.73
3196.82
3194.10
3193.67
3190.41
3196.74
3190.11
3189.59
3190.42
3193.82
3197.96
3196.87
3194.50
3201.05
3199.45
3205.00
3201.00
3200.60
3194.29
3190.64
3195.25
3187.33
3186.85
3188.67
3185.56
3193.30
3196.43
3195.67
3195.50
3213.00
3234.05
3251.35
3256.54
3260.50
3261.60
3261.30
3261.17
3261.33
3263.25
3260.17
3262.57
3262.80
3264.33
3262.17
3257.85
3262.67
3259.00
3255.56
3255.11
3255.64
3260.09
3255.40
3261.95
3262.95
3258.58
3264.83
3271.00
3281.25
3284.77
3284.50
3287.00
3282.50
3273.67
3281.85
3284.12
3275.42
3272.40
3265.69
3268.79
3250.41
3231.44
3233.45
3229.63
3240.27
3212.17
3212.12
3214.58
3213.00
3211.55
3209.91
3217.00
3216.80
3215.67
3214.36
3212.31
3207.50
3212.20
3207.50
3208.29
3208.00
3211.00
3206.67
3208.33
3212.91
3218.29
3234.46
3233.76
3230.92
3214.00
3222.00
3208.00
3211.78
3205.29
3206.25
3205.50
3205.50
3210.00
3214.00
3213.14
3231.60
3232.31
3235.23
3229.40
3242.60
3235.62
3240.82
3240.23
3240.25
3241.64
3242.55
3246.50
3245.44
3235.62
3249.80
3247.29
3242.85
3250.76
3255.42
3246.00
3271.00
3271.00
3275.00
3275.00
3267.00
3275.91
3308.86
3288.13
3261.65
3258.83
3253.17
3254.11
3246.81
3234.83
3240.79
3239.50
3239.64
3230.73
3231.29
3242.52
3245.56
3241.55
3249.32
3254.88
3257.92
3257.90
3256.50
3264.08
3263.08
3261.46
3259.61
3258.24
3255.85
3251.09
3249.25
3248.18
3247.70
3247.00
3249.62
3245.92
3228.44
3227.33
3213.00
3212.40
3218.88
3220.13
3220.38
3225.93
3222.50
3228.30
3233.00
3237.15
3235.50
3233.00
3240.45
3243.12
3242.77
3247.14
3247.00
3242.15
3246.78
3244.89
3243.38
3241.60
3241.54
3239.30
3235.00
3237.00
3236.00
3235.33
3233.57
3232.83
3231.83
3231.50
3232.50
3233.29
3231.75
3232.17
3225.42
3232.18
3246.43
3245.93
3249.31
3248.38
3260.87
3249.11
3261.50
3267.14
3269.80
3263.33
3264.33
3264.00
3268.25
3267.17
3267.57
3266.50
3263.83
3259.38
3263.33
3266.67
3262.29
3256.50
3265.00
3263.38
3265.29
3264.67
3265.00
3267.50
3269.00
3268.80
3261.67
3259.89
3260.18
3262.43
3257.00
3256.77
3252.00
3254.33
3250.50
3251.14
3223.14
3220.78
3223.60
3222.75
3215.00
3215.00
3215.50
3211.80
3215.00
3215.50
3209.62
3208.64
3211.00
3182.00
3168.41
3142.16
3132.83
3133.91
3133.71
3133.75
3134.50
3125.61
3123.07
3124.31
3126.11
3135.67
3138.89
3138.12
3141.31
3142.31
3143.89
3143.42
3146.15
3149.33
3144.64
3145.42
3152.20
3158.25
3154.75
3169.61
3168.33
3158.38
3171.00
3185.41
3196.26
3216.54
3200.79
3171.88
3192.60
3192.11
3161.88
3158.73
3169.93
3162.02
3144.67
3140.74
3145.22
3113.20
3108.32
3114.52
3105.79
3103.88
3102.08
3102.88
3103.36
3104.73
3110.00
3120.38
3109.41
3118.38
3115.29
3123.07
3122.50
3122.05
3122.70
3121.10
3115.82
3115.78
3113.00
3112.50
3114.56
3114.57
3111.00
3106.50
3109.50
3110.00
3111.25
3105.83
3104.25
3107.43
3105.57
3106.56
3115.75
3116.75
3119.00
3121.10
3117.09
3118.83
3120.14
3116.60
3120.80
3141.40
3154.50
3154.00
3156.00
3156.25
3158.00
3155.00
3151.67
3150.50
3151.33
3148.36
3147.33
3149.92
3150.88
3150.86
3153.21
3159.67
3162.23
3162.36
3164.33
3160.14
3155.75
3160.90
3161.17
3162.50
3163.90
3164.73
3167.40
3168.64
3163.83
3161.30
3164.80
3172.00
3169.50
3172.90
3155.60
3149.41
3132.40
3145.05
3133.55
3128.70
3133.75
3155.75
3156.50
3150.00
3141.20
3157.28
3167.31
3165.00
3170.11
3168.00
3166.20
3176.50
3177.00
3187.75
3180.67
3179.92
3177.91
3170.83
3179.13
3171.33
3168.83
3172.75
3173.36
3174.11
3176.50
3173.67
3176.86
3184.43
3188.00
3189.50
3190.00
3192.86
3191.00
3188.82
3185.33
3185.40
3191.07
3189.81
3184.50
3179.57
3178.56
3174.83
3180.57
3177.89
3182.33
3177.33
3180.00
3182.27
3179.00
3176.07
3165.00
3167.38
3173.08
3172.62
3173.44
3174.50
3173.07
3174.15
3172.67
3166.29
3172.91
3173.71
3167.09
3162.86
3159.00
3144.60
3142.46
3143.59
3136.22
3140.71
3135.67
3136.00
3128.47
3127.44
3124.94
3128.83
3124.04
3126.75
3130.26
3128.72
3132.86
3135.14
3131.95
3132.60
3130.36
3132.64
3138.14
3134.30
3137.40
3139.36
3140.18
3140.62
3139.54
3139.80
3146.50
3145.33
3140.82
3145.50
3147.43
3148.83
3147.20
3144.56
3144.50
3144.40
3142.36
3144.50
3139.50
3142.00
3137.83
3132.07
3122.59
3119.89
3122.64
3121.18
3119.17
3122.11
3122.00
3121.82
3121.64
3119.31
3124.20
3190.53
3208.27
3213.64
3215.73
3219.50
3247.50
3245.25
3243.75
3237.64
3237.30
3234.56
3234.33
3188.06
3216.54
3213.26
3215.02
3206.53
3198.78
3177.67
3180.07
3178.50
3177.75
3179.33
3175.70
3175.64
3176.78
3177.00
3164.25
3161.47
3168.88
3186.35
3212.09
3159.85
3156.19
3160.67
3166.00
3172.57
3175.00
3174.22
3174.06
3177.00
3174.50
3176.64
3175.11
3177.00
3188.00
3181.12
3197.74
3202.60
3203.52
3201.09
3182.73
3191.09
3187.35
3187.64
3189.38
3190.47
3181.15
3180.30
3162.20
3163.36
3152.77
3167.50
3155.52
3151.47
3147.52
3152.14
3140.82
3142.06
3144.15
3144.14
3138.88
3140.53
3137.08
3138.85
3139.31
3138.82
3143.39
3136.08
3142.25
3142.69
3140.82
3151.20
3151.43
3150.20
3149.93
3150.90
3148.33
3150.57
3154.38
3145.50
3144.84
3145.00
3134.40
3142.31
3144.32
3141.72
3156.00
3153.00
3140.50
3143.62
3145.67
3144.36
3146.67
3146.58
3152.15
3153.70
3154.33
3157.93
3149.88
3158.00
3163.50
3158.20
3169.85
3177.70
3177.50
3177.12
3177.29
3178.70
3186.82
3192.45
3201.64
3207.35
3211.42
3200.95
3184.56
3189.69
3219.69
3229.40
3231.71
3231.44
3231.63
3234.13
3222.55
3218.09
3219.64
3221.73
3221.82
3221.38
3221.12
3233.83
3235.33
3235.20
3232.50
3234.00
3231.88
3237.38
3236.00
3235.90
3236.50
3235.18
3229.60
3228.88
3227.22
3215.78
3226.62
3237.00
3215.75
3210.10
3209.32
3207.74
3204.33
3205.50
3204.55
3203.90
3203.07
3201.17
3199.33
3201.73
3205.47
3206.92
3205.42
3202.10
3204.07
3204.14
3210.60
3204.50
3212.78
3213.29
3211.75
3232.08
3213.00
3214.50
3240.50
3250.57
3263.03
3259.90
3256.18
3255.47
3260.43
3264.86
3272.00
3272.92
3273.78
3270.11
3265.91
3261.00
3259.24
3257.90
3261.50
3260.00
3264.06
3264.00
3260.33
3255.79
3255.72
3259.70
3255.43
3256.23
3255.40
3245.88
3251.36
3252.75
3255.16
3260.63
3255.33
3259.11
3258.06
3258.18
3257.07
3256.13
3256.53
3251.50
3257.15
3257.75
3257.10
3261.42
3260.73
3261.35
3255.67
3256.31
3260.04
3257.67
3254.55
3252.73
3254.52
3257.69
3255.12
3256.64
3253.35
3247.50
3246.24
3245.93
3250.09
3254.57
3258.38
3255.08
3252.21
3266.29
3267.12
3260.67
3260.77
3261.00
3259.89
3255.60
3258.14
3255.83
3255.10
3254.67
3256.61
3261.85
3262.75
3258.50
3261.52
3261.77
3263.75
3268.80
3267.89
3266.50
3269.92
3265.20
3262.50
3272.00
3266.38
3263.60
3263.41
3265.55
3262.24
3262.94
3259.09
3255.80
3246.13
3230.57
3230.14
3246.73
3251.61
3244.71
3245.57
3252.87
3252.90
3252.33
3254.69
3253.93
3250.20
3249.39
3246.30
3237.60
3236.80
3241.73
3243.00
3230.33
3237.56
3236.75
3236.67
3182.02
3182.24
3175.86
3159.53
3163.00
3164.55
3166.53
3172.00
3175.04
3184.79
3179.57
3187.84
3187.44
3195.23
3190.78
3209.50
3200.36
3195.90
3187.06
3180.38
3179.53
3179.76
3179.05
3169.94
3169.30
3171.55
3167.33
3164.91
3166.28
3166.67
3168.65
3168.31
3157.35
3153.32
3143.05
3143.79
3140.73
3133.76
3132.16
3133.31
3132.43
3121.22
3124.14
3118.50
3115.38
3120.00
3112.50
3117.94
3121.25
3121.00
3118.83
3118.06
3119.27
3127.68
3123.70
3126.30
3125.71
3126.81
3128.10
3130.35
3129.95
3149.31
3161.83
3160.71
3162.95
3167.76
3160.26
3156.19
3152.87
3147.17
3137.93
3133.49
3139.67
3128.82
3128.41
3118.94
3123.00
3129.30
3134.30
3134.72
3137.76
3134.04
3133.96
3147.80
3140.09
3146.53
3159.52
3175.80
3171.80
3229.83
3269.06
3391.21
3452.77
3286.15
3182.14
3185.57
3187.25
3187.08
3184.50
3186.64
3182.09
3181.86
3179.53
3183.57
3182.55
3181.20
3181.25
3177.13
3180.12
3178.00
3181.07
3183.08
3177.54
3174.78
3178.73
3176.00
3173.44
3177.89
3179.53
3180.25
3179.21
3179.87
3175.00
3182.38
3189.60
3192.20
3188.55
3184.60
3183.10
3180.00
3180.75
3182.50
3174.64
3181.75
3174.67
3159.94
3155.44
3153.12
3145.88
3143.23
3145.69
3141.24
3141.19
3140.13
3149.18
3145.19
3142.95
3152.00
3150.43
3149.38
3151.00
3150.62
3153.92
3156.17
3153.80
3155.60
3154.64
3154.12
3159.33
3165.27
3163.67
3152.69
3154.14
3152.94
3151.73
3145.30
3149.38
3151.55
3122.00
3116.44
3104.94
3044.64
3205.20
3093.76
3085.47
3027.37
3097.55
3028.79
3102.10
3108.94
3109.49
3112.85
3118.35
3120.52
3119.09
3118.35
3122.25
3125.50
3122.94
3127.12
3126.23
3125.22
3127.18
3124.82
3125.70
3127.84
3130.10
3123.29
3133.00
3137.64
3138.15
3142.22
3143.94
3145.47
3144.37
3142.94
3140.45
3142.29
3141.63
3141.32
3140.85
3138.36
3139.83
3143.35
3142.86
3138.92
3145.00
3140.63
3145.71
3146.56
3153.78
3152.27
3151.67
3153.44
3157.88
3156.67
3155.75
3158.33
3167.00
3145.50
3141.73
3135.75
3140.08
3141.30
3141.76
3140.64
3137.82
3138.94
3132.00
3129.60
3134.09
3133.00
3132.29
3134.27
3128.55
3121.70
3121.71
3119.53
3121.14
3125.85
3126.87
3142.50
3132.50
3132.04
3140.43
3141.76
3142.05
3149.50
3147.43
3143.88
3144.27
3187.50
3182.17
3194.15
3199.33
3204.00
3204.08
3205.69
3205.62
3207.82
3202.93
3202.58
3204.25
3208.00
3206.15
3200.44
3201.57
3205.18
3201.76
3193.50
3201.11
3204.05
3199.41
3195.64
3198.89
3199.96
3199.21
3188.53
3191.17
3190.05
3187.24
3190.50
3191.38
3200.47
3198.62
3206.67
3204.83
3210.25
3213.10
3215.83
3218.40
3251.00
3254.91
3259.50
3262.50
3260.93
3261.96
3264.00
3257.78
3250.00
3254.32
3253.57
3252.22
3228.70
3236.14
3240.17
3225.33
3218.41
3226.71
3221.38
3165.26
3163.05
3166.60
3179.59
3174.81
3153.00
3162.20
3164.42
3159.44
3164.94
3166.10
3173.75
3182.69
3206.53
3200.50
3198.08
3225.95
3238.56
3232.76
3262.57
3207.67
3259.88
3263.93
3265.41
3265.67
3262.27
3272.00
3265.13
3265.50
3267.12
3265.38
3263.55
3264.00
3261.50
3259.82
3258.16
3263.93
3262.33
3262.62
3256.07
3267.20
3268.40
3260.89
3259.17
3258.61
3254.12
3229.76
3221.27
3258.75
3223.96
3223.82
3215.30
3205.43
3203.11
3202.67
3200.53
3204.83
3207.30
3207.67
3211.22
3213.27
3219.21
3218.13
3229.94
3236.00
3230.90
3225.33
3247.35
3257.77
3246.55
3240.20
3245.00
3240.40
3240.33
3233.20
3237.85
3252.00
3240.17
3245.09
3249.12
3243.74
3247.73
3248.19
3254.92
3248.50
3253.17
3247.39
3238.75
3241.71
3227.44
3227.56
3239.35
3239.89
3237.48
3229.38
3224.31
3217.45
3212.35
3211.13
3207.40
3206.38
3207.43
3207.62
3208.22
3205.47
3203.79
3198.79
3202.57
3205.18
3211.75
3199.36
3198.84
3196.00
3189.89
3179.06
3191.50
3196.33
3199.00
3197.22
3194.20
3205.44
3211.37
3215.83
3205.40
3217.44
3233.07
3238.14
3241.50
3240.57
3238.89
3240.18
3243.00
3243.33
3243.00
3244.33
3255.90
3247.76
3245.91
3265.00
3257.04
3261.71
3258.00
3258.00
3256.86
3261.89
3259.12
3253.10
3256.45
3261.64
3258.71
3250.60
3247.45
3248.29
3251.06
3247.86
3257.14
3251.36
3253.29
3266.88
3251.17
3254.00
3259.00
3283.15
3295.56
3307.17
3304.49
3305.85
3306.93
3306.86
3312.10
3323.79
3330.75
3324.00
3325.62
3328.89
3336.40
3330.83
3331.17
3336.33
3334.50
3332.50
3329.12
3329.46
3329.33
3329.73
3332.87
3333.31
3333.92
3339.07
3338.31
3338.27
3347.43
3346.50
3347.40
3341.50
3346.50
3346.44
3338.92
3342.00
3331.29
3338.75
3339.73
3334.56
3344.08
3333.16
3321.43
3316.09
3320.36
3318.50
3318.10
3319.82
3312.83
3326.43
3326.83
3330.90
3323.43
3336.77
3355.36
3359.33
3342.86
3348.59
3368.91
3380.50
3382.33
3381.50
3386.00
3382.60
3385.40
3387.10
3386.38
3382.00
3382.79
3385.71
3383.20
3385.12
3385.56
3386.20
3384.45
3382.85
3381.36
3384.08
3378.57
3380.27
3379.09
3379.18
3376.50
3369.60
3376.50
3372.12
3381.38
3376.94
3388.67
3378.29
3395.00
3385.50
3386.36
3390.00
3390.00
3395.20
3397.50
3396.67
3398.25
3397.33
3394.50
3397.00
3394.70
3395.17
3394.92
3396.50
3395.80
3393.00
3388.80
3385.83
3394.50
3391.83
3390.25
3393.50
3386.60
3399.12
3398.85
3402.27
3424.03
3427.91
3430.77
3431.67
3432.85
3438.50
3449.09
3448.89
3447.67
3450.16
3459.88
3462.88
3475.08
3478.00
3477.50
3476.89
3478.09
3480.44
3481.83
3485.06
3482.00
3486.09
3509.40
3511.23
3514.92
3533.60
3547.14
3556.94
3571.20
3563.43
3559.48
3560.81
3565.50
3586.81
3591.75
3590.00
3594.06
3601.25
3606.50
3604.18
3606.11
3610.00
3602.40
3606.17
3607.29
3606.40
3610.75
3638.26
3658.08
3664.04
3729.04
3672.96
3675.21
3394.10
3515.12
3441.46
3700.65
3719.25
3726.75
3730.00
3729.81
3733.16
3734.21
3733.64
3739.07
3739.60
3740.64
3739.70
3739.60
3741.67
3741.00
3735.71
3738.00
3736.56
3740.07
3735.60
3733.78
3746.58
3739.31
3758.44
3751.20
3747.43
3760.00
3755.64
3749.86
3756.80
3756.92
3752.00
3755.91
3766.50
3758.07
3753.78
3758.91
3753.62
3766.50
3769.86
3778.83
3782.14
3775.93
3777.55
3773.10
3778.56
3778.29
3779.00
3776.53
3781.87
3781.00
3783.69
3783.00
3780.54
3785.35
3787.31
3838.84
3870.18
3875.07
3877.15
3873.92
3898.72
3905.15
3910.68
3905.03
3911.06
3912.67
3919.62
3917.00
3918.73
3919.20
3921.06
3920.75
3921.74
3920.82
3919.54
3922.61
3925.19
3925.68
3921.71
3931.77
3937.90
3940.00
3942.13
3943.89
3948.87
3955.77
3951.74
3954.08
3957.58
3957.11
3956.71
3958.63
3938.86
3930.00
3918.95
3918.70
3938.80
3926.43
3905.68
3889.72
3880.38
3883.80
3878.00
3880.25
3878.00
3877.00
3878.33
3880.80
3881.20
3880.29
3883.67
3883.00
3884.33
3885.00
3887.08
3890.55
3888.89
3890.62
3893.60
3888.00
3886.50
3886.67
3889.00
3887.78
3888.25
3810.86
3793.31
3782.26
3776.57
3753.16
3743.25
3720.00
3730.28
3723.18
3713.00
3719.45
3719.76
3714.77
3715.25
3714.00
3717.80
3725.00
3722.27
3724.23
3726.58
3725.95
3724.88
3722.00
3733.45
3734.00
3737.81
3740.11
3739.83
3737.83
3741.10
3739.72
3741.06
3726.83
3730.73
3731.83
3729.41
3727.83
3724.69
3721.44
3712.12
3713.83
3712.78
3712.73
3711.20
3707.67
3707.25
3705.46
3703.80
3700.50
3696.14
3699.00
3701.11
3697.45
3697.00
3701.36
3701.42
3701.93
3699.46
3696.50
3698.00
3697.89
3702.73
3705.58
3699.70
3701.90
3706.86
3701.06
3707.75
3711.71
3713.70
3718.17
3712.60
3711.75
3718.00
3712.60
3717.60
3717.75
3717.83
3714.57
3714.27
3720.10
3720.25
3719.00
3725.88
3719.60
3721.08
3725.14
3721.50
3738.96
3753.92
3754.35
3757.42
3757.00
3757.69
3768.40
3770.67
3769.88
3769.79
3773.00
3775.62
3767.33
3768.78
3772.14
3772.35
3770.27
3782.56
3781.50
3789.50
3779.24
3784.29
3790.40
3804.80
3795.60
3797.17
3830.64
3837.42
3844.00
3846.71
3872.44
3869.64
3884.40
3889.35
3892.82
3902.56
3905.40
3916.65
3914.77
3922.67
3936.61
3943.00
3944.61
3962.54
3970.33
3969.08
3973.61
3983.43
3980.62
3984.79
3979.40
3985.52
3991.68
4003.17
4005.22
4003.14
4001.00
3997.25
3992.33
3988.23
3981.03
3982.25
3986.16
3979.69
3974.70
3968.89
3971.24
3971.29
3967.67
3970.88
3973.00
3971.86
3975.00
3977.87
3973.29
3991.00
4019.06
4033.06
4043.78
4043.30
4064.41
4061.28
4061.52
4070.29
4075.46
4085.29
4089.00
4089.25
4089.55
4091.45
4092.00
4090.82
4085.40
4093.30
4093.92
4096.04
4089.33
4098.65
4094.35
4094.55
4096.90
4115.72
4126.92
4133.07
4141.07
4143.22
4140.43
4141.17
4139.32
4136.15
4143.60
4130.00
4130.37
4128.26
4109.00
4111.47
4097.79
4066.26
4076.23
4079.12
4054.32
4053.56
4044.90
4046.29
4050.00
4054.38
4051.00
4043.14
4039.91
4038.58
4037.60
4037.60
4018.67
4037.43
3992.58
3989.94
3995.36
4000.76
3972.60
3973.50
3971.79
3964.93
3961.91
3963.00
3964.00
3963.70
3961.87
3964.10
3962.88
3960.93
3960.10
3958.17
3959.75
3950.71
3935.81
3934.08
3937.25
3917.04
3907.93
3907.00
3906.29
3893.50
3888.56
3725.69
3884.79
3878.63
3869.30
3865.11
3852.22
3765.52
3830.59
3754.61
3810.92
3760.46
3810.40
3807.51
3796.30
3723.92
3713.47
3729.55
3766.71
3761.88
3670.15
3732.74
3730.26
3712.52
3711.53
3703.94
3693.82
3697.33
3681.22
3672.63
3676.38
3674.14
3672.95
3667.69
3660.38
3655.45
3647.54
3653.31
3649.67
3632.57
3631.06
3618.27
3615.66
3611.11
3604.09
3582.15
3574.29
3573.91
3574.70
3570.50
3585.85
3575.41
3584.47
3589.69
3592.67
3594.00
3577.37
3573.85
3574.45
3576.26
3580.39
3559.80
3561.33
3564.06
3529.79
3528.44
3515.19
3520.73
3503.76
3501.57
3493.45
3492.33
3482.50
3489.00
3485.22
3478.33
3474.32
3471.61
3477.19
3470.57
3464.05
3456.27
3452.75
3453.57
3452.80
3453.25
3454.67
3458.57
3457.50
3457.25
3454.17
3456.43
3455.30
3455.00
3451.50
3453.33
3452.58
3450.40
3450.47
3452.30
3448.30
3443.57
3444.00
3441.00
3422.27
3411.67
3410.55
3403.29
3395.33
3390.00
3393.62
3392.42
3391.33
3393.20
3386.09
3386.15
3385.50
3398.94
3401.16
3391.36
3390.37
3402.78
3397.57
3406.57
3404.85
3407.35
3424.71
3424.71
3422.33
3419.86
3417.41
3409.86
3406.50
3408.15
3404.56
3409.55
3406.00
3406.13
3407.00
3400.36
3398.36
3395.90
3395.93
3400.86
3393.94
3393.50
3375.90
3371.21
3366.16
3362.96
3361.77
3354.68
3361.39
3361.36
3363.73
3365.50
3365.24
3362.21
3347.21
3345.86
3350.14
3350.19
3353.90
3339.11
3345.65
3337.76
3340.15
3339.33
3345.24
3339.73
3356.33
3339.36
3338.74
3365.17
3365.75
3375.00
3390.20
3380.56
3375.00
3369.07
3366.73
3368.00
3368.95
3368.14
3368.16
3371.57
3367.47
3368.11
3368.00
3362.40
3366.06
3365.14
3364.80
3370.00
3361.69
3315.65
3316.61
3288.45
3270.11
3269.82
3269.20
3268.47
3270.07
3270.68
3263.17
3269.08
3271.42
3275.64
3275.43
3272.15
3271.29
3275.75
3271.33
3268.92
3269.00
3258.75
3269.50
3268.00
3269.24
3268.87
3269.00
3267.00
3270.89
3269.40
3273.00
3278.00
3267.53
3268.36
3267.09
3270.83
3267.70
3276.14
3326.56
3333.65
3341.06
3345.25
3341.64
3340.35
3346.55
3350.29
3342.00
3337.93
3335.73
3329.74
3325.07
3328.32
3323.53
3321.73
3330.36
3332.67
3319.33
3320.00
3317.50
3321.60
3322.00
3318.75
3323.50
3329.17
3287.91
3136.72
2970.80
3331.83
3330.57
3335.87
3362.12
3350.07
3365.57
3359.00
3358.38
3359.93
3362.00
3363.80
3364.50
3365.46
3372.71
3371.00
3387.57
3379.58
3374.38
3403.46
3410.17
3413.42
3433.22
3435.56
3441.63
3441.40
3442.29
3440.71
3442.07
3444.15
3451.65
3447.13
3444.64
3440.36
3432.00
3427.71
3425.38
3432.25
3427.00
3429.00
3431.80
3430.22
3428.00
3426.27
3420.40
3426.56
3423.00
3433.00
3485.30
3500.89
3544.43
3546.18
3550.50
3537.59
3553.00
3549.25
3550.88
3560.46
3560.33
3563.60
3566.12
3565.95
3558.82
3556.21
3552.75
3544.77
3545.27
3548.25
3547.08
3558.80
3558.11
3540.87
3541.68
3542.13
3544.19
3548.19
3548.96
3543.77
3548.38
3548.50
3547.83
3551.57
3552.17
3551.86
3559.00
3575.10
3583.71
3582.58
3592.10
3593.00
3595.33
3598.00
3602.17
3611.50
3615.92
3624.08
3636.43
3639.09
3639.59
3647.32
3636.60
3632.67
3627.00
3627.08
3624.86
3625.61
3623.62
3624.47
3628.38
3628.85
3631.67
3628.15
3622.47
3620.95
3623.24
3625.06
3619.40
3620.17
3620.24
3622.78
3611.56
3609.39
3607.84
3602.53
3645.67
3592.29
3601.17
3597.25
3601.33
3596.20
3594.17
3619.20
3594.25
3600.43
3601.29
3594.25
3598.57
3601.00
3599.11
3593.57
3593.56
3598.77
3599.00
3600.00
3601.33
3596.45
3596.15
3594.92
3598.40
3597.85
3599.35
3598.45
3598.91
3600.33
3603.25
3605.40
3609.50
3603.50
3601.88
3602.00
3602.25
3601.86
3604.00
3603.40
3601.00
3601.19
3593.44
3601.50
3586.18
3602.75
3603.50
3600.00
3563.36
3558.88
3555.23
3541.90
3536.50
3520.78
3517.00
3504.84
3499.95
3502.75
3498.85
3497.63
3502.23
3499.12
3488.50
3483.43
3469.10
3309.00
3473.20
3475.61
3477.36
3477.60
3479.09
3477.91
3432.88
3436.89
3431.49
3396.86
3396.33
3393.50
3393.07
3392.70
3392.00
3388.43
3387.00
3393.00
3393.70
3401.20
3403.11
3410.75
3401.67
3399.83
3401.25
3397.17
3401.00
3401.60
3401.67
3401.50
3397.89
3398.91
3396.56
3395.57
3395.75
3393.80
3396.00
3371.78
3389.00
3370.12
3366.50
3366.69
3364.00
3366.67
3364.39
3363.33
3346.88
3348.83
3325.35
3317.93
3310.28
3296.98
3295.64
3292.38
3287.29
3242.55
3276.75
3274.31
3227.89
3279.00
3286.73
3286.81
3293.11
3297.00
3294.80
3294.09
3292.64
3290.75
3292.46
3288.29
3290.82
3293.12
3290.81
3280.50
3280.00
3287.88
3289.43
3284.44
3275.75
3282.36
3277.93
3275.00
3279.60
3278.75
3275.00
3275.86
3280.00
3275.00
3279.40
3280.40
3278.50
3278.75
3278.40
3278.50
3282.50
3278.54
3276.50
3272.82
3277.20
3276.00
3274.92
3277.29
3274.00
3270.50
3268.20
3267.70
3267.42
3264.36
3260.33
3263.45
3253.10
3254.33
3248.64
3249.23
3233.62
3233.00
3224.82
3224.33
3220.76
3233.32
3229.83
3233.94
3238.73
3233.59
3249.71
3258.83
3268.70
3280.00
3296.88
3292.59
3289.31
3293.50
3299.00
3301.11
3305.88
3301.86
3305.14
3307.00
3303.00
3300.42
3298.60
3297.11
3296.75
3295.00
3293.00
3262.06
3239.76
3242.86
3190.79
3186.00
3190.62
3185.23
3184.54
3186.00
3182.00
3186.00
3185.00
3188.00
3184.62
3183.50
3186.14
3186.50
3185.88
3184.64
3186.27
3184.67
3184.80
3180.38
3182.13
3182.00
3181.23
3187.17
3186.62
3196.50
3183.33
3183.75
3201.67
3199.50
3204.57
3206.17
3210.67
3210.67
3209.42
3201.75
3200.33
3195.53
3194.85
3197.71
3203.00
3184.00
3173.38
3164.86
3166.62
3175.71
3158.44
3159.33
3156.75
3153.50
3154.43
3153.82
3154.85
3155.60
3158.20
3156.25
3157.22
3160.33
3165.86
3162.20
3161.00
3162.17
3159.00
3158.40
3159.50
3160.67
3155.29
3155.12
3156.27
3157.33
3154.33
3153.00
3150.57
3145.45
3146.00
3149.75
3144.67
3153.71
3152.83
3152.25
3153.45
3151.75
3154.00
3154.00
3150.50
3146.00
3143.80
3145.15
3147.29
3152.00
3166.33
3173.00
3165.33
3161.00
3167.00
3148.78
3152.88
3196.16
3222.62
3224.42
3239.00
2918.75
3240.00
3232.50
3233.33
3225.78
3224.80
3221.00
3223.00
3223.71
3226.55
3229.50
3225.11
3227.67
3225.38
3224.67
3223.05
3221.00
3218.00
3214.50
3220.88
3223.18
3219.08
3215.00
3216.83
3220.80
3220.00
3219.00
3221.60
3220.60
3218.80
3219.80
3220.33
3223.40
3221.25
3222.43
3222.00
3219.00
3220.67
3218.20
3220.57
3219.50
3218.50
3222.50
3240.18
3238.88
3238.14
3242.00
3242.50
3240.50
3242.00
3230.00
3228.75
3218.77
3213.16
3211.06
3208.56
3208.59
3205.84
3200.80
3231.92
3245.42
3213.45
3208.84
3192.82
3190.89
3194.62
3199.13
3190.41
3179.88
3175.41
3176.89
3171.83
3166.22
3171.40
3178.10
3177.64
3181.67
3182.00
3179.10
3180.38
3180.40
3178.00
3181.60
3178.43
3166.38
3167.22
3169.00
3163.00
3167.67
3160.92
3153.93
3151.10
3150.55
3154.19
3151.42
3149.30
3152.00
3156.31
3156.67
3162.27
3161.00
3162.00
3165.25
3164.00
3159.63
3175.18
3181.38
3176.75
3178.16
3176.32
3175.30
3177.62
3171.78
3170.33
3183.50
3191.88
3193.35
3203.20
3201.32
3202.80
3205.04
3205.90
3209.00
3208.62
3206.24
3204.20
3208.69
3214.86
3227.29
3247.35
3249.35
3240.41
3222.57
3211.50
3215.50
3235.48
3228.04
3215.73
3208.69
3207.68
3196.53
3199.50
3201.00
3188.90
3186.14
3190.38
3178.86
3182.07
3180.17
3179.56
3173.60
3180.25
3179.12
3181.71
3176.10
3185.09
3156.74
3081.88
3157.06
2980.58
3132.35
3146.00
3138.50
3144.82
3143.50
3142.30
3139.96
3144.64
3150.32
3143.67
3147.83
3159.50
3156.86
3155.80
3167.56
3158.53
3160.84
3166.71
3171.30
3169.00
3157.25
3158.75
3166.57
3177.57
3166.00
3187.15
3194.22
3198.08
3206.87
3209.38
3205.12
3197.09
3202.43
3204.67
3198.04
3185.42
3182.85
3181.38
3170.66
3171.41
3168.12
3169.40
3172.60
3170.26
3170.40
3167.88
3174.00
3177.73
3178.15
3178.60
3178.22
3179.61
3175.00
3175.35
3167.15
3166.65
3167.57
3164.35
3162.47
3164.60
3157.00
3161.67
3168.50
3170.67
3166.06
3165.93
3166.62
3163.50
3163.50
3166.43
3159.50
3161.12
3160.25
3165.00
3164.25
3163.50
3165.00
3167.50
3188.61
3095.69
3193.50
3184.43
3184.46
3185.97
3183.54
3184.80
3186.17
3166.28
3163.64
3159.08
3157.93
3153.00
3155.12
3157.90
3150.25
3148.44
3150.25
3150.47
3150.09
3148.00
3148.00
3142.50
3151.67
3156.30
3157.00
3158.75
3157.67
3160.57
3159.56
3158.67
3151.91
3148.60
3148.38
3155.79
3152.56
3146.90
3151.18
3150.00
3136.57
3131.14
3130.60
3132.44
3140.00
3145.17
3145.36
3150.40
3146.25
3152.20
3143.80
3144.00
3142.33
3140.07
3135.21
3130.82
3135.46
3135.75
3132.29
3131.60
3130.21
3125.17
3122.00
3115.89
3119.27
3121.43
3126.82
3126.21
3130.30
3133.25
3138.17
3146.77
3147.48
3147.75
3147.47
3153.50
3150.94
3152.56
3152.59
3155.33
3152.33
3152.67
3152.45
3152.75
3152.00
3150.27
3147.83
3145.83
3152.79
3151.57
3152.20
3153.20
3154.92
3156.40
3154.00
3156.22
3155.91
3157.64
3157.20
3158.33
3159.00
3163.20
3163.75
3174.70
3163.40
3179.50
3169.00
3194.39
3196.29
3205.83
3207.45
3209.69
3205.91
3211.00
3214.50
3212.50
3212.45
3212.73
3212.46
3212.58
3211.43
3212.00
3207.86
3198.75
3204.83
3196.83
3194.17
3198.30
3202.00
3200.33
3164.76
3137.73
3132.07
3135.87
3128.73
3128.76
3124.30
3119.91
3120.14
3124.50
3125.00
3123.80
3126.20
3131.80
3127.40
3151.07
3150.83
3140.78
3143.78
3163.83
3170.52
3169.71
3179.85
3179.64
3181.00
3182.31
3184.21
3185.79
3190.33
3195.23
3194.78
3191.00
3193.55
3191.00
3195.40
3198.77
3202.64
3206.45
3205.60
3205.40
3208.22
3202.00
3200.29
3195.57
3190.12
3202.46
3202.70
3202.40
3202.25
3173.54
3171.00
3171.85
3169.21
3177.31
3173.65
3182.48
3188.14
3205.12
3200.62
3214.14
3213.39
3212.10
3224.00
3228.08
3240.33
3241.67
3237.00
3230.40
3226.00
3208.50
3206.05
3200.90
3193.62
3193.79
3188.53
3178.34
3161.13
3164.32
3141.41
3136.63
3131.38
3145.50
3132.64
3124.08
3121.50
3115.50
3120.50
3121.29
3123.38
3119.00
3119.78
3120.73
3120.43
3135.25
3128.71
3141.21
3139.08
3140.48
3142.55
3138.17
3172.75
3175.42
3176.48
3178.85
3180.36
3179.22
3179.57
3187.75
3190.36
3190.25
3193.45
3192.43
3193.67
3190.59
3187.76
3178.48
3179.70
3179.57
3184.79
3176.27
3170.30
3152.50
3150.67
3143.90
3141.95
3142.00
3152.40
3139.44
3142.85
3138.52
3133.65
3137.79
3140.54
3140.70
3144.11
3137.39
3139.21
3138.00
3133.33
3130.10
3112.06
3116.71
3114.44
3116.17
3127.00
3129.50
3134.31
3146.03
3148.90
3151.83
3161.00
3158.11
3155.39
3167.85
3178.07
3183.89
3175.80
3172.07
3172.67
3174.06
3176.65
3173.25
3176.80
3185.73
3182.28
3179.50
3176.23
3175.07
3178.00
3178.77
3178.53
3174.88
3163.18
3159.08
3159.56
3157.11
3163.00
3149.67
3139.06
3147.69
3140.11
3139.74
3138.55
3136.73
3137.82
3144.37
3139.31
3144.75
3146.93
3147.32
3145.75
3152.47
3152.87
3155.25
3152.20
3153.17
3162.10
3160.68
3162.71
3164.92
3162.20
3171.07
3172.96
3188.44
3187.25
3186.80
3184.14
3184.60
3183.20
3185.00
3184.08
3185.71
3174.00
3173.14
3173.00
3152.37
3146.28
3155.12
3152.97
3149.42
3182.75
3185.00
3184.80
3185.17
3169.40
3169.56
3184.50
3186.33
3181.00
3197.53
3210.10
3211.25
3214.00
3220.00
3224.20
3225.00
3211.09
3214.88
3204.55
3199.31
3197.23
3196.70
3194.48
3197.06
3197.11
3200.96
3189.00
3186.10
3179.21
3165.91
3159.97
3164.32
3157.90
3150.73
3152.62
3149.00
3137.89
3139.67
3139.30
3142.20
3143.33
3141.17
3135.88
3139.37
3142.12
3136.32
3136.33
3136.10
3140.50
3135.41
3132.91
3136.28
3137.70
3145.50
3147.62
3144.89
3147.22
3151.00
3150.67
3152.38
3157.45
3150.86
3149.50
3147.33
3150.00
3145.75
3152.22
3150.71
3148.11
3141.00
3144.58
3140.00
3139.00
3139.88
3140.43
3142.67
3147.70
3154.53
3150.76
3156.50
3159.40
3156.22
3159.50
3156.50
3157.40
3160.43
3168.00
3160.50
3160.40
3159.91
3160.36
3159.84
3161.89
3163.42
3167.60
3177.45
3184.71
3186.62
3180.80
3181.86
3180.27
3171.82
3167.50
3169.00
3170.25
3167.29
3162.50
3162.00
3162.20
3155.12
3155.08
3156.08
3156.38
3151.96
3152.17
3150.12
3158.19
3149.33
3149.91
3141.53
3129.68
3124.42
3112.06
3114.78
3115.21
3116.62
3116.54
3118.30
3118.50
3119.73
3118.50
3126.32
3124.67
3128.62
3136.88
3140.62
3141.75
3140.00
3145.00
3145.20
3144.70
3136.67
3139.57
3139.68
3137.19
3141.05
3145.77
3145.25
3143.88
3144.97
3149.88
3157.94
3154.68
3157.87
3166.83
3166.00
3174.50
3175.23
3348.83
3178.00
3180.75
3173.14
3207.31
3168.33
3150.06
3171.00
3119.25
3167.33
3161.88
3163.00
3166.85
3165.64
3165.09
3161.57
3161.54
3160.06
3135.28
3138.38
3140.58
3140.20
3127.77
3136.88
3121.16
3106.12
3087.30
3097.00
3079.22
3076.31
3082.63
3081.49
3077.47
3078.63
3081.13
3087.22
3098.15
3089.36
3095.65
3097.08
3104.80
3118.33
3123.69
3127.64
3130.00
3132.35
3134.67
3137.57
3135.69
3134.88
3136.27
3138.50
3142.14
3141.67
3144.60
3143.86
3141.73
3140.70
3141.75
3139.06
3134.68
3136.39
3132.71
3136.62
3143.50
3146.11
3144.60
3139.20
3141.07
3140.76
3138.29
3136.31
3129.89
3131.20
3126.50
3125.60
3118.14
3115.91
3116.93
3127.33
3129.00
3122.13
3125.67
3132.14
3134.35
3141.39
3143.73
3146.06
3144.08
3149.00
3153.69
3151.33
3146.52
3146.67
3147.43
3137.55
3151.90
3139.88
3129.14
3130.60
3129.80
3128.90
3123.92
3105.41
3103.00
3102.67
3095.33
3103.68
3104.15
3102.15
3108.52
3111.33
3112.07
3110.64
3119.86
3111.06
3111.27
3107.62
3103.89
3103.79
3099.00
3097.25
3099.33
3108.50
3106.94
3108.77
3108.27
3117.11
3120.33
3122.00
3123.50
3129.46
3128.06
3125.75
3121.59
3126.84
3125.63
3120.00
3120.25
3121.53
3109.59
3104.64
3121.00
3121.00
3121.63
3115.92
3115.78
3116.67
3105.77
3106.24
3104.88
3102.55
3110.00
3097.80
3113.47
3120.71
3116.80
3120.20
3120.44
3112.92
3115.06
3113.50
3114.07
3117.29
3116.81
3115.00
3128.25
3118.69
3120.38
3121.57
3113.83
3117.67
3117.90
3116.17
3117.25
3116.85
3118.67
3116.73
3117.46
3121.57
3119.18
3124.96
3129.00
3122.57
3123.91
3123.00
3129.44
3192.78
3203.39
3214.53
3215.46
3209.65
3211.08
3204.71
3198.05
3197.11
3192.38
3189.29
3178.08
3177.00
3178.11
3177.06
3177.07
3177.60
3177.50
3180.17
3178.50
3178.12
3182.12
3182.67
3183.12
3183.08
3177.80
3180.38
3178.85
3178.77
3179.33
3178.08
3176.78
3178.33
3180.33
3176.07
3165.93
3163.83
3148.75
3152.00
3151.07
3156.00
3147.46
3143.58
3143.62
3140.86
3138.33
3135.25
3137.17
3139.17
3143.00
3140.33
3138.29
3135.80
3133.71
3135.25
3132.75
3133.80
3128.50
3128.14
3128.67
3103.00
3093.22
3096.16
3102.90
3102.07
3115.20
3100.92
3124.80
3125.22
3111.56
3119.83
3127.00
3129.07
3127.67
3129.67
3131.00
3132.62
3131.80
3132.33
3128.50
3130.25
3129.17
3127.78
3128.88
3130.93
3128.22
3128.32
3128.40
3118.50
3133.38
3129.00
3127.10
3137.67
3152.75
3150.85
3155.82
3154.42
3156.07
3155.30
3151.67
3146.73
3143.00
3150.06
3150.43
3149.21
3155.33
3154.81
3150.93
3165.67
3161.42
3147.64
3162.33
3162.64
3157.78
3156.40
3153.50
3154.29
3157.22
3156.46
3152.00
3148.71
3128.88
3153.64
3138.82
3123.28
3098.13
3098.90
3101.20
3101.75
3103.40
3098.57
3098.23
3106.67
3114.78
3114.27
3119.12
3103.71
3114.45
3109.50
3126.62
3138.18
3135.67
3137.00
3136.53
3136.25
3135.64
3136.11
3145.29
3141.32
3150.12
3154.57
3160.08
3165.27
3164.38
3163.96
3155.10
3148.48
3151.21
3143.50
3139.50
3140.50
3143.80
3141.00
3140.12
3144.89
3143.25
3141.50
3146.80
3162.71
3164.27
3175.38
3194.00
3203.73
3204.20
3201.54
3204.83
3207.00
3207.18
3211.50
3212.00
3213.20
3206.50
3215.88
3209.55
3209.29
3206.50
3207.43
3201.38
3199.28
3200.18
3193.23
3192.45
3190.55
3182.83
3184.75
3190.00
3188.00
3184.60
3184.43
3185.50
3190.00
3194.22
3194.00
3194.00
3194.50
3192.60
3192.14
3199.00
3183.70
3183.78
3185.12
3188.25
3188.90
3190.11
3192.00
3191.00
3194.40
3189.42
3193.77
3192.00
3198.00
3198.50
3199.00
3197.00
3199.60
3206.50
3195.00
3195.22
3192.40
3193.33
3191.71
3195.70
3197.00
3206.12
3206.17
3198.62
3199.87
3198.93
3203.33
3201.58
3196.62
3194.26
3191.86
3190.80
3188.00
3192.39
3192.73
3192.12
3193.82
3192.08
3191.33
3191.75
3196.71
3193.50
3189.17
3186.00
3190.14
3187.36
3188.33
3188.69
3189.00
3189.83
3192.00
3193.00
3188.33
3189.00
3190.42
3192.50
3190.56
3176.90
3173.33
3146.33
3143.50
3143.50
3142.50
3138.25
3138.67
3140.50
3141.33
3140.29
3140.25
3137.67
3137.14
3140.22
3141.00
3141.00
3142.71
3147.00
3146.11
3144.33
3143.33
3148.67
3148.00
3149.57
3146.67
3154.00
3158.75
3154.47
3156.67
3158.60
3159.33
3159.40
3162.00
3158.86
3157.86
3159.33
3157.91
3157.67
3155.25
3154.20
3139.33
3141.20
3132.00
3141.47
3137.87
3162.04
3161.57
3160.83
3152.24
3206.60
3204.82
3212.00
3213.00
3218.46
3212.00
3213.11
3213.25
3213.50
3215.14
3206.19
3203.79
3201.40
3196.25
3168.00
3176.60
3173.00
3171.75
3168.00
3167.50
3172.00
3166.67
3164.50
3172.00
3172.94
3172.31
3177.35
3181.43
3185.00
3188.20
3186.71
3188.60
3192.57
3194.00
3192.71
3175.88
3175.42
3165.89
3174.35
3152.33
3150.29
3151.33
3150.67
3157.00
3151.75
3150.00
3150.17
3150.17
3144.20
3137.00
3148.36
3147.79
3147.14
3144.71
3146.56
3146.38
3140.75
3145.29
3144.92
3143.25
3143.75
3144.07
3144.18
3138.83
3128.27
3131.26
3108.00
3105.80
3106.00
3105.44
3105.83
3105.33
3108.33
3103.86
3107.62
3108.56
3109.33
3109.20
3106.71
3106.29
3107.00
3120.00
3107.20
3116.00
3121.47
3136.48
3131.00
3137.90
3137.00
3277.94
3382.22
3474.46
3144.86
3148.50
3146.33
3153.67
3145.60
2998.38
3155.50
3148.14
3145.82
3142.25
3141.73
3131.46
3132.70
3130.73
3130.09
3131.08
3128.36
3129.50
3129.75
3130.54
3124.83
3126.12
3117.64
3113.76
3113.35
3116.71
3116.50
3123.40
3133.25
3132.92
3134.40
3134.90
3138.40
3138.20
3138.86
3141.54
3142.20
3141.19
3137.43
3140.17
3142.29
3149.38
3142.73
3147.78
3145.75
3146.60
3141.17
3143.14
3140.60
3140.00
3139.50
3112.89
3117.00
3093.75
3093.00
3094.33
3099.00
3098.00
3094.50
3092.50
3093.86
3096.09
3099.11
3104.30
3098.91
3100.61
3098.12
3100.62
3104.25
3100.36
3102.00
3101.71
3105.00
3102.29
3102.00
3104.00
3101.67
3105.25
3116.33
3123.17
3112.67
3129.91
3133.07
3139.79
3141.52
3143.45
3155.10
3158.30
3157.86
3166.17
3168.14
3166.80
3167.14
3169.40
3169.75
3168.40
3163.56
3162.40
3161.00
3162.00
3154.42
3150.89
3154.35
3151.18
3146.00
3138.23
3137.78
3127.38
3124.44
3110.76
3107.23
3110.57
3119.67
3098.06
3099.56
3094.90
3095.33
3117.41
3119.65
3128.46
3120.70
3125.64
3122.28
3137.10
3143.50
3148.00
3142.69
3141.11
3146.47
3142.92
3136.40
3135.18
3131.33
3132.60
3132.14
3132.89
3133.11
3141.00
3138.50
3142.71
3141.20
3169.25
3160.72
3170.00
3163.14
3163.14
3165.40
3166.60
3168.17
3168.70
3162.67
3163.00
3162.00
3161.00
3168.67
3169.27
3167.67
3165.64
3167.27
3171.08
3169.30
3162.78
3165.43
3177.50
3175.50
3174.00
3175.33
3176.00
3177.30
3176.33
3174.25
3179.24
3175.71
3170.00
3177.20
3171.31
3167.29
3158.94
3170.00
3151.38
3147.00
3137.86
3135.77
3131.00
3124.15
3123.11
3114.40
3105.14
3102.00
3115.67
3101.00
3100.33
3098.50
3093.45
3094.36
3091.77
3092.37
3088.32
3090.50
3088.47
3087.20
3083.89
3082.39
3085.44
3086.42
3083.15
3104.00
3094.33
3126.40
3136.79
3141.39
3154.88
3151.94
3161.88
3173.50
3185.50
3182.00
3184.50
3193.00
3192.00
3197.24
3205.65
3200.92
3201.50
3200.29
3194.25
3196.20
3199.00
3195.67
3193.83
3193.67
3196.89
3195.56
3196.67
3195.00
3191.67
3193.00
3196.75
3192.64
3191.30
3193.78
3198.47
3201.43
3198.50
3206.00
3205.25
3211.43
3217.67
3219.79
3203.50
3205.00
3209.92
3207.83
3193.75
3185.42
3189.27
3187.61
3184.93
3189.33
3176.17
3174.29
3172.50
3179.30
3177.50
3176.11
3177.11
3182.67
3184.64
3199.50
3184.05
3207.89
3213.62
3209.02
3204.84
3216.43
3231.24
3233.24
3190.39
3226.82
3257.37
3220.06
3207.22
3196.36
3199.38
3196.57
3198.14
3194.11
3238.17
3188.00
3195.00
3187.14
3189.80
3191.57
3182.38
3181.12
3145.75
3145.74
3127.81
3130.21
3130.65
3107.36
3102.43
3107.50
3107.83
3106.30
3105.90
3099.92
3099.88
3099.57
3102.88
3103.29
3110.23
3111.82
3113.27
3109.50
3105.88
3107.78
3104.83
3105.71
3102.88
3103.55
3103.75
3101.60
3103.20
3096.45
3094.36
3101.30
3097.86
3100.67
3099.60
3101.50
3105.33
3102.20
3098.45
3097.00
3097.64
3094.07
3096.33
3098.90
3103.75
3103.70
3105.00
3100.93
3107.33
3111.70
3124.36
3138.20
3147.35
3152.10
3153.30
3154.87
3166.28
3157.30
3177.86
3192.78
3205.33
3203.82
3205.80
3204.96
3206.40
3208.21
3212.50
3206.50
3202.24
3196.38
3200.84
3202.72
3203.25
3203.40
3211.12
3202.14
3200.32
3199.93
3204.86
3207.44
3210.42
3210.45
3210.60
3211.55
3206.50
3206.31
3207.50
3208.55
3201.50
3201.67
3204.88
3202.58
3197.50
3190.00
3155.57
3142.00
3140.41
3137.53
3115.29
3118.93
3114.04
3121.00
3112.44
3130.44
3141.67
3143.00
3132.21
3144.75
3147.08
3154.62
3150.80
3150.71
3148.53
3155.14
3148.00
3145.29
2974.71
3148.25
3147.40
3145.92
3143.45
3128.78
3130.56
3135.83
3138.25
3134.94
3134.27
3139.17
3135.67
3129.10
3130.33
3133.06
3142.00
3127.83
3130.77
3133.07
3134.23
3131.75
3135.47
3136.89
3140.50
3136.23
3145.00
3143.43
3137.60
3141.75
3134.56
3134.90
3193.35
3179.85
3179.17
3203.53
3214.35
3216.50
3218.29
3217.94
3218.11
3218.43
3217.38
3219.30
3217.00
3212.76
3213.94
3205.32
3212.46
3208.59
3208.67
3201.00
3204.40
3191.67
3193.09
3188.22
3188.38
3193.31
3193.77
3192.71
3192.75
3196.00
3193.67
3182.80
3178.04
3197.43
3198.00
3194.73
3195.38
3195.55
3199.13
3198.06
3196.20
3190.37
3188.00
3191.89
3188.56
3186.83
3181.64
3178.89
3191.53
3194.40
3194.94
3192.95
3192.52
3193.33
3194.67
3194.47
3191.93
3192.83
3196.72
3195.19
3192.54
3197.63
3199.72
3195.06
3193.70
3202.75
3199.86
3204.83
3204.14
3211.36
3211.88
3208.60
3201.43
3197.50
3196.20
3204.75
3196.88
3199.56
3194.07
3195.50
3193.31
3184.38
3185.00
3187.67
3188.60
3191.00
3191.50
3189.80
3189.75
3186.50
3175.80
3179.27
3183.00
3176.60
3173.86
3183.80
3179.73
3187.79
3185.93
3188.91
3188.40
3193.00
3192.43
3189.25
3191.50
3200.83
3192.67
3191.00
3193.11
3196.37
3186.30
3191.09
3188.17
3193.50
3175.00
3172.47
3179.40
3179.86
3177.83
3175.10
3174.00
3172.23
3172.36
3163.00
3154.58
3143.88
3147.68
3149.16
3146.74
3149.87
3142.23
3143.89
3142.75
3138.43
3146.06
3155.00
3156.17
3148.50
3155.00
3167.53
3168.44
3179.67
3180.95
3176.15
3168.50
3160.50
3153.67
3155.25
3151.24
3164.43
3154.88
3278.88
3137.50
3144.00
3156.73
3192.17
3265.47
3168.21
3117.31
3101.21
2908.34
3204.22
3203.13
3202.94
3204.68
3210.00
3207.38
3207.21
3200.67
3195.00
3190.90
3178.86
3182.00
3178.60
3182.22
3179.90
3192.17
3181.06
3187.40
3187.17
3192.85
3205.50
3196.93
3196.73
3199.00
3199.90
3199.43
3196.57
3197.00
3197.78
3197.73
3196.22
3194.80
3191.33
3184.00
3176.43
3189.67
3153.62
3147.67
3151.40
3135.89
3131.17
3129.45
3127.64
3127.50
3128.25
3131.22
3136.27
3140.75
3147.07
3152.38
3148.05
3151.88
3150.10
3152.67
3160.00
3164.08
3162.80
3161.08
3157.31
3159.25
3162.10
3162.23
3157.30
3155.62
3160.67
3155.83
3155.71
3157.46
3156.93
3159.80
3165.29
3162.67
3166.18
3166.50
3166.93
3164.22
3159.92
3162.91
3161.67
3164.15
3157.11
3158.11
3155.53
3160.33
3159.83
3147.73
3155.75
3155.17
3158.14
3161.42
3154.80
3160.31
3157.78
3157.29
3164.30
3164.53
3165.33
3172.50
3172.00
3198.20
3208.33
3210.17
3207.14
3208.25
3208.36
3206.54
3204.38
3197.56
3191.38
3293.42
3170.30
3177.50
3149.33
3192.00
3140.85
3131.88
3128.60
3128.17
3128.50
3130.75
3137.71
3134.78
3134.86
3134.00
3136.33
3136.50
3137.14
3139.33
3138.00
3142.33
3170.00
3147.20
3142.73
3161.38
3175.83
3188.57
3185.38
3186.00
3192.20
3192.08
3206.09
3208.47
3208.12
3206.88
3198.67
3196.50
3201.36
3197.29
3199.00
3207.88
3199.40
3202.50
3206.12
3203.93
3203.47
3200.79
3206.75
3222.20
3237.00
3233.29
3226.14
3230.29
3234.62
3234.42
3221.00
3208.31
3203.64
3207.86
3197.92
3191.67
3196.91
3186.12
3170.30
3168.72
3167.55
3170.11
3163.75
3161.20
3155.82
3156.12
3154.50
3154.92
3158.06
3154.79
3149.10
3141.47
3130.29
3130.11
3129.40
3124.10
3121.33
3118.17
3115.46
3113.12
3115.79
3118.10
3118.62
3120.23
3125.80
3123.38
3120.27
3129.50
3129.38
3141.47
3139.08
3140.64
3143.53
3143.23
3143.50
3141.56
3140.14
3140.87
3142.86
3141.71
3143.86
3139.81
3140.26
3139.30
3138.20
3142.00
3140.40
3138.44
3142.95
3143.89
3146.73
3152.73
3157.27
3158.50
3166.44
3158.07
3156.00
3174.20
3184.00
3176.07
3192.10
3189.00
3191.00
3191.62
3189.40
3186.71
3185.57
3184.43
3188.50
3171.25
3158.88
3160.51
3155.24
3147.27
3149.11
3147.88
3145.38
3145.73
3139.71
3137.04
3136.86
3155.43
3147.81
3153.95
3149.81
3150.30
3168.26
3171.00
3170.13
3164.52
3151.86
3154.77
3151.79
3159.75
3175.85
3142.47
3143.89
3132.19
3128.10
3127.12
3128.41
3131.80
3129.93
3134.50
3137.00
3146.70
3152.86
3154.43
3154.23
3155.57
3155.44
3160.38
3169.75
3172.67
3169.29
3173.38
3171.29
3159.57
3148.00
3138.00
3144.78
3146.75
3144.20
3136.30
3133.09
3128.00
3126.50
3128.18
3128.12
3129.47
3135.38
3139.55
3140.59
3145.57
3147.41
3141.11
3138.29
3140.50
3144.20
3145.50
3136.42
3135.00
3135.89
3137.89
3136.11
3131.67
3144.82
3134.00
3135.56
3136.18
3137.15
3145.70
3148.00
3143.32
3147.29
3147.83
3151.17
3157.19
3158.07
3158.78
3161.70
3159.50
3158.91
3162.93
3159.85
3162.42
3158.62
3160.18
3159.62
3163.00
3166.12
3164.11
3166.80
3164.90
3160.40
3167.00
3164.00
3170.50
3188.10
3195.58
3195.91
3195.14
3196.53
3194.94
3194.55
3201.25
3193.57
3195.80
3197.88
3199.20
3201.17
3201.25
3207.50
3206.71
3202.62
3200.40
3206.17
3205.93
3206.17
3201.94
3203.79
3203.55
3203.62
3203.85
3199.46
3200.13
3193.00
3195.00
3192.86
3191.11
3192.33
3194.00
3192.50
3169.10
3163.67
3185.50
3162.93
3158.00
3159.17
3156.11
3164.43
3161.60
3158.43
3154.90
3153.76
3151.65
3147.44
3148.62
3148.33
3152.78
3151.23
3145.25
3135.25
3135.64
3140.20
3141.85
3145.12
3156.88
3160.00
3160.78
3163.73
3156.11
3163.80
3171.05
3190.28
3188.85
3135.04
3194.68
3194.79
3195.95
3205.93
3216.45
3225.42
3221.67
3225.38
3227.18
3227.88
3240.75
3243.25
3245.38
3143.15
3245.89
3245.82
3246.00
3244.17
3242.00
3234.43
3237.00
3236.75
3227.57
3228.12
3232.14
3227.83
3228.78
3224.69
3224.21
3220.64
3217.64
3220.44
3215.87
3219.00
3220.43
3220.38
3207.38
3206.78
3202.50
3198.33
3194.75
3194.50
3196.00
3194.17
3196.15
3194.69
3195.70
3197.18
3197.00
3196.09
3197.83
3204.50
3208.67
3210.00
3205.78
3206.09
3206.00
3205.80
3207.70
3199.90
3200.07
3198.53
3197.50
3201.79
3203.33
3202.92
3208.54
3212.67
3211.82
3216.25
3203.38
3210.60
3206.14
3207.50
3225.33
3225.55
3229.40
3221.94
3220.42
3215.25
3219.58
3221.64
3243.75
3217.92
3240.00
3229.45
3217.10
3252.42
3251.57
3255.12
3256.89
3245.45
3253.45
3253.76
3249.42
3247.11
3239.95
3224.69
3228.43
3225.73
3224.46
3224.92
3224.31
3223.85
3224.45
3228.17
3228.50
3231.67
3229.67
3230.67
3225.57
3225.50
3224.90
3226.20
3224.83
3222.00
3220.50
3221.83
3220.67
3222.00
3221.86
3222.62
3222.75
3222.23
3223.54
3217.00
3220.21
3216.57
3221.14
3220.83
3218.71
3199.00
3197.50
3206.14
3198.00
3166.88
3125.17
3146.91
3164.00
3170.75
3149.38
3159.08
3146.42
3150.31
3156.68
3160.71
3162.56
3168.80
3175.94
3190.30
3183.19
3189.14
3200.42
3209.20
3210.00
3207.00
3208.00
3206.53
3194.67
3205.54
3205.12
3205.27
3204.18
3197.40
3196.11
3192.12
3197.80
3194.00
3188.80
3191.50
3230.00
3173.12
3135.56
3174.73
3173.00
3180.73
3179.50
3181.62
3171.40
3178.27
3175.80
3173.20
3177.00
3173.33
3171.50
3171.73
3172.83
3170.75
3172.89
3170.40
3172.75
3169.25
3169.33
3163.71
3165.90
3163.70
3165.57
3161.57
3167.33
3168.36
3167.67
3171.18
3168.64
3170.29
3171.60
3169.30
3173.50
3173.40
3174.00
3173.00
3170.00
3171.17
3171.17
3169.50
3171.00
3174.40
3169.52
3167.64
3165.08
3165.75
3165.00
3164.38
3166.30
3177.38
3185.70
3182.53
3179.31
3178.64
3173.38
3166.85
3155.17
3155.41
3163.45
3158.64
3151.90
3150.36
3143.15
3140.07
3138.88
3136.86
3148.00
3142.20
3136.57
3145.33
3151.67
3151.50
3150.50
3147.64
3149.86
3168.26
3158.25
3153.71
3148.36
3160.58
3161.13
3172.38
3183.69
3187.67
3191.89
3186.18
3182.00
3180.57
3179.29
3166.26
3164.05
3163.42
3161.75
3161.48
3153.40
3153.16
3151.71
3136.80
3139.00
3139.25
3141.33
3146.00
3151.86
3150.12
3160.88
3160.04
3170.06
3162.19
3166.94
3184.32
3185.00
3196.67
3200.74
3210.64
3209.36
3203.29
3210.20
3201.23
3203.56
3210.54
3206.20
3205.36
3210.50
3204.44
3208.73
3200.12
3203.20
3204.68
3203.19
3205.80
3204.29
3201.00
3206.23
3204.62
3203.60
3203.00
3202.50
3162.24
3161.59
3165.70
3164.90
3161.42
3170.42
3194.15
3185.12
3172.32
3189.46
3204.67
3195.55
3203.67
3204.27
3198.50
3199.71
3191.00
3203.45
3201.82
3197.43
3202.64
3193.48
3192.41
3192.82
3185.82
3179.31
3176.32
3178.50
3178.56
3181.29
3180.12
3175.25
3179.70
3180.50
3178.38
3173.57
3168.25
3166.00
3162.83
3160.91
3154.20
3160.75
3160.38
3154.25
3157.36
3154.83
3152.00
3143.00
3137.60
3134.75
3134.56
3132.50
3132.11
3131.93
3129.11
3132.67
3141.56
3142.80
3145.00
3145.50
3147.00
3147.33
3142.00
3146.50
3143.50
3143.00
3146.67
3147.50
3146.50
3146.50
3147.33
3149.33
3149.00
3148.50
3149.33
3147.00
3143.00
3149.50
3146.50
3146.67
3146.00
3145.67
3146.33
3146.67
3146.00
3150.00
3147.00
3146.43
3146.50
3145.80
3146.43
3146.50
3146.25
3141.88
3139.00
3141.25
3140.14
3137.25
3137.29
3138.62
3137.25
3122.50
3116.94
3118.59
3113.62
3115.44
3112.81
3114.48
3137.06
3136.57
3143.67
3136.68
3136.00
3131.00
3127.18
3127.90
3107.80
3120.00
3107.10
3109.43
3105.50
3108.00
3108.20
3105.43
3105.33
3106.00
3113.64
3118.20
3118.14
3122.75
3115.58
3119.62
3125.33
3130.50
3140.00
3139.40
3141.69
3142.00
3138.27
3143.31
3133.16
3141.78
3133.56
3139.77
3135.46
3133.33
3103.91
3087.14
3088.20
3083.88
3074.27
3064.18
3063.21
3071.53
3070.00
3069.38
3078.50
3069.36
3078.29
3075.90
3081.58
3077.90
3062.23
3077.56
3075.94
3080.07
3083.89
3068.68
3075.07
3099.07
3113.25
3110.46
3121.27
3120.03
3132.86
3146.22
3156.56
3164.40
3168.00
3162.00
3172.69
3177.00
3183.00
3177.88
3172.67
3174.68
3175.84
3173.20
3167.50
3169.50
3160.89
3153.42
3142.48
3145.82
3148.83
3141.72
3133.38
3107.50
3105.17
3106.60
3095.00
3098.31
3095.83
3090.94
3101.88
3101.12
3095.08
3094.94
3092.57
3093.79
3099.65
3106.69
3106.28
3098.27
3109.00
3124.75
3119.59
3128.67
3141.17
3140.38
3137.04
3133.23
3124.50
3124.38
3111.26
3117.19
3094.76
3095.37
3073.36
3080.93
3080.14
3074.33
3059.45
3063.05
3063.42
3075.67
3081.55
3095.18
3097.36
3122.95
3133.00
3148.62
3152.95
3150.95
3154.77
3183.47
3183.33
3197.76
3201.27
3210.81
3212.79
3205.00
3207.60
