 63.00  6377.9857  46.55   7.98    100
 1951 04 15 07 30 00
 15/04/1951, 07:30:00, RES=0.2500  APOD FN = TRI
 2884.946 2929.926 0.0500335378     899
  0.72587
  0.72500
  0.74187
  0.76923
  0.75417
  0.75315
  0.76311
  0.76977
  0.74150
  0.74393
  0.75979
  0.76606
  0.76425
  0.75177
  0.73749
  0.76491
  0.75561
  0.74393
  0.74600
  0.75576
  0.75948
  0.77073
  0.77652
  0.71571
  0.70572
  0.69696
  0.69024
  0.69008
  0.69708
  0.72668
  0.70685
  0.69982
  0.69749
  0.69470
  0.68308
  0.68163
  0.67251
  0.64364
  0.62588
  0.63358
  0.62587
  0.60839
  0.61906
  0.65678
  0.66465
  0.66662
  0.68579
  0.69016
  0.70970
  0.71130
  0.72058
  0.75041
  0.74999
  0.75056
  0.76849
  0.76470
  0.76745
  0.76675
  0.76758
  0.76397
  0.74359
  0.74386
  0.79252
  0.78694
  0.77459
  0.77113
  0.75602
  0.76859
  0.76957
  0.78865
  0.79280
  0.76937
  0.75996
  0.73162
  0.74386
  0.75257
  0.76092
  0.75907
  0.76907
  0.75947
  0.75326
  0.73428
  0.72371
  0.73189
  0.72459
  0.73134
  0.72748
  0.66465
  0.65876
  0.65158
  0.65396
  0.65418
  0.67386
  0.64001
  0.62668
  0.60880
  0.61489
  0.61943
  0.65483
  0.66236
  0.68301
  0.67985
  0.68260
  0.73032
  0.72116
  0.74956
  0.71225
  0.71699
  0.71754
  0.72286
  0.75984
  0.75150
  0.74658
  0.77003
  0.76979
  0.75587
  0.74012
  0.74069
  0.75886
  0.76068
  0.77398
  0.76924
  0.75516
  0.73844
  0.73846
  0.73972
  0.74444
  0.72979
  0.74814
  0.72189
  0.70484
  0.71004
  0.71564
  0.73785
  0.71333
  0.67955
  0.69046
  0.69611
  0.70579
  0.67798
  0.65168
  0.65236
  0.65420
  0.65415
  0.65036
  0.62652
  0.64210
  0.63856
  0.63387
  0.65275
  0.65326
  0.65655
  0.67104
  0.68437
  0.70693
  0.73382
  0.73220
  0.72960
  0.72515
  0.72883
  0.73180
  0.72549
  0.72665
  0.72739
  0.73588
  0.75795
  0.76508
  0.74945
  0.72900
  0.74856
  0.73571
  0.73946
  0.73079
  0.72365
  0.74856
  0.76952
  0.77977
  0.76969
  0.76326
  0.76122
  0.76211
  0.74098
  0.74243
  0.73549
  0.72742
  0.72467
  0.73367
  0.74482
  0.72372
  0.71842
  0.76470
  0.76490
  0.71537
  0.69621
  0.69071
  0.68444
  0.68253
  0.64412
  0.63915
  0.65440
  0.66608
  0.64258
  0.64926
  0.69458
  0.69664
  0.69214
  0.70988
  0.73923
  0.72987
  0.72920
  0.76331
  0.76997
  0.76266
  0.75721
  0.74321
  0.72315
  0.71741
  0.75557
  0.74735
  0.73102
  0.75841
  0.75731
  0.75689
  0.76820
  0.76039
  0.73874
  0.75376
  0.76214
  0.76825
  0.75758
  0.75181
  0.75091
  0.74817
  0.74666
  0.73228
  0.71863
  0.70886
  0.74410
  0.74857
  0.75654
  0.75069
  0.75412
  0.76985
  0.74666
  0.74523
  0.72624
  0.69805
  0.71680
  0.72631
  0.70273
  0.70198
  0.69929
  0.68136
  0.68453
  0.65864
  0.65241
  0.65938
  0.67736
  0.66165
  0.66499
  0.70544
  0.71625
  0.72013
  0.75362
  0.75607
  0.75126
  0.75973
  0.76332
  0.75424
  0.76478
  0.77024
  0.77484
  0.77729
  0.77224
  0.77133
  0.78465
  0.78202
  0.79093
  0.80264
  0.79780
  0.80070
  0.79853
  0.78855
  0.79782
  0.81807
  0.82021
  0.81470
  0.79368
  0.76854
  0.77637
  0.77982
  0.75955
  0.76503
  0.76812
  0.77242
  0.73301
  0.74262
  0.74970
  0.76013
  0.75075
  0.72345
  0.72742
  0.75920
  0.75659
  0.75674
  0.74874
  0.74385
  0.73969
  0.74499
  0.69608
  0.68195
  0.69338
  0.71707
  0.71782
  0.68369
  0.68849
  0.69093
  0.71843
  0.71661
  0.70640
  0.72360
  0.75186
  0.72719
  0.72995
  0.74877
  0.75384
  0.76649
  0.78112
  0.76231
  0.75706
  0.77304
  0.77464
  0.78628
  0.76090
  0.76438
  0.76620
  0.76646
  0.77091
  0.76954
  0.75525
  0.75615
  0.74804
  0.76819
  0.78206
  0.76086
  0.76188
  0.76109
  0.76642
  0.76801
  0.77223
  0.75954
  0.75137
  0.73587
  0.75107
  0.74852
  0.71950
  0.72563
  0.75090
  0.75182
  0.74566
  0.74740
  0.74844
  0.74844
  0.71572
  0.70597
  0.68654
  0.69211
  0.68040
  0.67563
  0.68819
  0.70484
  0.70493
  0.69116
  0.73722
  0.72862
  0.72182
  0.73408
  0.74375
  0.73918
  0.74061
  0.74606
  0.75181
  0.75402
  0.74725
  0.74833
  0.75209
  0.74482
  0.73876
  0.72786
  0.71695
  0.74547
  0.76077
  0.77984
  0.78653
  0.77256
  0.76282
  0.77211
  0.76803
  0.75462
  0.78619
  0.77516
  0.76356
  0.77388
  0.76869
  0.76686
  0.75583
  0.75379
  0.76716
  0.76236
  0.75171
  0.75242
  0.71793
  0.71175
  0.71103
  0.70466
  0.73978
  0.74349
  0.74045
  0.72966
  0.72298
  0.70625
  0.72420
  0.71403
  0.72010
  0.73303
  0.72282
  0.72849
  0.72085
  0.70957
  0.70982
  0.71471
  0.73953
  0.78771
  0.78302
  0.76726
  0.77101
  0.80442
  0.79694
  0.80207
  0.79668
  0.77578
  0.77241
  0.76940
  0.77850
  0.76683
  0.76409
  0.75468
  0.76058
  0.76444
  0.78166
  0.79080
  0.78520
  0.78093
  0.79441
  0.74880
  0.73861
  0.76211
  0.76474
  0.75966
  0.75870
  0.78163
  0.78276
  0.78083
  0.78019
  0.77013
  0.74767
  0.73548
  0.72752
  0.73908
  0.74612
  0.74063
  0.70990
  0.71297
  0.71552
  0.71451
  0.71569
  0.71473
  0.71389
  0.70900
  0.71528
  0.71861
  0.72853
  0.75748
  0.76061
  0.77379
  0.79526
  0.79241
  0.77448
  0.78769
  0.76282
  0.75820
  0.76108
  0.76018
  0.76349
  0.78101
  0.77540
  0.77852
  0.80459
  0.79288
  0.78520
  0.78331
  0.77611
  0.78388
  0.79190
  0.78261
  0.74606
  0.74751
  0.75356
  0.71814
  0.71873
  0.76909
  0.74814
  0.70959
  0.71132
  0.73420
  0.74177
  0.72448
  0.71981
  0.73152
  0.74465
  0.75062
  0.72578
  0.71522
  0.71589
  0.71338
  0.67476
  0.66971
  0.66406
  0.67042
  0.66891
  0.63982
  0.63958
  0.64250
  0.63245
  0.63361
  0.61131
  0.58390
  0.56130
  0.51565
  0.49618
  0.43543
  0.42779
  0.42169
  0.41682
  0.40464
  0.34908
  0.32107
  0.31360
  0.30034
  0.34413
  0.34159
  0.34050
  0.43977
  0.43590
  0.43241
  0.44572
  0.45192
  0.44725
  0.44078
  0.42817
  0.40957
  0.39606
  0.33674
  0.29068
  0.27761
  0.28977
  0.24718
  0.21908
  0.20429
  0.19580
  0.24275
  0.27420
  0.29511
  0.32235
  0.37372
  0.43187
  0.46248
  0.49229
  0.52419
  0.53373
  0.57895
  0.59616
  0.59843
  0.62764
  0.63364
  0.62374
  0.62938
  0.65138
  0.66189
  0.64995
  0.64861
  0.67972
  0.70605
  0.70744
  0.70320
  0.66648
  0.67611
  0.66770
  0.64632
  0.60486
  0.61164
  0.57891
  0.53522
  0.54273
  0.53935
  0.50391
  0.49465
  0.49739
  0.51000
  0.51134
  0.51167
  0.50941
  0.51896
  0.57020
  0.58731
  0.63371
  0.62885
  0.63613
  0.67395
  0.69688
  0.69451
  0.70213
  0.70179
  0.70791
  0.72855
  0.70090
  0.68836
  0.75402
  0.75683
  0.75810
  0.74703
  0.77261
  0.77281
  0.77501
  0.77682
  0.77670
  0.73370
  0.73378
  0.73656
  0.73622
  0.72556
  0.74187
  0.76040
  0.76086
  0.77566
  0.77102
  0.76158
  0.74332
  0.73909
  0.75910
  0.77415
  0.78034
  0.76831
  0.74958
  0.76588
  0.76330
  0.76908
  0.76924
  0.76848
  0.77800
  0.77399
  0.78102
  0.78662
  0.79229
  0.77677
  0.77685
  0.77361
  0.74495
  0.74165
  0.78655
  0.79158
  0.75973
  0.74821
  0.75107
  0.74540
  0.74339
  0.78610
  0.79521
  0.76101
  0.75572
  0.78240
  0.78541
  0.78051
  0.76257
  0.76326
  0.78425
  0.77669
  0.75842
  0.76444
  0.75736
  0.74185
  0.76080
  0.78340
  0.78587
  0.77773
  0.78251
  0.77251
  0.76184
  0.77073
  0.77838
  0.79687
  0.78373
  0.77537
  0.76440
  0.77129
  0.81541
  0.80960
  0.78631
  0.78368
  0.78781
  0.78877
  0.78013
  0.80540
  0.80154
  0.79770
  0.79523
  0.80192
  0.79788
  0.79737
  0.79366
  0.74988
  0.76122
  0.76132
  0.77966
  0.78659
  0.80354
  0.79023
  0.79099
  0.77716
  0.77499
  0.77607
  0.80634
  0.78641
  0.77544
  0.78216
  0.74557
  0.74610
  0.75557
  0.75432
  0.75022
  0.75100
  0.75244
  0.75430
  0.75449
  0.78380
  0.78212
  0.77304
  0.77535
  0.74131
  0.75067
  0.76490
  0.76277
  0.77810
  0.78161
  0.80430
  0.80240
  0.78033
  0.78880
  0.79396
  0.78517
  0.78247
  0.81113
  0.80750
  0.80034
  0.76854
  0.77553
  0.80158
  0.79095
  0.78660
  0.76900
  0.76789
  0.76288
  0.77284
  0.80697
  0.81547
  0.77525
  0.75008
  0.75211
  0.74540
  0.75711
  0.75757
  0.73868
  0.75450
  0.80341
  0.80442
  0.80709
  0.80852
  0.78517
  0.74527
  0.74697
  0.74398
  0.78385
  0.78127
  0.78095
  0.78786
  0.78594
  0.73991
  0.74104
  0.75275
  0.75109
  0.75307
  0.75138
  0.74598
  0.75379
  0.75854
  0.75322
  0.76162
  0.77953
  0.77449
  0.77503
  0.74664
  0.75901
  0.75027
  0.75458
  0.78931
  0.77266
  0.77303
  0.77122
  0.77353
  0.74456
  0.76181
  0.78671
  0.76280
  0.74763
  0.74443
  0.74628
  0.77394
  0.79519
  0.79041
  0.78317
  0.78178
  0.75634
  0.77396
  0.77798
  0.77709
  0.78011
  0.77199
  0.78752
  0.78511
  0.78212
  0.77286
  0.76977
  0.75100
  0.74619
  0.75141
  0.77047
  0.77897
  0.77221
  0.73867
  0.72274
  0.73206
  0.74441
  0.75022
  0.74658
  0.74142
  0.73558
  0.71907
  0.73315
  0.73518
  0.73643
  0.77276
  0.75843
  0.74540
  0.75989
  0.76455
  0.76786
  0.76557
  0.76657
  0.76426
  0.78158
  0.77595
  0.75999
  0.77808
  0.75776
  0.74553
  0.74630
  0.76489
  0.74861
  0.76050
  0.77172
  0.78733
  0.78083
  0.77974
  0.78027
  0.78401
  0.79566
  0.80299
  0.79705
  0.78445
  0.82316
  0.82168
  0.78834
  0.76437
  0.78803
  0.81034
  0.79323
  0.82232
  0.77897
  0.74470