 63.00  6377.9857  46.55   7.98    100
 1951 04 15 07 30 00
 15/04/1951, 07:30:00, RES=0.2500  APOD FN = TRI
 2884.946 2929.899 0.0500036581     899
  0.52346
  0.52424
  0.52192
  0.52412
  0.53065
  0.52814
  0.52906
  0.52097
  0.52307
  0.52115
  0.52232
  0.53429
  0.53052
  0.52869
  0.52780
  0.52837
  0.52631
  0.52441
  0.53384
  0.53047
  0.52006
  0.51938
  0.51790
  0.52753
  0.53523
  0.53650
  0.53161
  0.53153
  0.52574
  0.52726
  0.53188
  0.52773
  0.53411
  0.52830
  0.53392
  0.53250
  0.53283
  0.52840
  0.52734
  0.52172
  0.52039
  0.52103
  0.52797
  0.53119
  0.52956
  0.51688
  0.51233
  0.51585
  0.52131
  0.52123
  0.52037
  0.51782
  0.51379
  0.51333
  0.51534
  0.51568
  0.51719
  0.52815
  0.52191
  0.52135
  0.52461
  0.52619
  0.52758
  0.52631
  0.52710
  0.52550
  0.53130
  0.52807
  0.52489
  0.53146
  0.52556
  0.51908
  0.52000
  0.52460
  0.52001
  0.52523
  0.52830
  0.53339
  0.53140
  0.53153
  0.53130
  0.53208
  0.53638
  0.53754
  0.53813
  0.53272
  0.54518
  0.54672
  0.53654
  0.52556
  0.53192
  0.54135
  0.53636
  0.54304
  0.53917
  0.52036
  0.52877
  0.53275
  0.53230
  0.53254
  0.53273
  0.53426
  0.52417
  0.52769
  0.52539
  0.51954
  0.51774
  0.51318
  0.51209
  0.51540
  0.51687
  0.52339
  0.51669
  0.51130
  0.51456
  0.51541
  0.51787
  0.51913
  0.53702
  0.52588
  0.52102
  0.51853
  0.51875
  0.51949
  0.52099
  0.51451
  0.52155
  0.52144
  0.52311
  0.52106
  0.52982
  0.53142
  0.53484
  0.53426
  0.53021
  0.52746
  0.53064
  0.53325
  0.53315
  0.52743
  0.53057
  0.53191
  0.53220
  0.53332
  0.52557
  0.52060
  0.52018
  0.52579
  0.52738
  0.52610
  0.52924
  0.53143
  0.52376
  0.52178
  0.52552
  0.52720
  0.52729
  0.52708
  0.52677
  0.52876
  0.52197
  0.51951
  0.51591
  0.51237
  0.51422
  0.50077
  0.49841
  0.49973
  0.49821
  0.49442
  0.49540
  0.49273
  0.49164
  0.49130
  0.49354
  0.49378
  0.50142
  0.50503
  0.50306
  0.50294
  0.50233
  0.50191
  0.50710
  0.50931
  0.51038
  0.51711
  0.51682
  0.51783
  0.52196
  0.52621
  0.52938
  0.52747
  0.52237
  0.52029
  0.51970
  0.52307
  0.52312
  0.52591
  0.52935
  0.52758
  0.51982
  0.52087
  0.52141
  0.52635
  0.52678
  0.52640
  0.52117
  0.52279
  0.52513
  0.52252
  0.51583
  0.51709
  0.51650
  0.51517
  0.51589
  0.50788
  0.51059
  0.50996
  0.50335
  0.50193
  0.49699
  0.49814
  0.50620
  0.49358
  0.49282
  0.49624
  0.49384
  0.47680
  0.47792
  0.49582
  0.49485
  0.49889
  0.50019
  0.49938
  0.50178
  0.50594
  0.50560
  0.50491
  0.50362
  0.51804
  0.52015
  0.51954
  0.50864
  0.51682
  0.51522
  0.51612
  0.51538
  0.51442
  0.51939
  0.52001
  0.51775
  0.51693
  0.52061
  0.52012
  0.52959
  0.52726
  0.52298
  0.51007
  0.51173
  0.51242
  0.51365
  0.52020
  0.51914
  0.52048
  0.51145
  0.51369
  0.51849
  0.51325
  0.50863
  0.50885
  0.50359
  0.49990
  0.50336
  0.50217
  0.49921
  0.49868
  0.49768
  0.48901
  0.49044
  0.47851
  0.47964
  0.48845
  0.47344
  0.47331
  0.46708
  0.46987
  0.47768
  0.47006
  0.47338
  0.48030
  0.48300
  0.49302
  0.48647
  0.48504
  0.48480
  0.48835
  0.48743
  0.48285
  0.49190
  0.49195
  0.48468
  0.48384
  0.47520
  0.47020
  0.46517
  0.45199
  0.44978
  0.43912
  0.41247
  0.39209
  0.38890
  0.36377
  0.35467
  0.35255
  0.35430
  0.35686
  0.35790
  0.37480
  0.38525
  0.39675
  0.39574
  0.41430
  0.41553
  0.41757
  0.43351
  0.43319
  0.43777
  0.43572
  0.42217
  0.42436
  0.42382
  0.42622
  0.42343
  0.42562
  0.42554
  0.41299
  0.41404
  0.41810
  0.41602
  0.41110
  0.41097
  0.40070
  0.38696
  0.38021
  0.37120
  0.35549
  0.35635
  0.35110
  0.33281
  0.32186
  0.30455
  0.28038
  0.26994
  0.25348
  0.23073
  0.22238
  0.21320
  0.20444
  0.20314
  0.17204
  0.17147
  0.16193
  0.16327
  0.16512
  0.16527
  0.17033
  0.16778
  0.17694
  0.19014
  0.18558
  0.19966
  0.21213
  0.22294
  0.23864
  0.24939
  0.26548
  0.28620
  0.29162
  0.30403
  0.31460
  0.32212
  0.33328
  0.35535
  0.35429
  0.36554
  0.36213
  0.36288
  0.36405
  0.37714
  0.38354
  0.38099
  0.38369
  0.39704
  0.40350
  0.41138
  0.42086
  0.42412
  0.42210
  0.42449
  0.43671
  0.43957
  0.44572
  0.45758
  0.45284
  0.44891
  0.45127
  0.46497
  0.46319
  0.46753
  0.46813
  0.46857
  0.46945
  0.46708
  0.46923
  0.46908
  0.47099
  0.47320
  0.47555
  0.48087
  0.47816
  0.48269
  0.48107
  0.48077
  0.48929
  0.49121
  0.48396
  0.48386
  0.48397
  0.48294
  0.48245
  0.48096
  0.47994
  0.47285
  0.46999
  0.45828
  0.45138
  0.45936
  0.45588
  0.45955
  0.45517
  0.45417
  0.44921
  0.44794
  0.45751
  0.45607
  0.45041
  0.44283
  0.43915
  0.43892
  0.44958
  0.45709
  0.45916
  0.46158
  0.46064
  0.46106
  0.46179
  0.47695
  0.46984
  0.46566
  0.47045
  0.47161
  0.46257
  0.46236
  0.45445
  0.45481
  0.45690
  0.44883
  0.39203
  0.11874
  0.10349
  0.09206
  0.10023
  0.10561
  0.10198
  0.11335
  0.11570
  0.10449
  0.11167
  0.11580
  0.11493
  0.11347
  0.14504
  0.20238
  0.69079
  0.62702
  0.68918
  0.63451
  0.62932
  0.58378
  0.52323
  0.70311
  0.59400
  0.62558
  0.62244
  0.62526
  0.67479
  0.64353
  0.69127
  0.63541
  0.60687
  0.62490
  0.62929
  0.69155
  0.69855
  0.71949
  0.67148
  0.71136
  0.69570
  0.65028
  0.61498
  0.65332
  0.64111
  0.61688
  0.65773
  0.60814
  0.51522
  0.77976
  0.59762
  0.57711
  0.64253
  0.61002
  0.61503
  0.61473
  0.61334
  0.60623
  0.65133
  0.60241
  0.61505
  0.56578
  0.55246
  0.56500
  0.53682
  0.64936
  0.60214
  0.63370
  0.58918
  0.58654
  0.62937
  0.61814
  0.56992
  0.65525
  0.56627
  0.38641
  0.77541
  0.58628
  0.54492
  0.60579
  0.62679
  0.56777
  0.59035
  0.57297
  0.61628
  0.58962
  0.60685
  0.61931
  0.64163
  0.61511
  0.57630
  0.53540
  0.59665
  0.63773
  0.58017
  0.56303
  0.60025
  0.62166
  0.56265
  0.65879
  0.68640
  0.51776
  0.51676
  0.51362
  0.51169
  0.50809
  0.51127
  0.51779
  0.50868
  0.50457
  0.50670
  0.51495
  0.51506
  0.50887
  0.50601
  0.50986
  0.51094
  0.50735
  0.50663
  0.50643
  0.50682
  0.50634
  0.50634
  0.50643
  0.50643
  0.59357
  0.68064
  0.67197
  0.47111
  0.74419
  0.61469
  0.57466
  0.61197
  0.60274
  0.65728
  0.63431
  0.58485
  0.58354
  0.56443
  0.56540
  0.60149
  0.40687
  0.50416
  0.34871
  0.63757
  0.70824
  0.70661
  0.69685
  0.69393
  0.69765
  0.68395
  0.67652
  0.67222
  0.67208
  0.66824
  0.71895
  0.47203
  0.77368
  0.63863
  0.68952
  0.67539
  0.64901
  0.70917
  0.46706
  0.46664
  0.46634
  0.46724
  0.46799
  0.46751
  0.46554
  0.46474
  0.46861
  0.47187
  0.47168
  0.47246
  0.47295
  0.47298
  0.47325
  0.47344
  0.47373
  0.61843
  0.71702
  0.65408
  0.42663
  0.88828
  0.65285
  0.65583
  0.68455
  0.68951
  0.64423
  0.66026
  0.66598
  0.65705
  0.72680
  0.67197
  0.66073
  0.65711
  0.65272
  0.66369
  0.74261
  0.66136
  0.70045
  0.68332
  0.69971
  0.67109
  0.70469
  0.62540
  0.64860
  0.74498
  0.71331
  0.55901
  0.64673
  0.70477
  0.65056
  0.64109
  0.65943
  0.67639
  0.64369
  0.68535
  0.68937
  0.64491
  0.66355
  0.68609
  0.65322
  0.67050
  0.70211
  0.66428
  0.63973
  0.63258
  0.68690
  0.67668
  0.67400
  0.69247
  0.67907
  0.72338
  0.71388
  0.41653
  0.67012
  0.71842
  0.65785
  0.65708
  0.67219
  0.67348
  0.71895
  0.66732
  0.69268
  0.70392
  0.64700
  0.68484
  0.69939
  0.65493
  0.64453
  0.68429
  0.67192
  0.69321
  0.69946
  0.71672
  0.26400
  0.62675
  0.67179
  0.56554
  0.11529
  0.10899
  0.11350
  0.10953
  0.10998
  0.11105
  0.11360
  0.11858
  0.11800
  0.11744
  0.13385
  0.22512
  0.46584
  0.46797
  0.46004
  0.46446
  0.46788
  0.46396
  0.46144
  0.46772
  0.46166
  0.45853
  0.46582
  0.47097
  0.46758
  0.46718
  0.47227
  0.47042
  0.46366
  0.46122
  0.46041
  0.45991
  0.46890
  0.47010
  0.46394
  0.45959
  0.45498
  0.45610
  0.45246
  0.44929
  0.44926
  0.44899
  0.44738
  0.44780
  0.44648
  0.43520
  0.43333
  0.43023
  0.42798
  0.43759
  0.43152
  0.42081
  0.41836
  0.42312
  0.42543
  0.42573
  0.42292
  0.42766
  0.43722
  0.44413
  0.44250
  0.43418
  0.43614
  0.43096
  0.43106
  0.43337
  0.43734
  0.43825
  0.44355
  0.42135
  0.39886
  0.39627
  0.38230
  0.36281
  0.36085
  0.34685
  0.34193
  0.33951
  0.31159
  0.31308
  0.30724
  0.30551
  0.31200
  0.31622
  0.31751
  0.31746
  0.33025
  0.34767
  0.36574
  0.37911
  0.37980
  0.37918
  0.38512
  0.38770
  0.38625
  0.38387
  0.37977
  0.37678
  0.37799
  0.37718
  0.37652
  0.37554
  0.36842
  0.36334
  0.36355
  0.36294
  0.35933
  0.35250
  0.34234
  0.33922
  0.33811
  0.33336
  0.32483
  0.30519
  0.29801
  0.27897
  0.27394
  0.27219
  0.24404
  0.23101
  0.22311
  0.21966
  0.19007
  0.18270
  0.18025
  0.16061
  0.15689
  0.15676
  0.14425
  0.14070
  0.14249
  0.15189
  0.15462
  0.15323
  0.15318
  0.15794
  0.17615
  0.17661
  0.18922
  0.19985
  0.20037
  0.21313
  0.23052
  0.24573
  0.25829
  0.26106
  0.26091
  0.28610
  0.30078
  0.31103
  0.31653
  0.32934
  0.32043
  0.32195
  0.33451
  0.33483
  0.33906
  0.34467
  0.35502
  0.36127
  0.36582
  0.37701
  0.37825
  0.38651
  0.40813
  0.41053
  0.41171
  0.41204
  0.42031
  0.42595
  0.43104