3299.50
3299.50
3299.50
3299.50
3299.50
3299.50
3299.50
3299.50
3299.50
3299.50
3299.50
3299.50
3299.50
3299.50
3299.50
3299.50
3299.50
3299.50
3299.50
3299.50
3299.50
3299.50
3299.50
3299.50
3299.50
3299.50
3299.50
3299.50
3299.50
3299.50
3299.50
3299.50
3299.50
3299.50
3299.50
3299.50
3299.50
3299.50
3299.50
3299.50
3299.50
3299.50
3299.50
3299.50
3299.50
3299.50
3299.50
3299.50
3299.50
3299.50
3299.50
3299.50
3299.50
3299.50
3299.50
3299.50
3299.50
3299.50
3299.50
3299.50
3299.50
3299.50
3299.50
3299.50
3299.50
3299.50
3299.50
3299.50
3299.50
3299.50
3158.50
3159.00
3159.50
3159.50
3160.00
3159.00
3157.00
3156.50
3155.50
3154.50
3154.00
3154.00
3114.45
3119.35
3126.03
3160.00
3162.50
3162.03
3169.22
3175.57
3173.28
3175.07
3175.50
3175.00
3174.50
3177.21
3175.94
3174.00
3168.00
3163.00
3161.32
3157.02
3154.50
3135.63
3151.00
3150.50
3151.50
3151.00
3150.00
3146.50
3143.00
3102.31
3052.74
3123.76
3122.32
3121.50
3122.89
3125.00
3123.50
3119.50
3117.25
3120.24
3121.70
3122.59
3123.00
3124.50
3131.00
3137.00
3149.78
3150.73
3151.78
3152.83
3150.90
3143.29
3140.17
3137.74
3134.56
3132.49
3179.30
3387.19
3749.92
3192.80
3380.68
3503.37
3177.46
2870.58
2669.74
2534.72
2197.36
2124.93
2708.04
2914.35
3016.28
3183.50
3182.50
3180.32
3176.50
3172.12
3165.98
3157.85
3155.03
3154.55
3154.00
3155.97
3155.00
3157.50
3159.00
3161.38
3098.73
3166.70
3167.33
3241.03
3173.00
3173.50
3175.50
3176.50
3175.00
3175.00
3173.70
3172.50
3165.45
3147.57
3136.95
3133.02
3130.00
3176.02
3128.00
3010.46
3144.75
3128.63
3033.90
3030.31
3101.50
3104.50
3108.50
3072.88
3113.50
3115.00
3116.89
3123.50
3096.15
3097.13
3096.46
3130.50
3132.00
3136.00
3137.00
3137.50
3136.00
3134.00
3133.00
3132.50
3132.00
3132.50
3133.00
3133.50
3134.50
3134.50
3134.50
3135.00
3136.50
3140.00
3140.50
3140.50
3142.00
3140.66
3124.22
3099.10
3132.86
3087.50
3097.24
3099.43
3135.90
3136.00
3123.72
3130.12
3128.94
3131.00
3132.00
3132.50
3133.00
3132.59
3135.49
3139.69
3143.81
3151.72
3155.48
3154.68
3157.91
3151.00
3180.48
3188.00
3053.38
3188.50
3188.00
3185.66
3165.88
3174.40
3160.50
3149.00
3141.50
3133.86
3131.06
3127.91
3121.86
3122.14
3112.00
3109.13
3104.50
3098.62
3096.00
3081.34
3100.50
3105.02
3108.76
3112.50
3113.83
3149.19
3151.44
3127.14
3118.50
3125.48
3171.86
3126.50
3127.60
3143.25
3156.18
3173.17
3161.97
3020.76
3119.79
3074.86
3101.09
3086.36
3096.08
3005.29
3185.26
3184.07
3183.16
3181.15
3179.81
3176.50
3177.75
3178.00
3185.56
3185.67
3193.00
3195.77
3198.35
3199.46
3201.50
3203.60
3160.19
3204.67
3202.50
3196.45
3193.80
3191.39
3189.78
3186.50
3171.84
3128.27
3131.38
3155.02
3124.77
3055.82
3145.00
3144.50
3140.15
3133.56
3131.36
3130.00
3103.13
3128.88
3077.56
3076.58
3124.50
3098.55
3105.48
3098.00
3097.00
3096.50
3018.78
3018.78
3017.81
3093.50
3093.00
3092.00
3093.50
3094.50
3095.50
3096.00
3098.00
3104.50
3107.50
3114.09
3114.50
3115.00
3119.00
3121.50
3121.32
3120.35
3120.77
3122.00
3120.50
3119.55
3117.50
3115.50
3114.00
3114.50
3084.21
3117.00
3117.50
3118.50
3119.00
3119.50
3122.00
3127.50
3132.72
3141.65
3144.17
3146.27
3147.50
3149.00
3151.00
3153.72
3165.14
3166.23
3167.50
3167.50
3161.00
3160.00
3130.95
3130.33
3073.91
3125.28
3137.95
3135.40
3097.26
3102.68
3072.21
3021.74
3092.43
3113.00
3092.50
3102.03
3096.62
3098.00
3125.32
3121.07
3105.61
3123.41
3124.88
3124.85
3124.65
3122.41
3120.80
3120.49
3119.52
3132.41
3116.69
3113.10
3119.00
3110.09
3104.50
3103.00
3103.00
3105.50
3108.00
3114.50
3123.00
3125.00
3127.00
3133.11
3228.44
3190.38
3138.21
3139.15
3209.36
3141.67
3141.23
3128.00
3146.11
3124.41
3148.09
3050.94
3120.50
3172.17
3040.43
3050.57
2876.29
3181.33
3292.70
3101.50
3107.63
3169.40
3155.30
3117.50
3153.90
3119.00
3167.74
3121.02
3122.00
3123.94
3124.00
3122.00
3121.21
3113.66
3109.50
3106.05
3138.18
3164.14
3106.88
3103.28
3101.20
3104.11
3105.00
3106.17
3110.47
3120.82
3125.00
3129.45
3131.50
3133.00
3135.00
3138.00
3138.50
3138.50
3138.00
3137.50
3136.50
3136.50
3136.50
3139.50
3142.56
3146.49
3141.48
3144.16
3152.09
3155.41
3156.50
3158.00
3136.58
3133.00
3170.50
3170.50
3170.50
3170.50
3170.50
3170.50
3171.00
3171.00
3172.00
3172.50
3174.00
3177.50
3179.50
3182.50
3183.00
3183.00
3181.86
3183.00
3180.97
3180.00
3179.50
3179.00
3179.00
3178.50
3178.00
3176.00
3170.50
3169.50
3168.50
3163.25
3157.68
3151.98
3146.50
3144.00
3143.00
3141.50
3140.50
3135.50
3135.50
3135.50
3136.56
3133.07
3130.57
3129.50
3106.31
3127.57
3126.06
3125.00
3122.00
3119.48
3115.50
3111.00
3113.47
3117.00
3119.00
3124.00
3128.55
3131.00
3132.50
3133.00
3134.00
3141.00
3154.86
3136.34
3162.02
3096.11
3160.59
3141.89
3158.74
3104.47
3040.92
3195.50
3149.10
2948.87
3117.14
3183.71
3181.67
3179.91
3092.03
3255.76
3037.42
3111.62
3218.50
3135.53
3245.73
3498.14
3209.00
3207.50
3204.50
3203.58
3203.50
3202.50
3202.00
3202.00
3197.55
3195.53
3193.50
3193.50
3192.00
3190.50
3190.50
3233.81
3186.50
3177.58
3117.18
3116.23
3170.00
3169.50
3169.00
3171.00
3172.00
3172.50
3172.00
3171.50
3172.00
3173.00
3174.50
3177.50
3181.50
3182.50
3182.50
3182.50
3182.00
3180.50
3178.00
3176.50
3175.50
3175.00
3176.00
3176.00
3177.50
3182.88
3184.27
3185.95
3186.50
3188.50
3190.00
3191.00
3193.00
3200.50
3201.50
3157.03
3198.00
3196.15
3195.00
3197.00
3204.58
3191.30
3217.03
3219.12
3207.95
3209.02
3226.15
3230.50
3230.60
3215.22
3214.09
3228.34
3232.35
3229.97
3222.67
3216.93
3208.56
3199.00
3199.50
3201.00
3201.50
3201.50
3207.47
3203.00
3202.50
3202.00
3202.29
3201.67
3202.00
3204.00
3204.00
3203.00
3202.00
3201.50
3201.50
3201.00
3201.00
3200.50
3201.00
3200.50
3199.50
3198.50
3196.50
3195.50
3194.50
3191.50
3189.00
3188.50
3186.00
3180.00
3173.50
3171.31
3163.40
3108.59
3038.19
3036.29
3031.55
3046.90
3070.07
3051.35
3034.85
3030.55
3052.12
3131.81
3122.45
3138.50
3143.50
3123.76
3159.00
3161.00
3163.50
3166.92
3176.91
3258.69
3185.00
3183.50
3178.50
3176.50
3150.39
3175.00
3175.00
3174.50
3171.00
3169.00
3262.68
3283.43
3165.00
3405.59
3432.38
3325.33
3231.53
3009.55
2805.83
2596.18
3088.09
3151.50
3149.50
3148.50
3148.50
3147.64
3148.17
3149.12
3147.50
3148.00
3148.50
3148.00
3146.50
3145.50
3145.00
3144.50
3143.00
3142.50
3140.50
3139.50
3139.00
3139.00
3139.00
3140.00
3140.50
3142.00
3143.00
3143.50
3146.75
3153.00
3153.03
3147.90
3159.28
3160.06
3160.50
3159.00
3153.87
3150.06
3149.47
3147.50
3145.32
3142.50
3139.18
3138.00
3136.55
3140.02
3144.87
3147.00
3183.40
3151.00
3152.50
3155.50
3155.50
3154.50
3151.00
3145.50
3137.00
3134.73
3131.50
3128.60
3124.50
3123.08
3117.00
3115.46
3113.47
3113.47
3113.47
3113.94
3113.88
3117.33
3122.50
3123.00
3092.00
3133.70
3141.02
3142.00
3143.00
3143.50
3144.00
3144.00
3144.33
3117.57
3125.98
3055.97
3120.32
3117.57
3131.84
3119.97
3099.12
3143.00
3140.50
3140.00
3138.00
3136.50
3134.65
3132.62
3126.00
3124.00
3077.07
3056.50
3035.46
3079.00
3094.26
3129.59
3131.30
3137.00
3142.50
3145.00
3146.50
3128.32
3150.00
3154.86
3171.00
3174.00
3177.98
3180.47
3183.00
3183.00
3181.50
3180.50
3179.50
3180.00
3180.00
3180.50
3181.00
3180.50
3180.50
3180.55
3180.60
3180.50
3180.50
3204.11
3190.23
3179.78
3166.07
3153.07
3153.81
3149.76
3142.99
3140.00
3137.00
3137.50
3140.00
3126.10
3142.00
3143.50
3148.50
3153.00
3162.78
3170.50
3176.52
3179.00
3178.79
3180.50
3178.50
3174.50
3170.00
3168.50
3167.00
3165.50
3164.00
3163.50
3162.50
3160.00
3154.50
3153.50
3153.50
3153.00
3154.00
3153.00
3152.00
3151.50
3150.50
3149.00
3145.50
3144.00
3139.50
3136.00
3099.40
3126.00
3126.00
3097.47
3121.00
3117.73
3116.15
3110.50
3085.72
3081.79
3075.43
3102.50
3109.35
3109.35
3103.32
3103.00
3104.00
3105.00
3110.52
3118.50
3119.00
3119.00
3119.50
3120.00
3120.00
3120.00
3120.00
3120.00
3022.08
3120.00
3120.00
3120.00
3120.50
3120.50
3120.50
3120.00
3120.00
3120.00
3022.08
3120.00
3120.00
3120.00
3120.50
3120.50
3120.50
3120.50
3120.50
3120.50
3120.50
3120.50
3120.50
3120.00
3120.00
3119.50
3114.50
3114.00
3114.50
3111.00
3108.36
3109.03
3106.61
3108.20
3101.00
3096.00
3094.00
3089.50
3094.00
3099.00
3085.22
3084.99
3201.96
3103.50
3104.50
3105.00
3104.50
3104.50
3103.50
3103.08
3080.57
3073.81
3091.50
3086.09
3081.00
3079.50
3079.00
3080.33
3082.50
3087.03
3089.00
3090.00
3091.50
3093.27
3094.50
3096.00
3106.00
3108.50
3112.50
3115.50
3116.50
3116.50
3110.50
3104.50
3102.75
3102.48
3097.89
3092.74
3086.31
3081.01
3068.50
3060.25
3051.50
3045.50
3043.50
3233.20
3127.51
3129.70
3061.17
3063.25
3011.69
3022.45
3156.39
3031.55
3099.16
2801.64
2895.74
2998.17
3025.89
2937.86
2932.84
2997.77
3069.44
3078.75
3046.14
3047.29
3050.26
3077.56
3149.98
3135.18
3116.12
3136.61
3114.91
3143.00
3193.48
3100.67
3196.62
3127.57
3172.56
3120.15
3105.83
3145.00
3106.03
3128.14
3111.81
3079.91
3110.62
3109.13
3116.57
3109.50
3104.50
3099.59
3082.50
3078.00
3074.07
3071.50
3070.00
3068.32
3040.42
3066.48
3065.50
3066.50
3066.50
3068.00
3069.00
3079.70
3082.07
3082.49
3086.70
3092.50
3080.73
3083.71
3105.50
3098.23
3122.08
3083.24
3035.59
3019.99
3070.74
3076.66
3059.95
3049.11
3068.40
3052.56
3031.97
3042.92
3041.09
3039.00
3042.00
3037.64
3060.29
3069.37
3075.90
3088.66
3085.66
3105.57
3115.87
3122.70
3083.51
3092.88
3145.22
3149.83
3155.97
3157.72
3157.55
3154.64
3158.10
3156.36
3154.47
3151.33
3148.15
3138.93
3146.50
3139.83
3086.67
3079.03
3061.94
3098.60
3089.31
3076.11
3116.00
3114.50
3114.00
3114.00
3113.50
3113.00
3111.50
3110.50
3109.00
3107.46
3108.50
3107.62
3109.56
3111.77
3114.50
3111.81
3113.00
3113.50
3116.50
3116.50
3117.95
3118.55
3118.05
3117.22
3117.10
3117.24
3114.69
3115.03
3112.50
3110.50
3110.50
3112.50
3113.50
3113.50
3093.78
3084.56
3081.49
3046.02
3054.22
3072.63
3069.28
3080.10
3075.41
3089.25
3090.00
3090.95
3091.97
3093.93
3096.14
3099.50
3099.65
3104.28
3101.83
3106.50
3128.00
3114.96
3142.83
3091.55
3181.15
3218.32
3132.51
3161.50
3162.00
3162.00
3161.00
3159.00
3157.00
3154.00
3149.50
3143.50
3142.50
3133.72
3129.92
3107.55
3130.04
3129.38
3129.88
3132.00
3134.00
3137.63
3141.00
3136.16
3135.29
3143.00
3143.50
3151.00
3158.73
3166.04
3169.41
3170.14
3176.06
3177.00
3179.42
3179.18
3171.66
3168.50
3167.00
3167.65
3167.00
3168.00
3169.50
3172.00
3172.50
3177.14
3179.68
3180.04
3183.32
3178.22
3201.45
3185.66
3183.53
3217.50
3213.47
3212.09
3211.34
3210.83
3210.50
3210.00
3210.33
3212.50
3213.50
3214.91
3216.00
3217.50
3218.50
3220.50
3220.71
3220.30
3217.84
3216.07
3214.94
3213.89
3212.00
3210.00
3206.50
3205.00
3204.00
3204.50
3205.50
3206.00
3208.50
3208.00
3206.00
3204.50
3203.50
3203.50
3202.00
3202.00
3200.00
3197.00
3194.50
3192.50
3186.50
3183.81
3180.00
3173.96
3197.60
2965.51
2747.13
3009.10
3212.84
3160.50
3155.88
3156.50
3159.92
3162.56
3229.61
3174.50
3177.00
3177.89
3179.18
3183.48
3193.80
3171.98
3212.93
3145.96
3149.04
3274.00
3234.00
3238.50
3238.50
3230.00
3227.00
3222.50
3250.39
3424.11
3221.35
3501.53
3765.92
3801.61
3568.72
3226.49
2985.16
2756.88
2385.48
2303.00
2755.60
1550.33
1576.79
3210.76
3210.33
3210.57
3212.00
3211.00
3211.00
3208.50
3203.74
3201.20
3200.22
3199.79
3199.39
3197.50
3196.50
3194.00
3193.50
3191.50
3190.50
3191.50
3191.50
3191.00
3192.00
3192.00
3191.50
3191.00
3190.50
3189.50
3188.50
3187.60
3184.50
3176.74
3164.94
3149.66
3139.84
3135.27
3108.55
3071.99
3053.86
3078.18
3030.24
3097.50
3080.96
3035.16
3089.76
3089.50
3033.30
3095.00
3101.00
3114.53
3116.00
3117.50
3124.16
3131.33
3140.50
3142.50
3145.00
3153.00
3158.00
3161.50
3163.22
3163.50
3164.50
3165.00
3165.00
3166.00
3173.36
3173.89
3178.00
3179.50
3184.50
3191.35
3192.10
3193.91
3195.66
3195.29
3195.46
3197.12
3195.40
3194.21
3191.51
3186.12
3189.09
3183.75
3182.00
3182.00
3182.00
3182.50
3185.00
3187.00
3189.50
3190.50
3191.00
3191.00
3190.00
3189.50
3188.00
3187.00
3185.50
3181.00
3180.00
3174.50
3171.50
3169.50
3169.50
3170.00
3172.50
3175.53
3176.15
3178.75
3182.04
3188.49
3186.53
3191.20
3201.19
3133.58
3165.66
3075.00
3141.11
3219.81
3205.50
3152.81
3202.00
3197.50
3193.00
3189.50
3184.50
3179.00
3165.39
3178.88
3173.07
3166.00
3166.00
3165.00
3165.00
3164.50
3165.00
3165.50
3167.00
3167.00
3173.00
3173.00
3173.00
3171.97
3167.50
3166.00
3165.00
3164.50
3161.50
3160.50
3158.50
3158.50
3159.00
3159.50
3161.50
3162.03
3166.00
3166.50
3167.50
3171.30
3172.84
3175.00
3175.00
3174.50
3171.00
3170.50
3170.00
3168.50
3159.00
3155.00
3153.00
3092.47
2937.63
2898.40
3026.69
3137.00
3136.50
3129.50
3126.00
3125.00
3124.50
3124.00
3124.00
3083.04
3121.50
3121.00
3120.50
3119.50
3118.00
3116.50
3113.47
3109.50
3110.00
3107.00
3106.00
3105.50
3103.50
3102.50
3102.50
3102.00
3102.50
3103.00
3102.50
3102.00
3102.50
3102.00
3101.50
3101.50
3102.00
3103.00
3104.00
3105.50
3110.00
3115.00
3116.50
3120.00
3123.00
3124.50
3124.50
3124.50
3128.00
3132.57
3136.98
3139.88
3143.80
3145.09
3148.81
3148.91
3152.90
3156.79
3158.00
3154.32
3149.52
3153.84
3152.94
3151.10
3150.02
3146.14
3142.52
3133.50
3125.00
3124.50
3124.50
3125.00
3124.50
3124.50
3124.00
3122.30
3122.00
3121.00
3118.00
3110.40
3106.83
3104.05
3107.81
3103.47
3102.78
3101.49
3098.34
3100.24
3100.20
3107.12
3111.00
3111.00
3111.50
3111.50
3112.00
3113.50
3119.00
3118.70
3120.56
3124.47
3127.00
3130.37
3138.04
3141.52
3145.50
3148.50
3147.18
3148.00
3147.00
3146.00
3141.50
3114.56
3131.00
3127.00
3122.38
3115.70
3113.07
3111.11
3109.76
3108.50
3106.50
3107.00
3107.50
3109.00
3112.00
3113.00
3115.00
3116.50
3117.00
3117.00
3116.50
3116.50
3152.86
3330.11
2964.51
2945.01
3101.20
3117.95
3117.76
3115.50
3111.00
3108.08
3067.85
2975.66
2960.50
2955.97
2950.28
2941.71
3003.51
3082.18
3051.76
3049.29
3101.71
3107.01
3110.32
3113.04
3119.09
3123.86
3130.00
3135.50
3104.71
3076.80
3123.43
3154.50
3155.00
3155.50
3158.00
3159.00
3123.83
3166.50
3175.78
3178.00
3171.86
3116.46
3179.63
3180.50
3183.50
3184.50
3183.50
3180.50
3178.50
3174.10
3170.44
3162.72
3158.57
3154.91
3151.70
3149.00
3143.00
3143.50
3141.50
3142.00
3143.00
3145.00
3148.40
3151.00
3153.00
3153.00
3153.50
3110.49
3150.50
3149.00
3138.40
3130.12
3127.53
3127.05
3128.50
3128.50
3129.48
3130.30
3131.78
3134.38
3136.91
3143.50
3146.50
3149.09
3154.00
3154.00
3152.00
3149.00
3147.50
3146.50
3143.50
3141.00
3139.14
3136.00
3132.50
3130.50
3131.50
3129.50
3129.00
3205.77
3124.50
3123.00
3123.00
3122.00
3121.50
3120.50
3117.00
3114.50
3115.50
3119.50
3121.50
3125.50
3133.55
3137.14
3139.50
3139.74
3142.00
3143.50
3146.50
3155.50
3165.47
3170.00
3173.00
3176.00
3175.00
3175.00
3174.50
3170.00
3166.00
3159.50
3155.95
3155.81
3154.00
3153.38
3148.50
3141.10
3138.00
3137.50
3138.50
3141.00
3094.66
3149.50
3155.50
3156.55
3157.96
3158.00
3156.50
3151.50
3145.00
3143.00
3142.50
3138.00
3136.00
3133.22
3127.50
3127.50
3126.43
3127.00
3132.18
3139.24
3142.41
3145.00
3149.10
3152.04
3158.50
3158.24
3161.55
3165.45
3168.50
3163.67
3158.47
3157.94
3152.50
3143.00
3140.50
3139.50
3138.00
3138.00
3139.00
3145.07
3146.73
3146.79
3148.46
3148.50
3149.50
3150.50
3152.83
3149.50
3147.42
3149.42
3144.00
3138.00
3133.66
3131.00
3129.45
3127.40
3125.50
3125.00
3126.00
3129.00
3133.48
3141.16
3142.60
3144.92
3145.93
3147.44
3150.72
3155.50
3161.88
3171.00
3172.50
3172.50
3172.50
3171.92
3172.50
3173.00
3173.00
3176.59
3179.00
3179.00
3179.98
3185.00
3189.40
3192.50
3193.50
3195.50
3197.00
3198.00
3199.00
3199.00
3199.50
3203.61
3205.44
3205.44
3206.07
3208.15
3211.67
3215.83
3219.49
3220.34
3218.21
3215.82
3213.18
3211.31
3207.33
3207.13
3206.33
3203.97
3202.90
3199.52
3203.83
3208.56
3174.62
3222.19
3225.76
3212.40
3217.85
3245.00
3249.45
3253.67
3260.50
3262.00
3265.47
3277.00
3279.00
3281.50
3282.50
3283.50
3284.50
3285.00
3285.50
3286.00
3286.00
3286.79
3287.21
3286.07
3284.56
3284.00
3278.52
3272.53
3278.04
3274.31
3270.59
3274.72
3268.00
3270.00
3272.00
3273.58
3273.63
3272.43
3283.70
3287.10
3289.00
3289.00
3287.74
3287.39
3291.72
3505.94
3982.86
3966.34
3734.50
3516.90
3344.39
3227.02
2983.80
3069.98
3285.68
3246.64
3313.71
3313.22
3312.57
3311.00
3309.00
3305.00
3303.50
3303.00
3302.50
3302.00
3302.00
3302.00
3301.50
3301.50
3302.00
3304.27
3308.50
3311.50
3317.00
3316.50
3318.50
3319.50
3320.00
3320.50
3321.50
3321.50
3322.00
3322.00
3322.50
3324.00
3324.00
3323.00
3326.50
3325.06
3323.00
3322.50
3326.00
3338.18
3420.09
3422.40
3328.28
3329.33
3326.59
3327.83
3330.35
3335.00
3361.17
3331.38
3387.97
3323.00
3320.50
3319.97
3318.00
3317.50
3316.00
3314.50
3314.00
3312.50
3312.00
3312.50
3313.00
3314.00
3314.00
3314.50
3315.00
3314.50
3314.00
3314.00
3313.00
3312.00
3307.00
3306.00
3307.30
3304.29
3302.15
3293.11
3285.00
3282.50
3278.50
3271.50
3236.12
3267.00
3262.50
3257.50
3255.66
3251.50
3251.00
3252.12
3252.50
3254.00
3257.00
3257.50
3259.50
3262.00
3264.00
3264.50
3264.00
3264.50
3265.00
3265.50
3233.03
3234.32
3267.50
3267.05
3268.63
3270.50
3273.84
3232.94
3273.91
3274.00
3273.50
3273.00
3272.50
3271.50
3269.00
3268.00
3269.00
3268.00
3267.50
3268.50
3268.50
3268.50
3268.00
3268.50
3268.50
3268.00
3268.50
3268.50
3268.00
3268.00
3273.12
3271.83
3274.26
3277.52
3281.11
3278.50
3283.79
3283.64
3281.78
3282.69
3281.05
3266.15
3263.50
3262.50
3260.50
3258.50
3254.31
3247.11
3237.00
3236.00
3236.00
3235.00
3235.50
3235.00
3234.20
3235.00
3234.50
3233.50
3233.00
3233.00
3232.50
3232.00
3233.00
3233.00
3233.00
3231.33
3221.83
3219.20
3215.65
3214.90
3214.61
3211.65
3207.88
3119.80
3168.96
3195.68
3202.60
3202.38
3202.66
3201.55
3185.41
3117.95
3122.58
3148.95
3129.52
3159.86
3191.68
3131.18
3137.64
3193.50
3195.23
3198.05
3196.50
3194.00
3193.00
3193.50
3193.00
3193.00
3187.00
3184.50
3189.84
3184.00
3182.48
3181.98
3180.91
3174.87
3173.86
3172.50
3172.50
3168.00
3164.96
3161.00
3159.00
3157.46
3153.59
3150.92
3143.88
3141.05
3136.05
3135.32
3135.62
3137.50
3138.50
3139.06
3144.90
3147.79
3152.72
3156.50
3160.76
3160.71
3158.59
3152.78
3118.29
3116.25
3094.56
3116.75
3128.61
3125.81
3124.07
3123.33
3125.04
3120.00
3122.06
3125.44
3128.41
3133.33
3136.50
3139.50
3140.00
3141.00
3150.00
3153.00
3155.50
3160.00
3161.50
3162.00
3163.00
3165.00
3167.37
3168.43
3170.54
3174.43
3175.50
3175.50
3175.50
3175.50
3175.50
3176.50
3177.50
3179.00
3177.44
3180.50
3181.50
3182.00
3182.00
3181.50
3182.00
3182.00
3180.00
3179.50
3177.50
3175.50
3175.00
3175.50
3170.86
3156.09
3151.63
3153.65
3186.60
3203.21
3267.70
3250.48
3103.99
3053.05
3062.37
2900.86
3166.48
3163.94
3162.77
3162.50
3161.00
3159.54
3159.00
3087.52
3001.90
3002.87
3003.30
2932.71
2939.25
3084.78
3157.00
3154.50
3153.50
3148.50
3142.50
3139.63
3137.17
3134.50
3131.50
3130.00
3128.00
3127.50
3127.50
3128.50
3129.00
3129.50
3129.50
3130.00
3131.00
3132.00
3133.00
3134.00
3135.00
3136.00
3138.63
3141.50
3143.00
3143.50
3141.00
3158.00
3163.06
3162.61
3038.17
3174.50
3195.14
3179.00
3181.96
3182.93
3181.46
3176.29
3174.53
3173.89
3172.44
3171.73
3170.95
3168.68
3166.00
3166.50
3167.00
3170.09
3175.17
3177.50
3178.50
3177.68
3177.50
3177.00
3176.50
3172.36
3169.55
3166.98
3164.50
3160.91
3158.00
3155.00
3153.00
3152.00
3147.50
3147.00
3147.00
3146.50
3147.00
3147.00
3148.00
3148.00
3151.00
3151.50
3151.50
3151.50
3150.09
3148.50
3146.50
3142.40
3140.94
3137.50
3136.00
3134.50
3134.50
3133.50
3135.00
3135.50
3137.00
3139.00
3141.00
3143.50
3147.00
3152.09
3158.59
3162.00
3165.07
3164.90
3165.50
3166.50
3166.50
3167.50
3170.22
3173.30
3172.06
3171.74
3170.00
3170.00
3168.50
3163.00
3158.50
3157.87
3157.20
3150.84
3146.50
3156.85
3138.50
3135.50
3183.39
3137.74
3143.50
3143.69
3143.69
3145.50
3148.00
3154.65
3159.50
3162.00
3162.50
3162.00
3161.00
3146.44
3148.17
3149.00
3163.00
3163.50
3165.15
3168.12
3174.26
3178.50
3183.43
3189.50
3190.50
3191.57
3193.00
3198.00
3200.00
3201.00
3200.50
3201.00
3201.00
3201.00
3199.50
3198.50
3195.50
3195.00
3194.50
3194.00
3194.00
3194.00
3194.50
3193.50
3189.50
3260.10
3260.10
3188.50
3189.50
3192.50
3194.50
3195.00
3195.50
3197.00
3199.00
3200.50
3200.50
3201.00
3200.50
3201.00
3201.00
3202.00
3201.50
3201.50
3201.00
3201.00
3271.69
3269.80
3200.00
3198.00
3198.00
3198.50
3199.50
3201.49
3211.04
3201.30
3213.58
3216.16
3220.02
3216.28
3231.79
3245.29
3247.00
3245.26
3245.38
3246.00
3243.69
3239.00
3238.00
3238.00
3231.97
3227.42
3224.00
3223.50
3223.50
3224.90
3226.00
3226.50
3222.85
3224.13
3221.44
3211.77
3211.76
3211.77
3212.00
3214.04
3221.00
3225.50
3230.33
3232.58
3234.42
3241.30
3244.52
3250.50
3129.51
3093.40
3190.95
3272.50
3268.50
3266.00
3264.50
3263.50
3259.50
3259.00
3257.52
3257.86
3259.00
3258.50
3258.50
3259.96
3262.00
3262.50
3266.00
3274.00
3280.50
3281.50
3284.00
3285.00
3333.20
3289.50
3291.00
3292.00
3294.00
3300.46
3303.00
3302.00
3296.33
3295.00
3290.50
3280.00
3278.00
3275.49
3272.84
3270.70
3266.04
3141.47
3647.91
3812.52
3902.05
3951.15
3690.51
3568.17
3404.01
3426.05
3251.37
3043.48
2925.69
2539.84
2203.85
2635.97
2640.68
2138.04
3173.13
2232.16
2874.24
2962.00
3175.82
3324.00
3287.86
3326.73
3326.60
3325.50
3323.00
3317.50
3317.00
3317.00
3315.50
3315.50
3315.00
3314.50
3308.89
3306.50
3304.73
3304.09
3343.85
3303.87
3300.74
3298.50
3292.90
3294.00
3293.50
3293.00
3295.83
3303.50
3308.00
3412.38
3408.96
3323.00
3323.54
3334.48
3339.13
3344.25
3307.42
3113.62
2925.37
3403.49
3424.31
3395.36
3379.30
3397.56
3406.36
3398.19
3400.53
3399.77
3397.00
3397.00
3397.00
3396.00
3392.00
3382.50
3408.03
3359.97
3285.49
3234.44
3331.81
3247.81
3228.70
3193.01
3210.69
3212.07
3256.28
3278.24
3299.50
3299.40
3302.50
3303.50
3304.50
3307.00
3310.50
3311.05
3311.00
3310.50
3310.00
3309.00
3305.50
3300.50
3297.50
3290.76
3288.50
3332.00
3286.68
3285.50
3285.00
3284.00
3282.50
3281.50
3281.50
3283.00
3283.00
3283.50
3284.00
3283.50
3281.50
3281.50
3279.50
3279.00
3279.00
3279.94
3279.47
3280.00
3280.50
3280.50
3284.00
3284.50
3284.50
3285.50
3285.50
3286.00
3283.00
3283.00
3281.50
3281.50
3280.50
3280.00
3279.50
3278.00
3272.50
3269.00
3268.50
3267.50
3267.00
3266.00
3266.00
3310.33
3259.50
3256.03
3252.50
3333.08
3251.50
3251.00
3251.00
3251.50
3251.50
3252.00
3252.00
3251.00
3250.50
3250.00
3250.50
3251.50
3252.00
3252.00
3252.50
3252.50
3253.00
3253.50
3254.00
3254.00
3253.50
3253.00
3253.00
3255.00
3257.50
3258.00
3258.50
3260.50
3263.00
3264.00
3265.86
3270.00
3269.12
3267.22
3261.70
3263.71
3261.58
3263.00
3262.50
3248.15
3254.57
2882.40
2724.84
2779.59
2795.75
3179.55
3152.07
3149.95
3155.60
3176.50
3137.28
3177.50
3158.78
3179.81
3178.29
3177.24
3174.38
3173.00
3172.50
3172.00
3170.00
3166.56
3166.00
3166.81
3172.69
3179.00
3183.50
3190.89
3170.89
3157.31
3182.54
3061.33
3115.23
3237.29
3245.64
3194.52
3257.47
3196.81
3240.00
3154.10
3239.50
3201.63
3203.56
3204.39
3203.77
3202.61
3234.46
3305.16
3138.18
3128.76
3158.90
3153.55
3152.59
3151.62
3195.00
3195.00
3196.00
3197.50
3199.00
3199.50
3200.00
3199.50
3266.88
3203.00
3205.00
3203.00
3262.09
3259.86
3293.53
3285.78
3195.44
3194.50
3193.00
3193.41
3193.00
3192.50
3194.32
3194.52
3196.00
3197.50
3200.05
3200.50
3199.55
3198.50
3197.50
3197.97
3201.63
3201.20
3200.84
3200.90
3201.98
3201.92
3204.34
3207.26
3160.12
3307.90
3206.00
3205.00
3204.00
3203.50
3203.50
3193.12
3188.51
3186.79
3185.17
3175.79
3174.00
3174.00
3174.50
3141.00
3176.00
2980.10
3398.59
3290.68
3197.13
3181.71
3179.50
3179.00
3178.50
3179.00
3179.50
3181.65
3186.57
3192.12
3196.97
3199.37
3198.10
3197.61
3200.89
3196.89
3195.37
3193.50
3190.00
3189.96
3188.00
3187.50
3188.00
3188.00
3189.00
3190.00
3191.00
3191.50
3197.00
3198.50
3198.50
3197.50
3197.50
3196.76
3187.37
3185.30
3181.36
3172.64
3171.00
3169.00
3146.51
3128.58
3083.52
3144.53
3121.60
3172.50
3223.91
3182.00
3183.50
3183.50
3183.00
3239.25
3177.76
3093.41
3167.58
3161.69
3155.74
3148.50
2861.00
2927.26
2993.14
3054.78
3130.49
3185.97
3174.02
3106.15
3186.21
3188.15
3101.55
3119.50
3121.40
3125.44
3129.36
3136.87
3144.00
3145.00
3148.50
3152.61
3155.42
3159.00
3159.50
3161.00
3161.50
3164.00
3168.50
3171.00
3172.50
3226.05
3197.73
3156.11
3148.45
3058.78
2721.69
2979.28
3225.00
3227.00
3253.47
3232.50
3237.50
3240.98
3243.00
3240.43
3266.14
3262.72
3238.80
3178.35
3155.89
3139.26
3218.53
3204.00
3203.00
3204.50
3207.00
3208.00
3207.27
3131.35
3183.58
3198.77
3235.50
3235.00
3262.72
3262.38
3294.10
3230.79
3245.16
3233.33
3020.94
2867.64
2773.42
2812.61
3116.05
3109.72
3188.61
3183.65
3141.91
3177.00
3177.00
3176.50
3177.50
3179.50
3181.00
3181.50
3181.50
3181.50
3181.50
3182.58
3182.00
3183.61
3182.71
3183.00
3183.53
3184.00
3184.59
3184.50
3184.00
3185.00
3183.03
3182.00
3181.50
3177.50
3175.00
3235.00
3168.83
3169.00
3172.38
3170.95
3180.03
3196.02
3200.11
3201.21
3206.50
3210.78
3281.16
3224.62
3222.85
3219.33
3215.50
3214.00
3191.85
3213.00
3213.00
3210.00
3207.50
3207.00
3207.00
3206.50
3267.00
3205.00
3199.00
3198.50
3197.50
3197.00
3196.00
3195.00
3189.50
3188.00
3187.00
3187.00
3187.00
3187.50
3188.00
3188.00
3252.97
3201.15
3206.00
3208.46
3209.91
3212.68
3220.44
3233.50
3234.00
3234.00
3234.00
3234.50
3234.00
3234.00
3234.00
3234.00
3234.00
3234.04
3235.00
3234.50
3235.00
3235.00
3235.00
3233.50
3232.50
3232.00
3233.50
3234.50
3234.50
3235.50
3236.00
3236.50
3239.00
3247.17
3247.56
3257.03
3308.51
3227.59
3227.59
3227.28
3261.50
3267.04
3277.00
3278.00
3278.50
3279.50
3280.50
3281.00
3281.50
3280.50
3280.33
3281.50
3271.62
3220.94
3166.03
3157.61
3157.57
3179.77
3169.16
3182.69
3250.38
3249.86
3287.57
3290.56
3265.00
3326.11
3274.00
3277.50
3278.00
3277.00
3275.57
3274.19
3272.14
3269.83
3266.00
3264.00
3263.00
3263.00
3268.00
3279.25
3283.56
3285.61
3285.91
3287.25
3291.00
3293.00
3297.00
3297.00
3326.00
3350.81
3410.71
3288.50
3325.55
3318.18
3285.87
3600.26
3617.12
3448.25
3157.23
2956.80
2855.87
2772.05
2690.87
2906.24
3291.50
3293.56
3295.86
3301.12
3311.42
3314.64
3315.69
3319.36
3336.39
3339.00
3338.50
3338.50
3338.00
3336.50
3327.00
3319.50
3316.00
3311.50
3312.00
3312.00
3321.52
3328.96
3331.37
3332.22
3332.34
3333.84
3341.37
3355.63
3375.00
3377.41
3381.86
3383.05
3385.50
3434.49
3481.45
3391.57
3395.50
3396.00
3395.50
3393.50
3391.50
3390.00
3447.13
3384.47
3348.54
3369.55
3362.22
3361.11
3367.86
3308.55
3321.00
3409.88
3390.70
3343.12
3377.48
3378.41
3354.48
3277.09
3089.61
3205.60
3008.72
3001.35
2847.24
3221.29
3310.57
3416.00
3295.00
3295.00
3417.00
3726.83
3417.50
3417.50
3417.50
3417.50
3417.50
3418.00
3550.86
3550.86
3417.50
3415.00
3415.50
3416.00
3426.00
3425.31
3434.50
3437.63
3436.13
3437.69
3439.26
3456.04
3456.50
3455.31
3453.67
3453.50
3465.22
3466.42
3444.88
3444.18
3440.00
3436.12
3430.80
3298.40
3379.29
3433.02
3431.22
3396.29
3397.00
3396.00
3393.77
3392.50
3395.00
3396.50
3402.00
3405.46
3405.10
3249.69
2662.50
2755.66
2633.53
2787.19
2938.58
2676.46
2884.24
2958.64
2924.00
3149.90
2976.29
3419.50
3377.37
3423.05
3420.95
3420.00
3419.50
3416.50
3416.50
3416.00
3416.00
3416.00
3413.00
3412.50
3398.37
3395.50
3393.83
3392.78
3390.60
3384.45
3380.62
3377.00
3376.50
3375.00
3374.50
3374.00
3374.50
3374.50
3374.00
3370.50
3368.50
3369.32
3329.58
3366.50
3362.50
3356.88
3349.92
3346.05
3334.91
3334.57
3332.38
3331.50
3321.50
3315.50
3315.84
3314.00
3313.00
3314.00
3316.50
3321.67
3327.50
3334.73
3341.53
3342.95
3344.47
3347.54
3351.91
3357.50
3357.50
3358.00
3358.17
3358.50
3358.50
3358.00
3357.50
3356.50
3357.00
3358.00
3358.50
3297.04
3302.92
3363.00
3363.50
3363.50
3362.50
3319.59
3358.84
3350.96
3348.50
3346.50
3346.00
3347.44
3342.50
3339.00
3339.00
3339.00
3339.00
3338.50
3338.44
3338.47
3338.00
3338.50
3339.98
3341.00
3342.00
3342.50
3343.50
3344.00
3348.50
3351.23
3365.00
3365.58
3369.00
3370.22
3287.44
3371.50
3370.00
3366.94
3365.50
3365.50
3364.50
3362.00
3358.00
3352.50
3325.64
3323.75
3212.64
3176.98
3007.96
2996.69
3118.16
3034.56
3093.12
3116.16
3014.70
3249.25
3295.09
3279.32
3248.54
3355.69
3392.02
3321.00
3360.84
3326.50
3368.85
3373.30
3349.00
3353.50
3357.50
3358.50
3359.46
3362.50
3362.00
3363.00
3364.00
3364.00
3364.00
3360.15
3487.30
3360.50
3361.00
3366.17
3369.50
3374.43
3375.50
3377.50
3380.16
3382.20
3357.02
3391.72
3352.84
3177.44
3384.32
3636.13
3510.30
3301.97
3424.66
3289.50
3153.64
3270.13
3333.33
3282.03
3420.00
3517.10
3455.14
3289.11
3433.00
3438.38
3436.50
3438.00
3442.00
3394.45
3446.00
3446.50
3455.49
3525.42
3467.84
3471.55
3366.53
3371.12
3308.16
3510.81
3496.80
3498.39
3473.72
3505.00
3514.00
3518.00
3524.00
3526.50
3528.00
3530.14
3531.30
3533.00
3533.00
3533.50
3451.26
3452.21
3299.20
3536.50
3538.00
3539.50
3543.00
3543.50
3544.00
3546.66
3553.50
3560.76
3565.06
3492.26
3589.04
2884.89
2926.20
2881.87
3053.37
3131.18
3018.71
3420.97
3642.53
3659.37
3646.63
3438.46
3508.56
3233.68
3283.95
3354.86
3494.63
3237.64
3702.18
3423.89
3651.81
3784.24
3808.25
3818.73
3720.79
3785.00
3866.86
3790.46
3800.51
3797.83
3722.83
3604.39
3759.97
3803.28
3774.73
3706.91
3396.35
3375.07
3203.99
3213.60
3707.74
3491.29
3775.05
3847.99
3912.88
3756.92
3516.86
3647.24
3865.31
3994.00
4037.77
3971.65
3707.71
3765.05
3832.90
3796.27
3946.67
3956.92
3878.78
3548.61
3496.76
3421.64
3611.87
3865.89
4015.18
3884.28
4071.14
4045.50
4043.51
4087.83
4044.31
4030.00
3938.67
3934.43
3934.43
3938.67
4025.50
4075.59
4027.00
4026.50
3942.17
4016.50
4017.00
3968.97
3937.44
3959.29
3950.46
3918.40
3920.46
3947.92
3946.97
3942.86
3992.62
4001.20
4002.92
4003.37
4038.36
4007.55
4070.28
3958.50
4075.00
4043.49
4045.85
4000.00
3961.83
3958.27
3951.74
3969.22
3958.96
3579.29
3233.79
3676.37
3633.07
3345.04
3023.54
2913.62
2828.61
3313.12
3431.68
3833.97
3725.57
3214.50
2997.59
3467.58
3770.64
3578.70
3396.25
3633.00
3844.60
3824.11
3745.29
3767.40
3779.22
3678.49
3773.23
3806.00
3671.27
3617.66
3683.44
3809.81
3812.85
3814.37
3755.64
3851.05
3815.50
3815.50
3812.50
3805.76
3802.51
3795.30
3786.74
3783.09
3787.50
3763.76
3756.23
3706.41
3677.21
3614.81
3515.37
3483.67
3660.83
3654.40
3684.07
3684.07
3709.50
3710.50
3711.00
3711.00
3716.61
3716.20
3715.76
3715.14
3715.00
3714.50
3712.00
3709.00
3667.52
3663.82
3685.00
3715.67
3722.69
2990.59
3079.35
3149.41
3336.17
3191.14
3126.75
3604.66
3601.67
3425.02
3595.00
3540.14
3513.42
3621.00
3565.40
3621.50
3622.50
3623.50
3680.55
3680.55
3624.50
3623.50
3618.50
3659.50
3658.00
3656.29
3616.00
3657.85
3616.50
3614.50
3608.50
3591.70
3584.28
3583.77
3581.27
3579.50
3580.49
3578.69
3579.11
3583.00
3589.07
3602.50
3619.37
3623.79
3624.11
3622.41
3627.52
3631.72
3643.48
3661.50
3729.07
3731.85
3731.29
3677.00
3678.00
3677.50
3677.50
3679.50
3679.00
3678.69
3677.97
3679.87
3750.26
4154.85
3929.21
3667.59
3468.17
3229.71
3005.26
2699.81
2083.07
2335.35
3552.33
3614.60
3481.94
3620.30
3553.33
3674.50
3673.00
3670.50
3667.50
3666.50
3712.73
3610.10
3684.93
3661.03
3655.80
3651.00
3685.05
3685.83
3647.50
3648.50
3650.78
3651.00
3652.89
3656.43
3661.00
3663.00
3668.50
3670.00
3671.50
3672.00
3672.50
3672.00
3619.46
3669.50
3668.50
3667.50
3612.67
3755.31
3660.00
3658.50
3657.00
3536.72
3502.89
3649.00
3716.83
3650.00
3656.00
3661.00
3662.50
3672.99
3676.59
3679.35
3680.84
3682.72
3683.88
3691.73
3705.93
3716.50
3720.50
3723.00
3723.50
3724.50
3725.00
3722.00
3721.00
3720.00
3719.50
3719.50
3718.50
3718.50
3717.50
3716.50
3715.50
3708.57
3706.66
3705.00
3706.67
3704.89
3702.95
3696.52
3695.47
3696.00
3697.00
3698.04
3785.08
3762.64
3765.75
3765.75
3815.07
3757.30
3709.89
3710.90
3707.50
3717.79
3726.80
3727.02
3763.00
3761.27
3731.00
3775.74
3475.30
3649.08
3737.00
3736.00
3736.00
3736.50
3737.50
3738.50
3737.50
3738.00
3739.00
3739.50
3741.08
3740.57
3739.65
3738.55
3737.50
3738.00
3741.71
3744.57
3746.11
3749.60
3753.20
3759.48
3749.65
3741.82
3210.92
3324.16
3584.26
3745.74
3745.22
3807.00
3803.08
3770.97
3783.37
3613.18
3433.29
3239.30
3441.62
3502.57
3638.16
3752.77
3881.86
3798.67
3786.67
3885.12
3887.50
3888.00
3887.00
3888.50
3937.21
3892.00
3893.50
3894.50
3896.50
3897.00
3898.50
3904.00
3907.59
3915.96
3929.77
3646.69
3823.60
3686.47
3915.74
3861.15
3645.01
3757.50
3776.48
3652.55
3528.57
3366.10
3265.46
3256.07
3739.84
4008.89
4010.91
3873.99
3872.58
4012.50
3877.06
3907.48
4004.00
4005.50
4006.50
4008.08
4010.08
3985.59
4011.00
4012.28
4020.41
4024.29
4037.37
4041.50
4041.50
4078.58
4015.12
4061.00
4070.55
4053.08
4055.18
3795.89
3426.74
3665.39
3839.72
3796.18
4062.42
4068.44
4087.77
3449.37
3168.72
3908.09
3499.57
3607.21
3794.77
4037.00
3989.65
3985.14
3740.92
3731.17
4064.92
4051.42
3994.16
3817.54
3645.70
3557.12
3409.90
3324.67
3753.06
3380.46
3109.01
3050.90
2934.65
2989.05
2968.84
3474.57
3427.65
3010.49
2913.43
3189.95
3466.91
3450.85
3418.98
3256.21
3637.77
3766.00
3575.08
3595.87
3306.34
3106.80
3045.76
3408.06
3736.18
3554.56
3475.65
3910.99
3885.97
3661.77
3541.02
3986.52
4540.49
3898.29
3582.53
3656.01
3786.96
3540.45
3554.33
3546.10
3915.42
4560.81
4499.45
4272.28
4276.43
4545.60
4612.90
4371.98
4319.58
4059.14
3610.30
4173.29
4397.86
4611.28
4487.83
4231.77
4358.80
4405.14
4361.76
4615.63
4652.91
4473.78
4231.72
3360.66
4053.27
4100.22
3919.02
4295.95
4388.50
4092.09
4018.97
3929.37
3968.39
3572.04
4050.39
4215.98
4783.00
4784.00
4467.65
4299.03
4795.50
4796.50
4798.00
4799.00
4800.88
4775.91
4731.62
4758.42
4719.35
4723.99
4738.15
4762.38
4760.65
4749.75
4795.86
4853.53
4236.59
4175.79
4880.88
4865.91
4687.29
4946.00
4950.82
4958.90
4959.00
4959.00
4959.50
4968.94
4958.50
4957.50
4956.50
4956.00
4957.00
4958.50
4962.50
4964.00
4967.00
4968.24
4971.76
4974.35
4985.92
4991.23
4518.25
4449.36
4931.58
4776.94
4628.36
4490.32
4904.23
4911.46
5012.50
5006.44
5005.10
4942.88
4942.90
4951.14
5001.09
4998.00
4994.50
4995.00
4910.91
4573.68
4226.80
3977.00
4889.37
4889.40
4994.79
4880.37
4989.00
4989.50
4989.50
4989.50
4990.00
4990.50
4991.50
4993.50
4994.60
4890.77
4990.50
4988.50
4986.50
4979.50
4974.39
4973.84
4977.47
4972.73
4968.00
4966.50
4828.96
4919.59
4919.03
4962.00
4968.00
4972.50
4975.00
4975.50
4976.00
4945.65
4978.04
4981.00
4980.07
4915.67
4970.40
4970.38
4965.68
4965.18
4961.85
4961.00
4960.00
4957.03
3872.36
3436.14
4796.87
4511.52
4192.64
4343.14
4678.40
4827.75
4845.38
4837.73
4296.76
4091.02
4599.19
4676.31
4829.43
4866.00
4861.58
4861.00
4727.34
4704.79
4709.98
4738.07
4757.17
4613.24
3876.69
4261.87
4408.06
4688.99
4871.56
4839.14
4775.64
4767.24
4528.94
4347.69
3904.03
3713.75
3561.93
3301.86
3141.98
3060.41
3105.77
3136.11
2946.05
3307.90
4579.87
4760.00
4105.91
3329.32
3191.99
3628.13
3750.55
4116.25
3956.63
4729.55
4017.83
3699.73
3244.06
3835.96
3622.83
3248.02
3321.05
3520.73
3247.97
3113.71
3026.97
3099.66
3747.23
3573.63
3212.28
3278.42
3342.54
3439.98
3770.88
4010.99
3157.88
3488.37
3252.50
3700.47
3501.77
3530.54
3063.72
3139.37
3351.97
3351.88
3219.85
3466.59
3896.99
4032.77
3960.83
3901.80
3795.63
3453.22
3336.20
3270.61
3184.37
3221.84
3356.12
3034.53
3519.62
3404.49
3413.56
4162.73
3537.84
3956.51
4091.86
3900.36
4209.09
4229.98
4164.09
4321.41
4344.00
4345.50
4247.65
4176.09
4101.82
4100.91
4107.83
4334.00
4323.50
4321.66
4305.86
4300.80
4337.34
4293.27
4298.25
4149.08
3872.10
4279.64
4256.72
4248.52
4212.43
3969.37
4030.24
4276.54
4084.36
3696.74
3438.80
3800.31
3230.12
3457.64
4121.36
4207.00
4039.26
4023.89
4129.98
4194.50
4192.00
4191.50
4188.00
4219.77
4181.06
4119.08
4024.62
3967.75
4166.82
4165.88
4084.35
3610.31
3976.82
3811.32
3783.44
3583.01
3803.73
3609.96
3467.59
3675.07
4177.44
3874.11
4536.11
4557.53
4193.99
4040.22
3893.50
3699.54
3422.78
3182.14
3484.97
3832.18
3485.92
4028.00
3944.59
3933.85
3882.60
3469.00
3876.96
3998.29
3844.12
3388.35
3591.89
3769.73
3683.10
3692.21
3903.98
4000.00
3792.42
3845.42
3971.00
3972.69
3974.34
3978.67
3982.15
3982.50
3986.00
3986.50
3987.00
3985.00
4017.03
3978.00
3977.47
3976.50
3978.14
3977.32
3978.50
3977.50
3978.00
3978.50
3980.50
3981.00
3983.50
3983.50
3982.61
3983.50
3980.09
3977.12
3976.00
3970.68
3961.90
3959.34
3956.59
3952.07
3951.30
3242.42
2916.60
3904.97
3126.55
3338.98
3538.94
3133.76
3408.23
3667.96
3735.57
3909.91
3553.95
3716.34
3500.20
3629.50
3811.95
3788.34
3864.00
3869.50
3901.74
3872.50
3810.57
3817.35
3877.53
3714.95
3812.61
3930.25
3936.41
3801.41
3676.79
3625.61
3855.48
3878.53
3864.71
3874.78
3874.90
3874.31
3872.39
3872.43
3872.50
3872.00
3872.00
3871.00
3868.00
3868.50
3864.67
3862.88
3524.01
3674.44
3804.84
3798.59
3036.15
3499.80
3548.70
3711.35
3805.37
3715.16
3441.02
3674.89
3744.67
3677.14
3765.50
3761.50
3757.50
3750.00
3748.08
3746.67
3738.55
3735.00
3735.00
3735.00
3735.50
3736.00
3778.19
3736.53
3799.85
3792.50
3725.16
3717.28
3716.13
3711.21
3681.67
3679.79
3702.30
3652.00
3686.76
3675.09
3669.50
3665.50
3664.50
3664.00
3663.00
3663.50
3664.00
3667.00
3669.50
3670.50
3671.00
3671.50
3672.00
3673.00
3674.50
3676.00
3678.50
3680.50
3681.00
3680.50
3679.00
3678.00
3676.00
3807.67
3671.50
3666.31
3668.00
3667.00
3665.50
3665.50
3664.50
3662.50
3659.00
3701.26
3647.30
3650.48
3638.58
3647.15
3631.83
3586.71
3526.63
3409.59
2975.24
3343.26
3285.82
2751.94
2907.38
3319.38
3420.81
3583.00
3583.00
3624.83
3543.85
3549.37
3584.50
3653.96
3590.00
3590.00
3590.50
3558.79
3578.77
3567.53
3529.49
3491.41
3460.36
3482.43
3489.07
3483.51
3463.91
3507.63
3505.52
3494.80
3518.64
3512.31
3480.28
3504.41
3497.68
3494.00
3494.50
3496.00
3499.00
3502.89
3512.35
3512.54
3480.58
3518.41
3520.79
3523.48
3527.45
3457.90
3514.78
3537.81
3341.92
3363.10
3401.34
3443.16
3497.26
3543.60
3497.26
3541.81
3544.28
3539.44
3540.50
3538.03
3527.85
3477.89
3521.12
3516.93
3505.39
3499.62
3494.74
3047.58
3422.48
3477.38
3474.61
3479.13
3307.16
3338.75
3355.21
3419.26
3449.50
3417.47
3427.04
3430.60
3407.14
3464.50
3465.50
3468.26
3469.17
3472.46
3475.00
3473.24
3472.50
3469.50
3467.50
3465.00
3458.50
3455.50
3451.94
3449.00
3356.98
3415.78
3385.22
3441.00
3441.50
3442.00
3442.08
3444.22
3445.50
3446.50
3447.08
3675.00
3496.72
3485.89
3510.78
3507.26
3440.00
3440.50
3441.00
3441.50
3442.50
3443.50
3443.00
3442.50
3441.00
3440.50
3439.00
3437.50
3435.00
3430.00
3429.00
3427.50
3428.00
3430.00
3431.50
3432.50
3436.00
3436.50
3437.50
3438.00
3439.50
3440.50
3442.00
3448.00
3450.96
3453.00
3453.97
3449.00
3412.18
3448.50
3395.63
3447.22
3447.00
3416.40
3440.50
3440.50
3434.50
3433.50
3434.00
3491.56
3489.15
3437.00
3437.50
3438.00
3439.50
3440.68
3442.09
3442.00
3441.50
3441.50
3441.50
3441.50
3440.00
3392.62
3432.50
3429.00
3422.17
3415.93
3409.97
3407.41
3406.93
3401.77
3394.39
3343.84
3389.08
3352.10
3386.50
3388.00
3389.00
3392.46
3401.00
3372.49
3416.00
3416.50
3417.00
3417.50
3419.50
3418.74
3416.00
3414.27
3407.00
3406.50
3405.50
3405.65
3403.62
3401.00
3397.00
3391.00
3388.00
3384.00
3381.00
3380.50
3427.14
3379.06
3376.50
3376.00
3376.50
3378.00
3380.00
3319.76
3386.00
3396.27
3399.50
3391.50
3393.50
3396.00
3395.50
3394.00
3395.49
3388.00
3383.50
3381.50
3379.00
3377.00
3343.29
3342.58
3368.50
3365.50
3359.50
3355.92
3356.45
3356.43
3365.34
3370.75
3348.21
3370.50
3370.50
3374.00
3375.00
3375.50
3377.00
3341.32
3387.50
3387.50
3386.00
3385.00
3384.50
3383.50
3382.50
3381.00
3377.00
3374.00
3372.00
3371.50
3371.00
3367.71
3364.84
3361.00
3109.89
3292.53
3334.50
3332.50
3219.75
3293.80
3327.00
3327.00
3323.50
3322.00
3321.50
3322.50
3325.00
3326.00
3334.46
3338.00
3339.50
3341.00
3342.00
3345.50
3321.42
3290.64
3357.50
3361.00
3362.00
3363.00
3363.00
3363.50
3363.50
3365.50
3366.50
3367.00
3305.00
3364.00
3362.00
3361.50
3359.93
3360.43
3360.50
3360.50
3360.00
3359.50
3301.12
3302.88
3358.92
3358.85
3361.00
3308.46
3363.00
3365.50
3367.50
3367.50
3367.00
3367.00
3367.00
3370.50
3371.50
3372.00
3373.00
3373.00
3372.00
3370.50
3372.50
3373.00
3370.50
3370.50
3370.00
3368.50
3368.00
3368.00
3368.00
3368.00
3369.47
3370.00
3372.50
3375.00
3376.00
3376.50
3376.50
3377.00
3377.50
3377.50
3377.50
3378.00
3378.50
3381.00
3382.50
3382.00
3381.00
3382.09
3385.70
3390.60
3401.49
3406.00
3186.73
3333.43
3617.91
3559.94
3420.00
3420.00
3420.00
3420.50
3373.71
3420.00
3419.00
3416.90
3415.50
3416.00
3419.00
3427.25
3432.58
3438.61
3438.93
3438.42
3437.94
3440.47
3442.16
3445.50
3458.50
3463.26
3471.00
3475.52
3482.26
3514.11
3491.16
3242.96
3291.30
3385.21
3262.87
3339.03
3331.81
3333.13
3354.80
3298.48
3458.70
3523.90
3652.23
3849.70
3992.10
3868.76
3821.50
3538.27
3377.82
5713.00
2807.86
2842.71
3415.88
3488.00
3487.00
3488.00
3488.00
3493.19
3495.62
3501.12
3526.82
3578.51
3532.97
3544.30
3548.58
3484.44
3519.50
3556.62
3560.08
3502.00
3536.06
3533.21
3564.90
3535.62
3490.50
3561.94
3439.85
3577.79
3482.19
3482.19
3484.50
3485.00
3488.50
3490.00
3494.50
3497.00
3503.00
3507.00
3508.50
3510.00
3512.82
3514.00
3514.50
3554.27
3512.50
3535.33
3507.84
3508.02
3508.00
3510.36
3513.50
3512.50
3512.00
3513.00
3516.50
3518.00
3522.06
3527.50
3540.28
3542.84
3541.40
3540.71
3547.59
3548.94
3547.00
3555.29
3561.00
3562.02
3561.00
3554.77
3576.04
3591.41
3546.99
3540.83
3531.64
3549.85
3511.33
3508.50
3507.82
3503.22
3497.16
3496.50
3496.00
3497.00
3497.50
3499.00
3501.12
3502.17
3492.52
3495.73
3488.73
3489.74
3492.76
3506.37
3484.61
3511.27
3476.12
3491.44
3507.98
3512.16
3512.86
3585.51
3552.06
3552.75
3672.88
3597.91
3576.87
3552.50
3548.22
3539.50
3599.67
3633.13
3430.95
3081.98
2900.73
3401.87
3522.08
3571.45
3575.50
3577.00
3570.39
3449.92
3398.42
3525.05
3585.00
3586.00
3512.02
3553.16
3592.57
3595.50
3596.50
3593.69
3592.00
3592.00
3591.69
3539.70
3589.73
3589.77
3585.44
3582.64
3582.00
3581.06
3580.00
3579.00
3567.49
3568.39
3576.07
3563.19
3557.00
3341.89
3210.82
3134.86
3522.50
3453.69
3516.50
3515.50
3513.50
3511.50
3511.00
3511.00
3509.70
3471.11
3500.98
3497.00
3497.00
3489.50
3487.50
3487.00
3487.50
3488.00
3488.00
3488.50
3488.50
3488.50
3488.50
3484.45
3477.50
3475.50
3471.50
3468.50
3467.50
3467.16
3469.11
3470.68
3469.00
3469.50
3470.67
3472.30
3478.54
3480.50
3480.50
3481.00
3482.50
3482.50
3484.58
3487.00
3488.00
3488.50
3490.50
3492.00
3488.78
3487.37
3487.00
3487.00
3485.47
3484.50
3481.50
3479.46
3477.50
3477.50
3478.00
3479.50
3479.50
3480.00
3480.50
3475.91
3421.00
3466.08
3465.62
3453.71
3444.93
3434.23
3305.74
3389.62
3297.98
3342.93
3402.36
3361.20
3358.24
3350.04
3385.65
3370.52
3397.86
3402.50
3408.50
3412.31
3424.50
3426.50
3431.50
3302.62
3387.83
3276.77
3443.00
3446.37
3447.61
3450.36
3267.57
3141.41
3462.00
3342.06
3405.03
3407.55
3412.92
3413.57
3454.82
3356.23
3116.86
3403.26
3441.60
3390.04
3393.57
3341.36
3383.76
3429.50
3425.50
3424.00
3423.50
3420.50
3420.00
3425.03
3429.50
3426.00
3426.50
3428.50
3430.00
3433.96
3437.50
3439.54
3445.00
3446.50
3397.52
3461.07
3466.00
3473.50
3473.00
3473.00
3473.50
3473.50
3474.00
3473.00
3472.50
3471.50
3471.25
3471.07
3470.73
3471.00
3472.50
3472.00
3489.13
2824.20
3037.58
3441.57
3471.15
2001.29
3204.52
3289.47
3472.50
3522.82
3520.68
3515.72
3513.62
3510.93
3507.74
3508.38
3502.94
3501.50
3501.00
3504.50
3505.45
3506.17
3504.00
3505.00
3505.50
3505.00
3501.50
3500.00
3497.50
3500.00
3499.50
3494.50
3494.50
3495.58
3497.56
3498.50
3506.57
3521.26
3504.63
3484.63
3436.26
3198.21
2976.06
3030.60
3088.25
3187.75
3265.65
3314.22
3368.88
3485.19
3622.56
3545.65
3522.30
3636.98
3686.23
3754.13
3844.15
3943.62
4007.56
4073.42
4209.03
4336.00
4365.84
4575.72
4756.97
4818.59
4885.68
5003.42
5164.87
5168.80
5219.97
5251.69
5279.07
5293.07
5299.26
4745.07
4655.88
4912.17
4751.95
3669.63
3878.86
4668.76
5302.98
5294.52
5124.93
5096.24
5242.92
5245.66
5362.47
5359.48
5353.50
5348.50
5343.00
5340.50
5215.74
5337.00
5329.78
4642.39
4762.81
5160.88
5220.19
5203.67
5301.00
5299.50
5297.50
5297.50
5297.00
5297.00
5297.50
5299.50
5301.68
5303.15
5303.62
5304.00
5305.00
5307.62
5310.56
5313.94
5311.15
5309.00
5301.95
5298.15
5298.30
5294.00
5221.08
4826.54
4365.15
4614.25
4689.02
4625.04
4578.45
4767.78
5148.96
4852.63
4801.21
4985.91
5186.51
5238.50
5238.50
5240.50
5120.21
5059.12
5193.45
5214.58
5260.64
5266.13
5232.62
4893.61
4812.88
4803.04
5300.50
5304.33
5307.50
5308.00
5302.89
5294.51
5293.24
5290.40
5290.39
5290.00
5289.50
5287.50
5278.00
5270.69
5260.43
5259.00
5257.00
5255.50
5255.00
5254.00
5251.50
5247.50
5246.00
5245.00
5243.50
5242.50
5241.50
5240.00
5240.00
5239.50
5240.00
5240.47
5240.00
5240.50
5243.32
5247.50
5250.00
5252.00
5253.00
5254.00
5256.00
5255.50
5254.50
5254.00
5253.50
5253.00
5253.36
5252.93
5253.37
5252.00
5250.73
5246.00
5243.90
5220.05
5212.49
5205.30
5176.35
4602.79
4688.85
4303.49
4302.88
4607.34
4428.51
4533.85
4644.51
4541.96
4757.26
4759.08
4335.00
4308.98
4245.91
4255.64
3984.24
3868.07
3471.57
3521.49
3385.58
3412.25
3595.94
3542.36
3450.66
3395.91
3214.39
3203.11
3373.84
3357.68
3306.65
3279.12
3289.60
3421.78
3247.08
3257.26
3220.02
3200.00
3291.55
3338.72
3143.91
3349.38
3257.10
3288.86
3264.43
3204.93
3196.87
3167.48
3055.07
3082.10
3028.40
2828.89
2982.72
3240.86
3260.63
3338.50
3300.47
3303.36
3399.05
3281.27
3280.41
3347.79
3338.07
3300.12
3088.08
3273.45
3297.93
3272.29
3307.39
3372.36
3471.48
3507.31
3459.22
3484.83
3356.00
3352.02
3375.18
3551.53
3436.03
3744.14
3419.48
3384.44
4037.16
3469.83
4311.47
4150.04
4036.25
4029.75
3962.19
3825.63
3678.18
3411.27
3053.80
2806.06
2331.39
1976.52
1566.07
1733.86
1700.89
2313.42
3344.22
3354.06
3379.05
3190.06
3078.96
3374.82
3368.54
3274.21
3135.36
3285.32
3327.25
3366.08
3299.36
3289.15
3275.76
3283.28
3279.53
3300.36
3310.18
3303.02
3307.11
3293.09
3313.05
3186.85
3149.75
3244.73
3187.04
3132.84
3282.42
3284.10
3215.99
3262.12
3241.98
3242.39
3235.78
3160.44
3228.82
3242.71
3239.38
3203.84
3228.45
3224.85
3246.08
3169.29
3273.50
3229.29
3222.42
3030.99
3209.81
3219.28
3200.69
3183.32
3166.98
3245.83
3211.82
3233.17
3188.83
3193.04
3172.04
3168.02
3157.32
3240.49
3088.38
3174.06
3123.98
3151.28
3064.15
3173.70
3109.10
3177.48
3091.17
3082.22
3182.38
3215.46
3194.82
3226.70
3157.60
3250.16
3276.53
3218.68
3154.30
3162.40
3089.51
3106.98
3062.57
3102.57
3190.07
3180.05
3154.07
3179.23
3159.27
3145.35
3194.31
3144.76
3193.90
3074.73
3157.86
3231.36
3154.05
3142.74
2945.74
3104.02
3180.96
3155.99
3183.72
3224.30
3174.30
3260.19
3061.54
3111.72
3096.31
3157.72
3422.44
3211.85
3297.08
3220.44
3386.63
3377.35
3283.19
3314.61
3445.51
3114.03
3113.62
3262.56
3202.22
3272.14
3085.47
3288.70
3298.63
3232.28
3160.01
3264.59
3185.16
3161.78
3192.43
3202.43
3189.93
3181.61
2853.01
2456.41
3023.55
3132.78
3026.17
3035.89
2965.18
2983.02
3043.77
2908.40
2905.27
2991.10
3161.14
3153.66
3146.38
3124.38
3120.96
2730.86
3078.34
3091.93
2790.30
3039.15
2537.37
2906.58
3119.11
3164.88
3106.36
3237.41
3156.74
2968.52
2930.80
3135.91
3143.59
3167.95
3166.99
3239.00
3178.37
3173.53
3087.85
3126.02
3013.47
3146.07
2855.62
3130.03
3198.53
3153.29
2898.53
2917.15
3057.96
3050.61
3052.22
3186.23
3138.26
3183.30
3195.35
3228.86
3148.65
3154.70
3048.84
3167.49
3088.55
2973.56
2960.76
3216.00
3145.80
3134.53
3139.71
3221.33
3162.12
3120.21
3107.64
3107.52
3199.81
3400.36
3216.58
3227.04
3219.72
3212.14
3090.91
3084.13
3191.27
3233.37
2984.80
3134.54
3117.26
3196.32
3130.32
3146.24
3179.16
3116.30
3156.02
3390.46
2891.17
2594.15
2521.93
2440.85
2330.44
2535.51
3498.95
3133.81
3138.96
3079.35
3140.68
3131.37
3090.44
3090.47
3138.22
3146.64
3139.56
3142.78
3149.31
3120.70
3432.93
3385.16
3211.72
3149.36
3131.07
3220.47
3083.68
3121.43
3171.56
3203.10
3086.88
3124.74
3182.28
3205.89
3187.21
3260.00
3298.18
3039.69
3217.94
3220.25
3247.37
3317.85
3315.99
3254.05
3250.87
3257.62
3454.76
3511.89
3271.77
3269.88
3575.80
3637.34
4053.99
4535.04
4102.53
3631.98
3769.22
3381.19
3111.90
2797.60
2603.70
2422.41
2124.98
1942.01
1716.55
1916.14
2035.49
2608.69
2900.62
3133.12
3230.28
3233.36
3118.11
3132.07
3234.74
3137.49
3232.91
3434.50
3337.75
3223.39
3296.11
3147.65
3231.37
3134.51
3171.31
3242.95
3214.13
3258.50
3233.16
3209.37
3205.79
3194.70
3195.25
3197.43
3254.51
3347.13
3243.94
3322.66
3272.99
3219.47
3274.98
3140.58
3190.67
3231.13
3215.36
3120.70
3072.67
3198.74
3098.20
3189.27
3066.96
3195.04
3088.26
3139.25
3195.51
3190.67
3191.54
3185.46
3160.92
3232.49
3195.72
3165.78
3177.12
3268.20
3198.31
3202.51
3200.29
3223.40
3208.08
3165.32
3173.18
3105.69
3151.00
3198.56
3274.96
3224.34
3186.51
3302.24
3309.96
3180.66
3184.05
3213.66
3170.41
3148.44
3151.83
3122.34
3207.65
3119.82
3183.34
3089.32
3093.01
3174.71
3118.54
3130.52
3291.07
3159.43
3206.51
3217.22
3319.64
3274.68
3363.09
3415.64
3189.59
3328.69
3272.97
3182.53
3125.24
3297.59
3327.96
3321.62
3165.44
3174.84
3178.99
3191.26
3325.59
3213.23
3363.33
3276.49
3234.98
3176.72
3219.58
3208.21
3302.92
3165.50
3178.00
3188.66
3121.05
3125.94
3132.35
3070.91
3142.14
3260.07
3321.60
3294.60
3168.96
3223.73
3166.01
3170.64
3173.91
3163.54
3117.55
3368.91
3149.68
3143.59
3149.16
3108.21
3104.71
3137.05
3243.50
3251.68
3207.31
3184.06
3356.27
3302.73
3341.64
3297.06
3369.80
3376.51
3376.74
3326.74
3342.15
3411.05
3321.22
3387.82
3324.14
3438.28
3480.22
3392.02
3320.42
3415.13
3383.30
3350.19
3479.30
3375.27
3331.13
3321.86
3481.81
3446.22
3410.84
3434.49
3359.02
3351.92
3349.99
3395.64
3342.60
3325.84
3326.56
3367.13
3364.30
3337.36
3309.97
3322.90
3480.10
3355.60
3410.03
3445.12
3334.68
3275.79
3316.84
3375.44
3349.18
3281.79
3248.43
3293.11
3276.39
3312.12
3350.70
3313.22
3346.21
3329.45
3425.79
3369.92
3240.85
3260.04
3267.64
3275.86
3274.13
3286.51
3266.18
3273.23
3288.70
3315.41
3420.18
3282.62
3367.08
3327.12
3331.17
3264.88
3292.42
3248.45
3297.84
3295.13
3423.71
3328.55
3298.00
3274.78
3271.23
3259.00
3261.08
3298.35
3292.43
3209.39
3270.11
3324.10
3379.98
3301.19
3296.20
3280.89
3286.87
3287.08
3287.17
3335.39
3467.04
3388.83
3272.16
3283.81
3308.61
3299.30
3318.45
3263.52
3255.43
3294.79
3272.72
3295.57
3229.13
3375.79
3286.86
3377.44
3274.14
3350.41
3449.59
3367.26
3280.45
3249.01
3394.91
3458.26
3492.06
3444.97
3557.09
3457.83
3339.24
3559.93
3659.49
3555.12
3311.61
3645.59
3409.18
3543.81
4186.96
4322.75
4552.01
4506.48
4387.05
4435.27
4233.82
3951.68
3767.38
3456.97
3081.37
2895.78
2586.92
2350.51
2173.24
1835.67
1839.72
1432.77
1832.36
2405.85
2995.87
2536.60
2789.43
3198.68
3276.27
3288.86
3249.42
3149.39
3265.71
3146.33
3167.61
3201.55
3360.44
3416.52
3274.04
3296.69
3420.22
3381.62
3408.18
3380.75
3453.85
3375.86
3327.85
3308.82
3358.95
3432.80
3299.73
3336.40
3341.96
3396.12
3263.76
3254.76
3282.49
3248.70
3486.44
3341.26
3402.44
3337.06
3303.58
3269.42
3244.17
3250.26
3275.97
3279.45
3307.88
3349.09
3308.65
3293.70
3284.26
3365.91
3333.94
3247.59
3260.38
3357.19
3337.26
3255.66
3301.96
3230.60
3487.06
3451.32
3353.18
3298.29
3286.23
3249.41
3250.97
3159.20
3255.19
3224.87
3251.89
3284.75
3248.47
3280.40
3244.17
3236.42
3341.90
3275.22
3454.73
3291.60
3337.50
3409.46
3388.96
3471.62
3250.10
3334.12
3283.96
3263.66
3279.58
3250.88
3276.69
3235.69
3214.78
3384.94
3322.38
3351.47
3254.93
3383.92
3282.07
3410.28
3234.28
3288.59
3246.32
3249.34
3207.60
3285.93
3229.47
3228.42
3155.15
3238.12
3202.71
3284.58
3340.88
3280.43
3245.70
3260.15
3230.92
3229.83
3232.19
3238.31
3219.24
3228.03
3221.78
3256.79
3251.33
3241.31
3178.10
3360.38
3277.38
3240.50
3204.63
3213.82
3424.46
3355.56
3271.60
3197.30
3267.57
3434.16
3405.18
3422.94
3438.06
3376.84
3292.68
3272.31
3306.43
3169.05
3239.46
3271.83
3264.84
3309.18
3302.03
3228.76
3216.57
3410.31
3253.82
3241.97
3237.56
3287.47
3245.74
3223.92
3282.31
3311.65
3262.66
3288.12
3283.66
3281.35
3258.43
3178.93
3290.38
3429.43
3311.00
3281.57
3264.76
3293.00
3294.53
3287.05
3269.89
3251.56
3275.49
3199.15
3375.75
3279.03
3217.96
3209.52
3246.12
3281.12
3218.82
3217.54
3256.80
3162.63
3271.34
3286.91
3183.78
3211.96
3205.18
3221.80
3228.06
3281.60
3250.86
3287.16
3305.67
3300.79
3209.96
3216.30
3231.60
3220.37
3238.04
3254.93
3248.42
3248.09
3229.81
3202.29
3257.96
3150.77
3174.62
3172.77
3216.90
3267.87
3318.66
3179.09
3240.97
3198.90
3221.76
3237.65
3153.95
3233.30
3243.55
3238.40
3209.21
3193.41
3245.25
3214.77
3109.94
3296.04
3121.42
3227.72
3249.03
3239.45
3295.15
3194.24
3188.69
3237.01
3237.42
3240.42
3203.95
3225.92
3237.50
3233.62
3313.26
3333.99
3204.01
3235.01
3252.47
3257.00
3229.52
3240.10
3361.98
3333.73
3332.77
3254.17
3188.61
3232.73
3148.25
3171.87
3263.93
3237.83
3255.75
3260.27
3202.93
3389.07
3319.84
3281.17
3313.34
3327.65
3260.94
3256.91
3276.26
3278.10
2453.23
3190.50
3190.00
3190.00
3190.50
3190.50
3190.50
3191.50
3191.50
3192.00
3192.00
3192.00
3191.50
3192.50
3194.00
3198.50
3199.74
3201.93
3202.00
3202.00
3202.50
3202.00
3202.50
3202.50
3202.50
3203.00
3205.87
3206.71
3206.72
3211.11
3213.79
3215.43
3217.02
3217.91
3219.16
3216.59
3219.06
3219.42
3221.88
3222.30
3222.30
3223.69
3223.29
3223.29
3224.24
3228.09
3229.71
3230.49
3231.24
3231.24
3233.06
3233.06
3232.76
3232.76
3231.39
3231.29
3230.44
3229.28
3228.70
3222.81
3219.76
3221.52
3217.91
3216.18
3216.75
3211.74
3205.86
3201.29
3197.48
3195.98
3196.50
3198.00
3208.05
3212.17
3216.30
3215.25
3215.98
3216.98
3219.97
3225.41
3227.69
3229.90
3233.57
3232.86
3238.78
3239.20
3238.63
3241.79
3245.50
3245.76
3251.09
3253.00
3254.00
3256.50
3258.50
3261.50
3262.00
3261.50
3261.50
3259.00
3258.50
3254.06
3247.85
3244.50
3236.49
3234.40
3227.44
3219.18
3217.28
3211.13
3203.50
3201.50
3201.50
3203.00
3203.50
3204.00
3204.50
3205.00
3205.50
3205.50
3206.00
3205.50
3204.00
3204.00
3203.50
3203.50
3203.50
3203.50
3204.00
3206.50
3215.31
3218.33
3219.61
3220.64
3223.91
3225.61
3229.80
3232.27
3236.17
3236.36
3235.92
3236.34
3235.77
3236.65
3237.32
3241.29
3249.50
3248.31
3248.82
3251.00
3250.00
3250.00
3251.50
3251.00
3251.50
3250.00
3247.00
3245.81
3241.09
3234.86
3230.05
3230.13
3227.33
3227.41
3227.00
3226.50
3225.50
3224.50
3222.50
3222.00
3221.50
3224.26
3229.72
3230.39
3230.92
3231.64
3232.25
3232.62
3232.38
3234.04
3239.94
3241.50
3242.50
3243.00
3244.00
3244.50
3245.00
3246.00
3246.50
3246.50
3247.00
3246.50
3246.50
3246.00
3246.00
3246.00
3246.50
3247.00
3247.00
3247.00
3247.00
3247.00
3247.00
3247.00
3247.00
3247.00
3247.00
3247.50
3247.00
3247.00
3247.50
3247.50
3247.50
3248.00
3247.50
3248.00
3248.00
3248.00
3248.00
3248.00
3248.00
3248.00
3248.00
3248.00
3248.00
3248.00
3247.50
3247.50
3248.00
3248.00
3248.00
3248.50
3248.50
3248.50
3248.50
3248.00
3248.00
3248.00
3248.00
3248.50
3248.50
3248.00
3248.50
3248.00
3248.00
3248.00
3248.00
3248.00
3247.50
3247.50
3247.50
3247.50
3247.50
3247.50
3247.50
3247.50
3248.00
3248.00
3248.50
3248.00
3248.00
3248.50
3248.50
3248.50
3249.00
3249.00
3249.00
3249.50
3249.50
3250.00
3249.50
3249.50
2361.76
2718.19
3233.96
3229.93
3234.19
3314.11
3289.31
3231.96
3235.29
3275.30
3238.96
3316.74
3189.73
3293.54
3217.53
3200.31
3298.56
3241.99
3224.19
3281.23
3211.50
3339.04
3223.18
3268.66
3262.46
3286.06
3396.07
3332.96
3469.33
3523.91
3320.28
3308.57
3454.19
3913.24
4396.04
4454.05
4305.06
3864.36
3765.03
4021.21
3773.18
3603.55
3391.68
3174.09
2876.18
2361.39
1926.79
1661.15
1596.28
1524.17
1493.54
1779.09
2371.73
3045.33
3149.27
3207.39
3302.67
3282.91
3342.46
3391.32
3297.74
3355.99
3303.47
3334.32
3292.63
3367.72
3305.34
3308.04
3299.47
3301.32
3318.16
3368.72
3469.07
3323.47
3298.46
3314.27
3406.94
3385.09
3326.61
3321.79
3303.67
3342.31
3289.91
3265.00
3260.23
3391.22
3392.18
3340.89
3283.66
3370.93
3373.29
3289.66
3289.27
3336.14
3321.87
3343.15
3295.59
3280.02
3263.71
3356.65
3257.10
3225.73
3272.78
3345.55
3517.79
3353.38
3346.69
3419.68
3310.06
3253.49
3241.21
3233.10
3318.02
3279.28
3214.66
3276.28
3393.60
3399.82
3295.71
3305.36
3251.54
3242.26
3235.17
3215.64
3248.00
3290.13
3262.41
3225.37
3237.90
3265.37
3357.97
3265.40
3225.33
3247.77
3281.09
3248.31
3272.53
3247.60
3237.38
3221.05
3226.14
3235.00
3249.22
3222.96
3255.14
3259.76
3230.57
3217.40
3223.29
3301.28
3434.63
3283.40
3422.75
3352.31
3362.64
3362.19
3312.28
3437.73
3381.31
3228.64
3222.89
3234.50
3368.43
3271.65
3381.85
3229.39
3557.55
3514.27
3467.37
3535.61
3497.83
3271.31
3581.97
3521.26
3267.43
3349.77
3258.65
3347.30
3405.52
3323.30
3252.69
3239.56
3303.94
3265.90
3419.38
3340.23
3609.02
3585.75
3500.66
3292.06
3304.90
3287.28
3272.73
3277.21
3294.51
3263.85
3337.87
3299.50
3299.94
3299.50
3300.81
3278.88
3306.67
3280.88
3275.28
3278.07
3275.20
3280.16
3292.09
3324.47
3289.45
3654.41
3293.77
3295.58
3377.11
3285.53
3427.39
3482.88
3306.94
3347.32
3407.31
3374.61
3384.59
3357.52
3445.45
3345.30
3380.72
3276.00
3298.09
3290.72
3366.91
3266.52
3283.31
3258.37
3022.37
3352.84
3387.74
3334.43
3291.69
3371.90
3246.21
3244.47
3304.44
3218.13
3346.43
3313.08
3327.80
3346.06
3266.85
3185.06
3416.00
3322.24
3226.10
3234.43
3230.55
3225.92
3219.00
3239.01
3221.79
3225.61
3281.07
3244.69
3248.48
3230.92
3223.89
3225.49
3232.58
3238.70
3219.78
3222.83
3223.55
3169.76
3192.52
3271.35
3259.69
3247.08
3172.94
3213.96
3219.11
3231.91
3219.29
3232.92
3356.69
3284.39
3338.03
3363.58
3294.13
3215.29
3255.89
3226.88
3318.64
3332.98
3310.44
3249.69
3238.58
3252.59
3255.64
3328.09
3317.35
3263.35
3239.23
3230.73
3236.13
3290.23
3288.87
3145.96
3282.45
2979.73
3254.37
3246.85
3015.61
3237.62
3228.37
3281.06
3276.17
3240.10
3239.89
3324.83
3199.09
3231.01
3238.91
3247.24
3109.22
3330.75
3235.20
3232.18
3220.22
3320.02
3225.20
3255.95
3222.47
3237.32
3265.42
3291.53
3270.63
3272.23
3325.59
3279.24
3262.25
3332.74
3399.51
3387.99
3321.76
3655.87
3410.41
3650.07
4584.77
4365.84
4455.60
4213.32
3911.50
3680.05
3408.58
3354.08
3059.82
3112.97
2905.92
2692.50
2446.92
2289.62
1979.54
2755.08
2314.98
2867.15
2957.85
1853.98
2950.48
3218.22
3118.93
3022.88
3121.49
3197.57
3232.71
3256.52
3275.46
3277.54
3190.74
3192.19
3360.34
3312.69
3302.35
3248.53
3235.49
3182.99
3303.44
3250.96
3212.33
3356.69
3238.56
3262.32
3252.52
3243.32
3228.95
3221.84
3254.22
3255.62
3240.96
3243.43
3252.64
3250.64
3254.27
3188.63
3188.90
3174.24
3279.62
3242.42
3245.26
3236.47
3225.51
3258.34
3303.29
3254.26
3217.00
3245.30
3247.04
3297.61
3380.82
3346.89
3319.36
3336.93
3240.66
3291.91
3241.37
2583.08
3447.50
3448.00
3448.00
3448.00
3448.00
3447.50
3447.50
3448.00
3448.00
3448.50
3449.00
3449.00
3449.00
3449.50
3450.00
3450.00
3452.50
3453.44
3454.24
3455.68
3453.73
3456.28
3463.10
3461.43
3467.96
3458.80
3473.93
3476.37
3477.26
3476.86
3477.34
3478.86
3477.49
3472.12
3465.76
3465.20
3466.08
3463.12
3446.00
3445.00
3457.35
3443.82
3446.83
3444.50
3435.74
3434.00
3434.00
3435.36
3435.00
3435.50
3437.21
3438.49
3440.50
3438.64
3440.41
3442.91
3443.50
3444.00
3444.00
3444.00
3444.00
3444.67
3445.50
3446.50
3447.00
3447.34
3448.00
3449.50
3459.37
3456.50
3456.00
3457.93
3480.16
3481.66
3483.08
3483.44
3484.54
3482.41
3472.00
3463.47
3474.58
3473.08
3470.94
3469.79
3468.10
3463.76
3458.82
3447.00
3447.00
3447.00
3446.50
3446.50
3444.50
3443.00
3439.50
3436.50
3436.00
3435.00
3435.00
3434.50
3429.50
3425.00
3423.50
3423.00
3423.50
3423.50
3425.00
3426.00
3428.50
3430.00
3430.00
3430.00
3429.00
3428.50
3428.00
3430.00
3429.04
3428.50
3426.00
3422.00
3422.00
3422.00
3422.50
3423.00
3422.50
3421.50
3421.00
3421.00
3421.00
3420.50
3420.50
3420.50
3420.50
3420.50
3420.50
3420.50
3420.00
3419.50
3419.00
3419.00
3419.00
3419.00
3419.00
3418.50
3418.50
3418.50
3417.50
3417.50
3417.50
3417.50
3417.00
3417.00
3417.00
3417.00
3417.00
3417.00
3417.00
3417.00
3417.00
3417.00
3417.00
3417.00
3416.00
3416.00
3415.50
3415.50
3415.50
3415.50
3415.00
3415.00
3415.00
3415.50
3415.50
3415.50
3416.00
3415.50
3414.50
3414.50
3414.00
3414.00
3414.50
3414.50
3414.50
3414.50
3414.00
3414.00
3414.50
3414.50
3414.50
3414.50
3414.50
3414.50
2264.75
3093.27
3241.00
3311.35
3239.07
3231.91
3239.53
3245.66
3282.60
3287.86
3302.31
3305.15
3349.32
3390.75
3380.71
3313.43
3332.02
3286.28
3281.10
3446.67
3303.31
3529.40
3524.56
3639.32
3400.47
3338.17
3671.16
3392.77
3493.60
3474.17
3620.20
4595.41
4507.59
4413.49
4405.75
4416.41
4354.96
4160.66
3633.73
3336.63
3143.20
2959.84
2573.44
2394.16
2183.61
1939.44
1746.97
1637.71
1824.13
1439.28
1614.73
1729.63
2305.09
3287.29
3287.19
3312.03
3291.10
3163.70
3274.35
3268.63
3286.94
3253.58
3272.74
3288.50
3387.35
3343.84
3331.46
3319.12
3402.26
3308.78
3297.02
3261.96
3259.45
3240.14
3344.04
3338.04
3420.48
3318.88
3273.19
3281.29
3301.67
3361.67
3330.27
3307.56
3317.42
3445.44
3365.81
3424.61
3455.02
3426.94
3366.99
3255.19
3253.24
3255.97
3234.45
3242.43
3257.99
3277.79
3282.67
3278.75
3241.74
3276.03
3267.15
3244.75
3301.63
3262.27
3239.75
3246.69
3242.01
3431.29
3260.34
3268.44
3272.06
3274.35
3338.73
3324.53
3319.66
3250.81
3245.19
3269.13
3342.70
3317.54
3259.53
3242.26
3396.82
3239.24
3286.12
3282.87
3304.11
3366.96
3283.20
3454.55
3332.62
3250.11
3283.44
3242.15
3241.59
3435.76
3313.06
3362.73
3471.80
3338.74
3272.77
3296.29
3254.01
3363.20
3333.74
3390.72
3406.67
3270.99
3311.49
3282.83
3323.55
3279.89
3250.99
3284.25
3318.97
3289.49
3279.14
3268.32
3286.28
3373.27
3258.13
3262.74
3279.56
3285.47
3312.23
3303.07
3275.93
3301.53
3282.59
3284.69
3283.30
3269.69
3273.50
3285.65
3314.00
3261.87
3296.43
3274.16
3262.75
3382.01
3380.63
3404.82
3418.75
3373.68
3319.02
3290.04
3265.94
3268.89
3272.25
3280.51
3264.31
3261.05
3325.15
3351.17
3436.71
3236.49
3248.47
3215.93
3278.44
3316.40
3389.09
3400.10
3361.73
3360.03
3362.99
3435.88
3399.68
3294.88
3283.68
3421.02
3514.51
3408.75
3345.76
3273.71
3266.23
3235.36
3371.50
3397.25
3278.96
3319.18
3328.47
3239.71
3243.23
3242.60
3270.71
3260.21
3265.40
3263.05
3280.41
3272.71
3315.50
3245.11
3287.88
3415.57
3432.57
3266.98
3279.29
3257.96
3256.76
3237.07
3307.48
3252.87
3240.15
3238.20
3238.54
3245.91
3265.97
3298.85
3270.70
3290.57
3353.85
3276.26
3213.51
3327.67
3317.39
3303.51
3272.86
3239.97
3304.27
3276.44
3402.83
3304.26
3238.73
3254.32
3322.42
3345.67
3250.44
3156.31
3307.88
3247.17
3239.96
3232.14
3249.19
3246.53
3224.17
3225.01
3235.38
3236.56
3222.98
3199.59
3326.97
3243.82
3260.35
3227.10
3322.29
3347.01
3198.21
3219.97
3254.61
3238.21
3242.75
3245.48
3245.10
3267.66
3314.77
3284.43
3254.77
3266.09
3286.59
3225.23
3233.22
3245.63
3275.65
3245.52
3321.74
3258.24
3275.05
3284.41
3258.29
3254.10
3256.13
3256.49
3319.88
3382.37
3401.25
3388.83
3383.79
3320.98
3135.18
3091.86
3322.16
3303.30
3431.61
3256.04
3074.97
3169.90
3313.03
3177.66
3457.36
3316.85
3979.11
3799.23
4531.52
4441.71
4039.93
3585.29
3302.42
3107.53
2836.48
2791.60
2531.66
2344.69
2303.36
2062.94
2381.65
3184.45
2813.34
3239.26
3259.13
3265.61
3266.34
3269.58
3250.46
3269.92
3272.82
3365.40
3295.90
3347.10
3278.69
3270.05
3230.39
3256.43
3280.02
3238.17
3235.35
3277.55
3231.50
3279.25
3310.36
3279.91
3297.30
3282.32
3261.75
3225.48
3245.19
3233.79
3234.23
3231.79
3232.56
3242.49
3278.08
3311.86
3265.56
3329.67
3265.08
3225.90
3244.60
3224.37
3244.36
3239.98
3271.76
3273.53
3251.83
3282.60
3264.50
3293.09
3317.39
3238.94
3236.33
3281.44
3236.64
3240.62
3276.65
3264.26
3314.40
3326.14
3312.49
3214.38
3261.98
3313.21
3226.20
3288.35
3279.65
3237.46
3238.32
3237.03
3245.94
3251.00
3339.51
3336.84
3346.90
3283.60
3234.86
3201.16
3289.90
3267.92
3265.90
3395.00
3349.17
3340.04
3400.03
3391.39
3327.80
3213.79
3265.64
3318.10
3424.32
3307.26
3295.13
3338.58
3316.16
3292.09
3287.73
3292.01
3277.35
3245.79
3257.77
3233.17
3252.14
3323.31
3329.72
3250.94
3310.58
3223.64
3268.59
3239.31
3276.44
3271.12
3227.65
3207.35
3257.09
3271.80
3305.06
3288.96
3065.53
3327.45
3319.46
3365.59
3315.88
3249.68
3192.95
3189.88
3216.79
3266.80
3270.53
3279.04
3279.64
3286.79
3314.07
3316.29
3275.60
3262.21
3370.89
3253.10
3296.54
3210.89
3264.39
3282.97
3354.26
3329.33
3281.84
3292.93
3310.57
3361.46
3279.08
3265.68
3286.19
3276.64
3382.00
3379.61
3363.84
3278.90
3278.79
3250.37
3213.73
3174.51
3307.50
3312.79
3266.55
3272.02
3251.28
3244.89
3253.83
3248.31
3264.28
3306.78
3290.30
3248.21
3328.52
3273.28
3380.72
3341.80
3276.33
3228.44
3278.36
3280.71
3263.49
3126.04
3243.65
3246.56
3269.56
3282.15
3240.37
3251.21
3262.28
3234.41
3236.94
3237.40
3236.36
3246.60
3238.20
3236.00
3121.87
3178.74
3171.89
3202.35
3161.55
3113.29
3087.80
3170.62
3139.85
3218.53
3217.12
3227.89
3221.47
3225.59
3224.38
3174.43
3239.81
3187.03
3141.64
3197.07
3098.11
3093.05
3232.59
3222.10
3226.30
3168.98
3210.27
3142.20
3221.59
3246.59
3235.00
3223.97
3222.35
3223.31
3223.35
3214.46
3226.59
3195.77
3194.64
3156.66
3205.44
3191.55
3149.11
3221.96
3206.80
3217.46
3165.32
3162.55
3100.64
3125.34
3206.53
3160.79
3161.19
3206.91
3225.77
3224.98
3230.56
3216.22
3186.59
3247.68
3122.32
3156.75
3243.10
3234.05
3154.40
3161.18
3208.99
3197.74
3176.16
3162.41
3234.01
3259.21
3250.93
3287.22
3218.65
3215.29
3256.13
3328.32
3408.79
3194.82
3083.04
3134.68
3254.85
3448.98
4331.15
3981.04
4078.54
3523.55
3818.22
4274.12
4219.50
4172.02
3895.45
3463.34
3132.91
2856.79
2509.50
2249.48
1974.73
1822.17
1580.42
1476.33
1593.83
1534.30
1661.13
2868.82
3059.51
2831.17
2809.88
3078.58
3121.71
3254.02
3252.53
3289.53
3196.75
3268.74
3260.59
2973.12
2657.84
3114.75
3192.80
3151.82
3194.34
3216.86
3209.91
3236.19
3232.44
3216.83
3214.85
3217.36
3164.12
3258.36
3229.42
3239.20
3230.17
3179.64
3196.84
3104.05
3286.30
3241.41
3246.27
3245.25
3231.69
3187.48
3140.90
3121.35
3145.26
3215.39
3208.25
3237.81
3238.39
3120.38
3184.84
3207.62
3109.98
3214.69
3174.77
3070.79
3149.52
3103.51
2929.98
2748.37
3162.13
3085.76
2920.98
3017.98
3127.52
3167.38
3207.35
3225.28
3219.19
3230.92
3222.94
3158.40
3183.20
3183.02
3183.20
3169.51
3240.88
3189.26
3171.17
3130.04
3079.02
3157.43
3098.48
3165.44
3287.10
3228.22
3126.55
3135.33
3186.34
3121.09
3233.12
3212.98
3119.63
3224.97
3178.94
3215.04
3165.70
3192.09
3251.16
3273.53
3155.17
3108.11
3212.40
3253.88
3222.27
3228.90
3195.72
3128.63
3193.66
3208.36
3243.68
3164.85
3256.69
3213.98
3150.59
3216.07
3158.83
3224.98
3132.25
3167.00
3156.34
3248.45
3264.61
3209.70
3154.84
3180.67
3203.58
3184.27
3197.31
3225.71
3219.03
3180.68
2469.65
2970.62
3122.79
3183.25
3234.29
3135.52
3203.57
3255.76
3186.04
3148.39
3237.08
3281.21
3271.51
3255.47
3075.84
3027.13
3189.53
3222.21
3269.57
3197.84
3284.37
3305.33
3274.98
3296.88
3075.07
3182.16
3288.12
3271.56
3280.07
3244.80
3265.18
3287.69
3199.71
3236.67
3230.03
3214.63
3268.30
3197.98
3295.81
3294.94
3344.28
3337.42
3253.41
3237.01
3400.15
3438.43
3360.92
3363.59
3222.47
3254.18
3229.18
3355.22
3219.04
3206.32
3257.05
3252.67
3143.35
3235.01
3261.62
3233.44
3227.10
3227.72
3201.78
3234.25
3159.99
3255.90
3259.37
3257.39
3211.02
3104.90
2615.12
2257.37
3239.65
3249.42
3041.71
3380.19
3134.87
3173.58
3191.71
2989.00
3225.03
3682.83
3939.10
3874.00
3377.07
3467.68
3108.16
4663.00
5151.00
4431.97
5811.00
4313.05
4310.07
3415.96
3825.03
4841.00
3709.20
3525.95
4554.67
2097.62
3398.29
2090.60
2707.77
2991.28
2297.83
2183.97
3155.89
3005.62
3170.66
3184.34
3231.92
2933.32
3208.23
3227.03
3196.89
2419.10
3105.39
3184.98
2843.89
3408.23
3244.16
3323.55
3202.45
3270.36
2954.31
5235.00
5235.50
5246.40
5260.19
5264.35
5269.41
5273.30
5274.86
5277.87
5281.89
5282.57
5144.97
5121.72
5156.47
5157.43
5253.90
5252.18
5291.17
5291.34
5288.30
5246.36
5235.24
5278.16
5273.50
5203.50
5256.50
5255.00
5255.00
5254.50
5254.00
5253.00
5253.00
5253.50
5254.00
5284.58
5254.50
5257.00
5258.00
5261.66
5264.00
5267.50
5270.32
5272.00
5273.00
5274.00
5276.50
5282.00
5282.50
5283.50
5283.00
5280.34
5274.00
5273.50
5272.50
5271.45
5271.00
5270.50
5270.00
5269.75
5269.50
5204.27
5204.27
5270.00
5269.50
5269.50
5269.00
5268.32
5267.00
5254.42
5250.40
5247.84
5245.69
5245.69
5247.00
5247.79
5246.97
5246.40
5246.63
5242.95
5241.67
5156.21
5242.87
5241.54
5242.58
5237.44
5147.35
5231.52
5230.50
5093.04
5227.00
5119.61
5042.22
5138.41
5220.72
5223.48
5231.00
5235.00
5236.48
5235.44
5181.55
5188.42
5187.34
5185.36
5175.17
5174.07
5169.31
5169.31
5153.72
5239.00
5235.00
5233.50
5232.50
5228.50
5222.28
5160.98
5230.33
5228.00
5151.89
5143.21
4969.28
4929.41
5008.70
5013.61
4481.31
4192.76
4251.25
4238.20
4346.87
4456.61
4378.55
4333.72
4457.84
4326.77
4222.31
4176.45
4118.23
4224.71
3976.55
3915.29
3874.88
3765.76
3557.93
3456.62
3461.97
3503.67
3553.68
3485.12
3492.73
3470.53
3454.85
3439.80
3432.00
3431.50
3433.50
3437.50
3445.83
3450.12
3457.07
3457.60
3458.75
3461.55
3463.10
3466.81
3484.50
3484.50
3484.50
3484.00
3484.50
3484.00
3476.29
3475.05
3475.84
3471.20
3469.36
3466.34
3465.65
3468.86
3460.02
3450.65
3443.00
3441.50
3440.00
3439.00
3439.00
3438.50
3439.00
3440.93
3447.88
3451.71
3452.98
3454.66
3456.50
3458.00
3459.50
3461.58
3466.00
3466.50
3466.50
3466.00
3465.50
3466.00
3467.00
3468.60
3522.82
3476.71
3477.50
3479.38
3482.50
3483.00
3479.88
3473.83
3466.47
3462.50
3462.00
3461.00
3459.00
3455.64
3451.22
3446.00
3445.50
3446.50
3446.00
3447.00
3447.00
3447.70
3450.09
3450.23
3452.50
3453.00
3458.83
3466.99
3472.72
3475.67
3476.15
3476.08
3477.42
3478.53
3486.04
3492.11
3497.00
3500.00
3500.00
3499.50
3421.21
3492.00
3483.13
3439.77
3469.19
3468.00
3467.43
3467.36
3466.96
3465.89
3464.80
3455.47
3449.50
3446.00
3444.00
3442.50
3439.00
3438.50
3437.50
3436.00
3435.00
3432.00
3429.00
3422.50
3422.00
3422.50
3427.00
3434.10
3436.50
3440.00
3440.50
3442.50
3441.50
3443.00
3446.00
3447.50
3449.50
3452.82
3453.83
3455.97
3457.16
3458.30
3461.02
3460.21
3451.62
3459.35
3457.64
3452.38
3447.78
3448.63
3444.69
3437.43
3435.17
3441.21
3421.86
3413.68
3413.70
3412.05
3411.02
3406.92
3402.31
3401.74
3401.88
3404.26
3437.83
3404.50
3417.28
3412.53
3414.09
3419.75
3426.84
3435.50
3443.50
3445.50
3451.00
3455.09
3456.85
3464.00
3467.50
3473.26
3457.88
3482.50
3482.50
3484.35
3485.00
3428.46
3714.70
3573.83
3611.09
3248.57
3467.74
3482.60
3479.00
3395.84
3476.50
3477.89
3480.00
3479.23
3478.93
3478.74
3481.00
3481.00
3481.50
3481.50
3484.00
3484.50
3486.00
3486.50
3487.50
3488.00
3488.00
3488.50
3485.79
3484.35
3480.66
3470.34
3470.79
3475.54
3481.09
3477.30
3476.00
3454.28
3449.31
3444.00
3434.50
3433.50
3432.50
3432.00
3430.50
3431.00
3431.50
3432.00
3432.50
3432.50
3433.50
3434.50
3435.00
3436.50
3445.50
3455.98
3459.29
3463.70
3466.50
3467.23
3471.35
3472.12
3472.50
3473.00
3474.00
3474.09
3473.74
3473.74
3472.29
3469.54
3469.64
3476.22
3482.98
3491.90
3497.00
3498.50
3501.50
3502.50
3503.00
3503.50
3505.00
3507.00
3508.00
3508.00
3508.00
3508.50
3508.50
3508.50
3508.50
3507.50
3507.50
3507.50
3506.50
3506.50
3506.00
3504.00
3502.50
3502.00
3502.00
3502.00
3506.50
3506.50
3512.00
3514.30
3517.70
3518.98
3521.24
3522.82
3524.42
3480.88
3533.00
3540.50
3540.50
3540.50
3540.50
3541.00
3460.25
3460.25
3469.22
3538.50
3539.00
3539.00
3538.50
3540.50
3541.00
3541.50
3542.50
3538.89
3535.59
3535.85
3532.93
3533.37
3533.10
3534.20
3535.80
3528.56
3532.11
3539.12
3536.05
3534.43
3532.58
3533.17
3531.25
3529.04
3530.09
3547.46
3549.50
3503.66
3550.50
3550.50
3549.50
3547.50
3546.50
3546.00
3544.00
3482.50
3543.15
3544.00
3544.00
3545.00
3545.84
3547.00
3547.00
3547.00
3546.00
3546.50
3549.00
3549.50
3550.00
3550.50
3565.89
3557.91
3559.68
3550.00
3565.48
3589.38
3605.92
3576.38
3612.50
3574.70
3614.00
3614.50
3614.50
3612.50
3611.50
3611.50
3612.00
3612.50
3613.00
3613.50
3614.50
3615.00
3615.50
3617.00
3620.00
3621.00
3621.50
3622.00
3622.00
3622.00
3623.00
3623.50
3624.50
3625.00
3628.50
3630.00
3634.34
3639.54
3643.42
3644.44
3646.57
3648.54
3650.11
3654.00
3620.98
3656.11
3618.69
3649.94
3639.01
3635.68
3642.21
3634.45
3636.36
3632.50
3619.00
3615.71
3603.69
3530.08
3598.00
3598.00
3471.38
3601.57
3649.44
3611.00
3611.00
3613.00
3613.50
3615.50
3574.62
3621.50
3628.31
3634.32
3610.31
3648.17
3659.65
3616.88
3617.17
3623.49
3627.81
3759.67
3766.98
3683.50
3650.72
3656.08
3692.22
3692.75
3694.00
3695.00
3701.00
3702.00
3703.00
3703.00
3702.50
3696.50
3691.00
3687.00
3686.00
3685.50
3684.00
3683.08
3680.50
3676.00
3674.50
3674.00
3673.00
3672.50
3672.00
3672.50
3672.00
3671.50
3668.00
3667.00
3665.50
3664.50
3663.00
3660.50
3660.00
3661.00
3660.50
3660.50
3660.00
3660.00
3657.00
3657.00
3657.50
3657.50
3658.00
3658.00
3660.50
3617.79
3663.50
3663.50
3664.00
3664.50
3665.35
3671.19
3674.76
3578.96
3567.29
3719.98
3679.89
3674.50
3679.29
3672.50
3666.00
3665.50
3663.22
3660.00
3658.50
3649.50
3681.88
3668.65
3636.28
3636.84
3635.23
3627.88
3624.50
3622.50
3617.69
3612.50
3606.50
3606.00
3604.91
3655.28
3667.52
3588.74
3622.84
3613.51
3576.84
3604.33
3572.50
3571.47
3568.34
3565.60
3564.00
3563.50
3562.50
3562.50
3564.34
3563.73
3565.50
3570.32
3578.87
3585.44
3531.80
3540.43
3599.50
3597.70
3599.00
3605.60
3608.50
3615.34
3617.38
3618.50
3616.31
3617.50
3616.00
3614.50
3613.00
3611.00
3607.50
3604.50
3603.00
3603.50
3604.00
3605.50
3608.00
3610.50
3611.50
3612.50
3615.00
3617.00
3623.00
3628.00
3630.00
3632.00
3632.50
3634.00
3634.00
3634.00
3633.00
3631.50
3631.00
3630.50
3630.00
3630.50
3630.50
3630.50
3630.50
3631.00
3631.00
3631.50
3632.50
3632.50
3630.37
3622.50
3622.00
3624.61
3618.23
3616.13
3612.00
3608.00
3614.94
3507.15
3592.15
3549.89
3592.62
3595.35
3596.24
3600.00
3546.13
3488.52
3489.45
3542.15
3542.15
3603.00
3602.50
3542.89
3600.50
3599.50
3595.50
3587.74
3542.41
3545.84
3544.86
3541.62
3590.91
3575.07
3570.82
3531.36
3521.26
3567.10
3570.34
3575.68
3478.66
3581.58
3569.50
3553.07
3574.50
3577.00
2911.30
3476.95
3353.75
3152.94
3285.18
3499.93
3538.66
3617.50
3596.88
3570.31
3645.09
3726.35
3733.87
3738.54
3727.26
3765.24
3770.47
3780.07
3761.82
3764.66
3799.00
3798.50
3796.00
3796.50
3797.50
3797.50
3799.00
3804.11
3809.49
3811.72
3814.03
3821.43
3824.57
3635.49
3579.82
3649.40
3544.55
3849.46
3826.72
3857.96
3867.47
3850.87
3789.55
3827.77
3921.94
3933.33
3936.50
3950.00
3954.00
3956.89
3960.40
3962.50
3966.67
3975.00
3983.00
3985.50
3988.50
3989.00
3988.00
3988.00
3987.00
3987.00
3990.72
4004.92
4011.44
4012.81
4014.09
4014.53
4019.44
4025.78
4028.72
4030.52
4043.00
4056.50
4060.50
4061.00
4062.00
4063.00
4063.54
4068.00
4071.00
4073.50
4001.90
4035.58
4031.50
4089.00
4089.50
4090.50
4091.00
4091.50
4092.00
4093.50
4096.84
4094.15
4094.50
4096.00
4098.00
4164.98
4158.91
4188.73
4200.71
4202.07
4205.86
4217.73
4199.28
4199.52
4172.45
4164.46
4249.00
4250.00
4250.30
4249.50
4249.00
4248.00
4196.64
4191.84
4177.59
4213.48
4295.62
4233.50
4143.04
4236.46
4080.10
4162.63
4187.57
4252.39
4257.17
4222.47
4261.75
4263.04
4267.31
4269.50
4270.00
4272.00
4275.50
4283.00
4283.50
4282.50
4281.00
4275.00
4274.00
4273.00
4270.50
4285.72
4266.50
4265.50
4262.49
4256.96
4191.78
4248.00
4323.65
4302.85
4256.74
4113.07
4096.85
3895.21
4224.53
4222.82
4222.94
4136.21
4184.98
4186.05
4158.57
4143.94
4153.96
4188.34
4170.35
4187.84
4153.06
4146.89
4180.04
4154.43
4212.50
4213.00
4213.00
4213.00
4212.50
4213.00
4214.50
4214.50
4214.50
4214.50
4214.00
4213.50
4211.96
4212.00
4209.00
4208.50
4207.50
4205.70
4193.76
4180.79
4168.50
4167.00
4158.92
4152.00
4150.77
4149.82
4145.15
4138.28
4126.63
4121.00
4009.03
4007.05
4076.09
4070.36
4073.67
4072.45
3974.18
3969.80
4052.34
4035.69
4029.35
3981.64
4020.94
4050.75
3991.10
3989.07
3953.41
3958.11
3981.86
3976.92
3948.00
3937.00
3898.95
3829.59
3883.65
3916.16
3936.31
3894.57
3903.00
3901.00
3887.66
3884.61
3882.50
3882.50
3826.42
3882.00
3881.50
3842.19
3846.28
3848.75
3890.84
3891.65
3892.79
3900.72
3906.00
3906.50
3907.00
3904.50
3906.28
3906.57
3900.18
3897.48
3895.40
3891.79
3885.58
3884.51
3881.02
3876.23
3869.88
3868.77
3868.77
3867.50
3869.32
3867.50
3867.00
3866.00
3864.03
3858.35
3858.92
3859.79
3857.50
3855.50
3846.31
3846.26
3849.50
3847.62
3846.75
3804.19
3853.50
3856.50
3856.00
3856.50
3858.00
3860.00
3860.50
3860.50
3860.00
3860.00
3860.50
3861.00
3861.50
3861.00
3861.50
3869.94
3873.20
3875.02
3876.63
3877.67
3881.00
3882.61
3885.59
3893.50
3893.50
3893.50
3893.50
3816.68
3895.50
3897.00
3897.50
3899.00
3901.00
3905.00
3906.50
3907.50
3909.00
3914.50
3915.50
3916.00
3914.50
3912.00
3910.50
3910.00
3908.00
3907.00
3907.50
3905.00
3902.00
3896.50
3896.00
3897.50
3899.50
3901.50
3903.50
3905.50
3907.50
3908.00
3909.00
3909.50
3909.50
3908.50
3908.00
3908.00
3907.50
3907.00
3906.00
3905.00
3902.80
3902.85
3904.84
3906.50
3907.00
3907.50
3909.50
3909.50
3911.00
3912.00
3911.24
3862.29
3868.51
3863.32
3916.15
3917.00
3916.55
3916.31
3919.00
3926.93
3928.50
3934.00
3934.50
3935.00
3935.50
3941.92
3949.80
3957.17
3959.15
3923.46
3926.12
3896.08
3927.11
3924.65
3922.86
3928.51
3976.50
3981.61
3964.41
3985.13
3957.10
3968.08
3970.62
4002.50
3970.91
3970.91
3970.72
3969.59
3967.24
3966.41
3991.50
3989.50
3933.36
3976.00
3880.79
3926.76
3926.42
3975.00
3976.00
3977.50
3979.50
3980.50
3981.50
3982.00
3982.00
3982.50
3990.08
3999.94
4001.00
4000.65
4001.89
3970.89
3970.73
3969.39
3966.48
3906.53
3894.52
3951.93
4021.00
4021.50
4026.50
4032.00
4034.50
4044.55
4050.38
4051.97
4056.70
4059.93
4062.00
4064.00
4038.57
4079.50
4085.00
1963.00
4027.76
4025.67
4023.49
4025.67
4028.73
4033.64
4037.29
4090.00
4091.00
4091.50
4058.35
3889.86
3829.40
3605.11
4061.12
4104.50
4102.50
4104.00
4106.50
4109.00
4109.50
4110.00
4110.50
3996.74
4106.50
4105.50
4105.50
4052.92
4112.14
4121.45
4123.59
4128.99
4126.84
4132.56
4136.18
4144.63
4145.79
4154.65
4160.50
4164.00
4166.00
4167.00
4173.08
4177.31
4193.50
4201.53
4202.19
4200.40
4210.10
4217.55
4222.19
4239.74
4244.67
4261.00
4262.50
4263.50
4266.50
4268.50
4275.50
4277.00
4279.50
4281.50
4287.00
4289.50
4297.00
4299.50
4300.73
4306.58
4313.09
4319.39
4218.35
4285.23
4303.94
4297.82
4319.86
4208.00
4268.94
4362.66
4307.62
4397.90
4353.46
4340.46
4360.13
4348.95
4365.40
4432.88
4432.59
4436.00
4437.00
4437.50
4366.40
4364.79
4364.79
4364.79
4364.79
4364.79
4389.94
4367.37
4375.42
4380.73
4445.54
4390.69
4414.57
4406.83
4451.09
4474.77
4479.18
4469.38
4514.19
4519.05
4457.17
4508.14
4620.32
4559.41
4550.76
4526.07
4561.14
4582.00
4525.41
4522.08
4626.50
4629.00
4632.50
4556.00
4576.90
4605.97
4657.00
4658.50
4660.25
4661.00
4665.50
4674.67
4681.00
4682.00
4684.50
4689.00
4694.50
4695.50
4607.87
4696.50
4696.50
4698.64
4700.26
4698.00
4707.31
4719.48
4729.36
4737.68
4742.48
4732.63
4732.78
4720.69
4383.56
4781.88
4789.98
4827.78
4830.96
4832.08
4848.28
4867.87
4760.59
4763.74
4812.82
4881.00
4883.00
4886.00
4888.50
4888.88
4896.50
4899.00
4900.76
4902.31
4903.00
4904.00
4905.00
4905.00
4796.93
4796.96
4906.50
4824.91
4849.58
4917.50
4920.50
4915.97
4922.32
4931.85
4927.79
4928.44
4956.76
4809.81
4969.43
4977.45
4949.66
4938.78
4984.21
4983.50
5031.61
4977.90
4914.90
4939.61
5011.49
5000.81
4963.32
4966.33
4951.94
4960.55
4976.26
4979.56
4961.58
5011.72
5021.50
5022.63
5023.80
5024.98
5027.16
5032.00
5037.50
5040.81
5047.00
5048.50
5052.62
5059.29
5067.50
5071.01
5077.48
5083.00
5089.00
5091.50
5098.42
5105.43
5114.81
5120.31
5123.38
5125.38
5127.00
5127.00
5125.83
5126.00
5120.43
5117.30
5117.30
5114.50
5114.00
5111.50
5112.00
5112.00
5111.50
5110.50
4972.09
4997.62
5101.50
5098.00
5089.07
5086.33
5084.44
5020.56
5082.09
5079.83
5073.02
5067.60
5060.06
5060.50
5059.50
5059.00
4977.45
5088.88
5066.85
5042.50
5041.50
5041.50
5041.00
5039.50
4965.38
4963.10
4955.68
5038.00
5039.50
5044.96
4956.03
4884.33
5047.50
5051.00
5053.00
5055.00
5056.00
5059.18
5060.94
5061.21
5058.50
5059.81
5062.38
5055.50
5052.00
5051.00
5050.00
5050.50
5047.50
5046.50
5041.50
5039.00
5034.50
5030.50
5036.88
5029.00
5027.50
5027.00
5051.74
4984.52
4924.59
4640.64
4129.45
3928.87
3770.17
4877.77
4951.35
4811.87
4709.27
4730.59
4934.50
4933.00
4837.19
4840.19
4932.50
4932.50
4932.50
4933.00
4932.50
4931.00
4925.50
4924.00
4920.50
4921.00
4923.35
4915.53
4905.99
4893.09
4855.25
4822.05
4854.22
4811.17
4861.50
4846.50
4847.81
4831.45
4829.43
4829.00
4827.95
4829.57
4817.32
4810.68
4805.00
4802.00
4802.50
4805.50
4808.50
4809.50
4813.50
4814.50
4814.50
4814.50
4615.45
4725.82
4808.50
4804.00
4800.50
4793.82
4783.71
4777.23
4770.00
4765.84
4729.14
4757.50
4619.82
4724.69
4734.50
4615.28
3939.49
3906.47
4459.05
4533.50
4489.27
4631.90
4655.52
4572.92
4659.23
4285.63
4546.02
4459.50
4518.49
4345.77
3966.83
3822.55
4040.87
4510.06
4539.96
3966.40
4563.34
3979.07
4511.00
4551.50
4548.00
4545.50
4478.74
4404.55
4407.58
4413.34
4464.08
4503.00
4460.15
4499.00
4497.00
4494.50
4492.33
4490.00
4489.50
4440.40
4494.50
4499.50
4501.00
4503.50
4505.50
4506.00
4504.50
4502.50
4498.24
4493.04
4478.80
4484.08
4485.29
4464.05
4447.72
4396.44
4222.18
4355.01
4158.89
3668.18
4232.43
3370.53
4088.00
4366.00
4298.29
4218.19
4339.09
4295.08
4251.88
4341.50
4329.46
4324.50
4288.14
4302.21
4294.85
4292.88
4293.26
4290.70
4290.63
4282.06
4257.50
4259.54
4183.77
4166.07
4243.31
4168.52
4167.55
4164.60
4239.88
4237.50
4236.00
4231.50
4228.50
4223.50
4217.87
4214.77
4208.82
4201.41
4199.12
4190.50
4183.04
4174.50
4166.00
4161.01
4152.62
4149.00
4146.95
4098.02
4149.50
4152.00
4152.02
4153.50
4156.00
4173.78
4180.98
4182.68
4186.00
4189.00
4193.00
4152.70
4198.07
4200.91
4204.50
4262.73
4204.50
4203.50
4201.00
4124.97
4263.12
4227.12
4186.71
4181.66
4176.59
4174.98
4173.22
4171.35
4163.48
4158.17
4152.85
4138.49
4132.00
4124.01
4118.95
4117.83
4116.50
4116.50
4116.50
4116.41
4117.00
4117.88
4119.35
4120.90
4121.93
4123.64
4123.00
4121.78
4111.81
4103.50
4102.00
4100.50
4100.50
4100.50
4100.50
4100.50
4100.50
4100.00
4099.50
4098.90
4091.57
4091.37
4087.46
4085.78
4083.05
4083.36
4079.54
4068.63
4052.58
4041.77
4035.00
4033.00
4032.00
4031.50
4030.50
4029.00
4026.50
4019.00
4016.64
4011.65
4011.05
4009.53
4008.47
4008.17
4005.48
4002.93
3994.54
3991.95
3990.56
3989.47
3988.59
3986.97
3983.43
3980.00
3979.00
3973.00
3972.00
3973.00
3973.00
3972.50
3969.50
3962.46
3957.52
3947.11
3943.22
3938.90
3937.46
3914.12
3932.47
3924.88
3908.29
3902.50
3898.96
3898.82
3902.95
3904.10
3903.07
3901.12
3903.00
3903.77
3907.10
3912.12
3681.40
3814.93
3732.30
3898.82
3895.75
3892.49
3878.45
3870.00
3866.00
3862.00
3857.00
3856.50
3856.21
3849.95
3833.68
3821.97
3810.31
3798.29
3774.87
3781.82
3773.60
3768.00
3762.50
3753.02
3744.00
3743.00
3743.00
3745.00
3747.00
3751.00
3751.50
3746.41
3744.50
3742.00
3739.00
3736.50
3736.50
3735.50
3735.00
3734.50
3732.50
3732.00
3731.00
3731.00
3731.50
3731.50
3731.50
3731.50
3732.00
3732.00
3732.00
3731.50
3730.00
3730.00
3730.00
3729.50
3728.50
3727.50
3724.49
3714.93
3711.62
3710.00
3708.50
3706.41
3704.00
3699.92
3692.97
3689.00
3688.50
3686.00
3684.00
3659.15
3654.75
3652.40
3655.27
3655.80
3655.24
3655.76
3657.08
3656.23
3646.30
3638.83
3639.47
3640.20
3638.07
3630.50
3630.50
3630.00
3630.00
3631.00
3631.00
3299.50
3299.50
3299.50
3299.50
3299.50
3299.50
3299.50
3299.50
3299.50
3299.50
3299.50
3299.50
3299.50
3299.50
3299.50
3299.50
3299.50
3299.50
3299.50
3299.50
3299.50
3299.50
3299.50
3299.50
3299.50
3299.50
3299.50
3299.50
3299.50
3299.50
3299.50
3299.50
3299.50
3299.50
3299.50
3299.50
3299.50
3299.50
3299.50
3299.50
3299.50
3299.50
3299.50
3299.50
3299.50
3299.50
3299.50
3299.50
3299.50
3299.50
3299.50
3299.50
3299.50
3299.50
3299.50
3299.50
3299.50
3299.50
3299.50
3299.50
3299.50
3299.50
3299.50
3299.50
3299.50
3299.50
3299.50
3299.50
3299.50
3299.50
3299.50
