 63.00  6377.9857  46.55   7.98    100
 1951 04 15 07 30 00
 15/04/1951, 07:30:00, RES=0.2500  APOD FN = TRI
 2884.946 2930.606 0.0500116653     913
  0.53440
  0.53440
  0.53440
  0.53440
  0.53440
  0.53440
  0.53440
  0.40552
  0.38679
  0.36910
  0.34076
  0.33119
  0.32271
  0.30771
  0.29972
  0.26498
  0.25489
  0.25649
  0.24726
  0.25695
  0.27920
  0.26785
  0.26516
  0.27938
  0.30354
  0.33147
  0.35430
  0.36227
  0.35633
  0.36244
  0.36866
  0.37110
  0.36904
  0.36229
  0.35628
  0.35511
  0.35555
  0.35569
  0.35452
  0.34924
  0.33999
  0.33418
  0.33515
  0.33093
  0.32209
  0.30977
  0.30294
  0.29730
  0.29501
  0.27954
  0.26465
  0.24389
  0.22887
  0.20381
  0.19972
  0.18448
  0.16432
  0.14034
  0.14563
  0.10935
  0.09353
  0.09250
  0.05902
  0.04758
  0.04312
  0.04485
  0.02006
  0.01728
  0.01902
  0.01852
  0.02292
  0.01808
  0.01984
  0.02941
  0.05403
  0.07685
  0.07754
  0.09115
  0.09368
  0.12914
  0.23511
  0.24297
  0.18417
  0.18260
  0.19905
  0.25388
  0.24332
  0.25797
  0.27049
  0.28424
  0.27243
  0.27833
  0.29421
  0.29818
  0.30126
  0.31221
  0.32764
  0.33227
  0.34409
  0.36714
  0.37023
  0.38324
  0.41659
  0.40778
  0.40793
  0.41250
  0.42157
  0.43468
  0.43712
  0.42847
  0.44358
  0.44596
  0.44821
  0.44695
  0.44607
  0.45953
  0.47038
  0.46313
  0.46016
  0.45590
  0.47345
  0.49306
  0.47896
  0.46720
  0.47890
  0.47381
  0.48739
  0.49808
  0.48958
  0.48921
  0.47425
  0.47501
  0.49627
  0.48084
  0.48560
  0.48099
  0.50609
  0.49152
  0.48129
  0.48833
  0.48393
  0.48087
  0.47967
  0.47733
  0.46756
  0.46318
  0.45027
  0.44135
  0.45511
  0.45409
  0.46445
  0.45416
  0.45384
  0.45193
  0.46953
  0.45943
  0.46045
  0.46190
  0.46349
  0.46657
  0.47028
  0.48818
  0.50212
  0.50110
  0.50065
  0.50376
  0.49831
  0.50154
  0.50256
  0.50124
  0.50766
  0.51076
  0.52039
  0.51019
  0.50858
  0.50829
  0.50515
  0.50697
  0.50594
  0.50554
  0.51283
  0.51078
  0.50873
  0.50241
  0.50887
  0.50757
  0.50080
  0.51528
  0.52646
  0.51817
  0.50214
  0.49961
  0.49593
  0.49757
  0.49053
  0.50666
  0.51548
  0.50044
  0.48716
  0.48226
  0.48011
  0.47168
  0.45755
  0.45321
  0.46095
  0.46438
  0.46049
  0.44989
  0.44607
  0.44484
  0.45294
  0.44975
  0.45300
  0.47352
  0.49275
  0.50982
  0.48551
  0.49848
  0.51559
  0.52605
  0.53040
  0.53281
  0.51963
  0.52203
  0.51415
  0.51327
  0.51445
  0.50007
  0.50033
  0.50887
  0.51655
  0.53161
  0.52531
  0.51592
  0.51093
  0.51439
  0.51753
  0.51342
  0.50755
  0.51005
  0.51063
  0.50918
  0.50123
  0.51452
  0.50785
  0.50858
  0.51070
  0.50990
  0.49926
  0.53391
  0.52281
  0.51180
  0.49757
  0.49655
  0.49451
  0.48862
  0.48745
  0.48554
  0.46925
  0.45969
  0.46562
  0.45887
  0.45268
  0.45855
  0.46133
  0.46528
  0.47087
  0.47571
  0.48496
  0.49581
  0.49699
  0.49880
  0.49878
  0.52120
  0.53467
  0.51826
  0.52039
  0.52938
  0.53278
  0.51841
  0.53264
  0.52743
  0.53567
  0.53014
  0.52017
  0.50456
  0.51749
  0.51582
  0.50198
  0.50682
  0.50843
  0.51342
  0.51503
  0.52624
  0.52883
  0.52663
  0.53530
  0.52531
  0.52773
  0.52619
  0.53220
  0.53604
  0.52511
  0.52088
  0.51317
  0.50564
  0.52504
  0.53242
  0.52971
  0.51520
  0.51386
  0.52248
  0.50697
  0.50345
  0.50557
  0.48349
  0.47953
  0.47066
  0.45635
  0.47106
  0.47449
  0.48217
  0.48211
  0.49334
  0.50338
  0.50630
  0.50543
  0.50770
  0.52575
  0.53132
  0.52809
  0.52795
  0.52663
  0.52547
  0.52780
  0.53073
  0.51884
  0.50432
  0.51029
  0.52457
  0.52384
  0.52406
  0.51474
  0.51651
  0.52548
  0.52883
  0.53499
  0.53924
  0.53279
  0.53396
  0.53294
  0.53396
  0.53198
  0.52722
  0.53400
  0.53368
  0.53587
  0.52813
  0.52678
  0.51856
  0.52164
  0.52340
  0.52622
  0.51809
  0.50320
  0.49931
  0.47982
  0.47004
  0.47856
  0.47160
  0.47378
  0.47631
  0.50552
  0.50634
  0.51798
  0.51972
  0.52825
  0.52929
  0.52038
  0.52836
  0.54909
  0.53058
  0.53570
  0.55797
  0.54746
  0.54278
  0.53692
  0.53616
  0.54159
  0.53807
  0.53096
  0.53235
  0.53758
  0.55362
  0.56037
  0.54668
  0.54533
  0.54467
  0.53985
  0.54571
  0.55544
  0.55536
  0.54514
  0.54453
  0.54643
  0.54687
  0.53678
  0.53868
  0.53396
  0.53264
  0.53352
  0.53352
  0.54321
  0.55548
  0.54606
  0.53863
  0.53131
  0.49655
  0.49581
  0.49449
  0.48905
  0.47894
  0.47542
  0.47177
  0.47182
  0.47307
  0.46867
  0.46999
  0.47513
  0.47931
  0.50447
  0.50652
  0.50917
  0.50858
  0.51107
  0.52308
  0.52677
  0.53396
  0.53279
  0.51401
  0.51570
  0.53279
  0.53338
  0.52755
  0.51768
  0.51614
  0.51856
  0.54174
  0.54877
  0.52721
  0.52120
  0.52927
  0.54206
  0.52595
  0.53535
  0.53440
  0.53051
  0.53742
  0.51680
  0.51694
  0.50873
  0.52448
  0.52589
  0.51900
  0.51680
  0.52011
  0.50858
  0.51137
  0.50755
  0.50212
  0.50286
  0.50242
  0.49615
  0.47096
  0.46486
  0.46301
  0.46035
  0.44881
  0.44824
  0.42553
  0.42069
  0.42653
  0.42377
  0.43660
  0.44534
  0.45517
  0.45255
  0.46852
  0.48114
  0.49106
  0.50062
  0.51537
  0.51313
  0.51763
  0.51759
  0.54071
  0.54174
  0.54734
  0.55333
  0.55333
  0.55333
  0.55230
  0.57379
  0.54805
  0.55157
  0.55348
  0.55463
  0.55251
  0.54520
  0.55546
  0.55224
  0.55418
  0.57406
  0.57249
  0.57594
  0.56609
  0.55931
  0.56554
  0.56590
  0.55520
  0.54988
  0.56570
  0.55215
  0.54730
  0.55276
  0.57794
  0.56918
  0.56397
  0.56213
  0.55587
  0.54673
  0.54816
  0.52961
  0.52340
  0.51345
  0.49112
  0.49581
  0.49508
  0.49121
  0.48993
  0.49747
  0.51307
  0.50434
  0.50488
  0.51283
  0.52340
  0.52927
  0.54629
  0.55773
  0.56477
  0.56375
  0.57182
  0.58150
  0.57123
  0.58522
  0.58334
  0.56742
  0.56639
  0.56932
  0.56835
  0.55643
  0.55733
  0.55362
  0.56413
  0.57651
  0.56943
  0.57299
  0.56507
  0.56419
  0.56712
  0.56551
  0.57218
  0.57255
  0.56932
  0.56683
  0.56448
  0.56609
  0.56844
  0.56309
  0.55420
  0.56712
  0.57477
  0.56480
  0.55535
  0.55010
  0.54260
  0.52912
  0.53220
  0.53484
  0.52914
  0.49655
  0.49112
  0.49728
  0.49801
  0.49743
  0.50022
  0.50608
  0.52032
  0.51786
  0.51826
  0.52763
  0.53543
  0.53909
  0.54282
  0.57020
  0.56492
  0.56565
  0.56477
  0.56918
  0.56575
  0.57358
  0.57255
  0.58297
  0.58313
  0.56903
  0.57099
  0.56844
  0.57138
  0.58309
  0.58499
  0.58752
  0.58106
  0.57912
  0.58209
  0.57066
  0.57086
  0.57819
  0.58179
  0.58561
  0.58561
  0.58121
  0.58179
  0.58488
  0.58576
  0.58722
  0.58649
  0.57267
  0.56492
  0.56389
  0.56712
  0.56375
  0.54993
  0.54966
  0.54658
  0.53301
  0.52318
  0.51988
  0.51665
  0.51701
  0.50944
  0.51386
  0.51240
  0.51503
  0.53380
  0.55099
  0.55377
  0.55406
  0.56874
  0.57305
  0.58370
  0.58444
  0.58444
  0.58986
  0.58986
  0.59281
  0.59016
  0.59192
  0.59652
  0.58546
  0.58678
  0.59501
  0.58561
  0.58326
  0.58458
  0.58517
  0.58150
  0.58253
  0.57926
  0.57600
  0.57134
  0.56529
  0.56140
  0.55920
  0.56565
  0.56830
  0.56273
  0.56551
  0.58871
  0.56735
  0.56693
  0.56635
  0.55106
  0.54629
  0.54325
  0.54105
  0.53734
  0.53556
  0.51224
  0.50813
  0.50961
  0.51327
  0.51298
  0.52283
  0.52310
  0.53375
  0.54614
  0.55862
  0.56824
  0.57431
  0.57350
  0.57404
  0.58132
  0.59024
  0.58700
  0.58590
  0.60423
  0.57534
  0.57064
  0.57629
  0.56874
  0.56448
  0.57708
  0.59001
  0.59486
  0.59343
  0.59500
  0.59397
  0.59573
  0.59309
  0.59427
  0.58253
  0.57959
  0.58649
  0.59405
  0.59911
  0.60006
  0.60131
  0.60967
  0.59664
  0.58502
  0.59324
  0.59529
  0.58678
  0.58458
  0.58605
  0.58370
  0.57695
  0.56750
  0.55715
  0.55263
  0.55486
  0.55690
  0.52633
  0.52707
  0.52530
  0.52237
  0.51071
  0.51269
  0.51010
  0.50737
  0.52413
  0.53117
  0.53504
  0.54417
  0.56578
  0.57479
  0.56955
  0.56525
  0.57480
  0.57308
  0.57588
  0.57483
  0.59787
  0.58666
  0.56639
  0.58099
  0.59248
  0.58468
  0.56918
  0.57857
  0.58609
  0.57871
  0.57607
  0.57262
  0.58547
  0.57833
  0.58005
  0.57695
  0.57871
  0.59707
  0.59843
  0.58282
  0.58266
  0.59264
  0.59485
  0.58430
  0.57505
  0.57815
  0.57756
  0.57524
  0.57173
  0.56683
  0.56702
  0.55767
  0.55894
  0.56525
  0.54015
  0.52074
  0.51782
  0.51914
  0.51335
  0.50828
  0.50708
  0.50139
  0.49665
  0.49754
  0.50711
  0.52239
  0.51252
  0.52970
  0.53484
  0.54326
  0.54465
  0.54037
  0.57165
  0.54334
  0.53587
  0.53928
  0.53807
  0.54409
  0.54042
  0.52378
  0.53088
  0.54047
  0.52545
  0.53634
  0.52218
  0.52236
  0.51039
  0.50369
  0.48534
  0.48496
  0.47533
  0.47190
  0.46142
  0.44387
  0.43478
  0.42412
  0.40690
  0.40156
  0.38393
  0.38111
  0.35211
  0.32230
  0.36720
  0.32805
  0.27667
  0.24531
  0.22951
  0.17369
  0.16796
  0.15936
  0.19778
  0.12798
  0.10391
  0.08546
  0.07083
  0.05474
  0.05285
  0.05124
  0.04229
  0.03739
  0.03975
  0.04986
  0.05651
  0.09214
  0.09873
  0.71634
  0.22298
  0.15965
  0.17728
  0.19158
  0.24462
  0.24888
  0.27817
  0.29508
  0.32347
  0.35042
  0.36562
  0.38489
  0.40004
  0.41930
  0.42535
  0.44337
  0.46918
  0.48580
  0.48114
  0.48471
  0.49545
  0.49963
  0.50108
  0.52206
  0.52765
  0.52204
  0.53625
  0.54423
  0.53440
  0.53440
  0.53440
  0.53440
  0.53440
  0.53440
  0.53440