3299.50
3299.50
3299.50
3299.50
3299.50
3299.50
3299.50
3299.50
3299.50
3299.50
3299.50
3299.50
3299.50
3299.50
3299.50
3299.50
3299.50
3299.50
3299.50
3299.50
3299.50
3299.50
3299.50
3299.50
3299.50
3299.50
3299.50
3299.50
3299.50
3299.50
3299.50
3299.50
3299.50
3299.50
3299.50
3299.50
3299.50
3299.50
3299.50
3299.50
3299.50
3299.50
3299.50
3299.50
3299.50
3299.50
3299.50
3299.50
3299.50
3299.50
3299.50
3299.50
3299.50
3299.50
3299.50
3299.50
3299.50
3299.50
3299.50
3299.50
3299.50
3299.50
3299.50
3299.50
3299.50
3299.50
3299.50
3299.50
3299.50
3299.50
3639.39
3547.14
3651.55
3702.54
3738.71
3727.20
3757.05
3728.95
3640.60
3663.46
3786.85
3796.36
3800.18
3802.00
3801.50
3765.96
3765.43
3803.00
3802.52
3802.50
3771.58
3784.15
3816.42
3818.24
3824.55
3827.43
3803.12
3845.88
3853.21
3862.80
3745.22
3884.50
3887.50
3889.00
3868.08
3787.07
3876.21
3888.26
3904.99
3937.00
3946.00
3953.62
3959.38
3960.50
3966.06
3968.44
3975.90
3977.50
3986.50
3989.96
3992.00
3992.00
3992.00
3991.50
3991.00
3990.00
4046.65
4003.00
4012.56
3986.97
4017.07
4017.78
4020.90
4022.88
4028.64
4033.24
4045.40
4017.95
4013.60
4064.50
4065.00
4066.00
4066.50
4067.00
4072.00
4036.20
4077.00
4079.00
4081.88
4088.38
4093.00
4093.00
4127.46
4094.00
4095.00
4096.50
4096.00
4096.00
4106.04
4111.76
4105.50
4102.00
4144.23
4174.99
4170.22
4155.89
4199.61
4216.11
4219.04
4217.61
4224.98
4229.00
4238.00
4249.50
4252.50
4253.00
4253.50
4253.50
4252.50
4252.00
4250.50
4248.50
4245.00
4240.50
4238.33
4238.00
4238.00
4239.50
4241.00
4241.50
4246.56
4251.05
4258.55
4262.70
4263.50
4267.16
4271.50
4271.53
4274.50
4227.54
4278.42
4285.00
4287.00
4287.00
4201.57
4279.50
4278.00
4278.00
4276.93
4274.00
4270.00
4269.50
4273.21
4220.46
4208.45
4066.91
3833.76
3577.59
3914.24
3624.19
3949.61
4085.46
4116.62
4146.65
4169.15
4180.86
4225.50
4225.50
4187.41
4178.26
4184.99
4207.84
4217.53
4197.48
4192.10
4217.72
4217.43
4203.06
4212.44
4215.00
4151.71
4216.50
4151.71
4216.00
4216.00
4217.50
4217.50
4217.50
4217.50
4218.00
4217.00
4216.50
4216.50
4168.54
4211.50
4211.00
4214.00
4198.11
4143.86
4139.23
4101.65
4130.45
4125.97
4124.11
4120.64
4119.29
4142.32
4054.57
4081.35
4117.50
4073.11
4086.22
4082.73
4049.85
4074.59
4071.29
4060.32
4054.08
3998.29
4032.16
3983.77
3937.74
3941.82
3766.80
3869.37
3934.97
3911.49
3907.46
3955.00
3948.88
3917.05
3931.28
3906.32
3897.69
3917.64
3913.25
3909.00
3904.50
3896.25
3888.80
3886.07
3916.53
3842.47
3841.00
3841.00
3884.50
3885.00
3887.50
3891.00
3893.00
3856.92
3862.08
3902.00
3908.09
3909.00
3909.00
3908.00
3908.55
3906.31
3899.09
3896.58
3893.16
3890.71
3888.02
3885.50
3882.50
3875.00
3872.69
3815.62
3871.26
3871.77
3870.50
3870.50
3870.50
3867.50
3866.50
3862.11
3861.58
3860.98
3858.50
3854.15
3851.33
3852.00
3853.00
3849.31
3848.38
3851.70
3856.00
3856.60
3859.50
3859.50
3859.50
3862.00
3862.50
3863.00
3862.50
3863.00
3863.00
3863.00
3863.00
3863.00
3864.00
3866.20
3873.88
3876.35
3878.58
3880.35
3882.47
3885.14
3886.00
3895.50
3895.50
3896.50
3896.00
3896.00
3896.50
3898.50
3899.50
3900.50
3901.50
3906.50
3908.00
3909.50
3911.50
3915.50
3918.50
3918.50
3918.00
3916.50
3914.50
3912.52
3910.50
3871.06
3909.00
3863.48
3905.00
3899.00
3898.50
3899.00
3901.50
3903.50
3904.50
3908.38
3909.38
3910.00
3910.50
3912.50
3912.00
3909.00
3910.00
3909.50
3909.00
3909.50
3908.50
3907.00
3907.50
3905.98
3906.45
3908.50
3909.00
3910.00
3911.00
3912.00
3912.50
3912.50
3912.50
3915.00
3917.50
3918.50
3919.00
3919.50
3919.50
3918.13
3920.50
3923.50
3930.50
3936.00
3937.00
3937.00
3937.00
3938.67
3904.91
3953.66
3959.31
3960.64
3961.19
3962.00
3963.56
3964.93
3928.56
3975.50
3978.50
3983.43
3991.08
3995.05
3994.61
4021.26
3972.56
4004.00
3943.58
3942.17
3940.26
3969.34
3967.37
3995.00
3994.50
3992.50
3980.90
3978.50
3978.00
3977.00
3976.50
3977.50
3978.00
3980.50
3981.50
3982.00
3983.00
3984.00
3984.50
3985.50
3992.88
4001.89
4002.94
4003.50
4003.98
4006.00
4007.00
4009.00
4010.96
4021.50
4022.50
4023.00
4023.00
4024.50
4027.00
4035.23
4044.28
4048.11
4052.75
4056.39
4031.22
4062.96
4065.00
4069.00
4078.50
4084.36
4087.00
4087.50
4087.50
4087.50
4087.00
4088.00
4088.50
4090.50
4092.00
4093.00
4093.50
4095.47
3582.30
3486.00
3999.55
4104.50
4104.50
4105.00
4105.50
4107.50
4109.50
4111.50
4112.00
4112.00
4112.50
4109.83
4108.00
4037.84
4108.00
4115.29
4123.46
4094.42
4130.30
4133.46
4135.21
4138.60
4145.72
4145.80
4156.50
4164.00
4167.00
4168.00
4169.50
4171.50
4188.51
4196.61
4187.05
4202.86
4206.89
4212.26
4218.74
4232.84
4184.83
4212.34
4261.50
4262.50
4265.00
4266.50
4269.00
4273.50
4278.50
4395.93
4282.50
4284.50
4289.48
4291.48
4300.41
4302.50
4303.56
4313.00
4315.50
4311.26
4284.39
4330.20
4351.19
4355.97
4360.05
4226.06
4372.73
4388.81
4396.96
4405.00
4426.08
4418.45
4416.92
4455.08
4430.12
4434.31
4291.09
4438.50
4301.11
4440.00
4440.00
4440.00
4440.00
4440.00
4439.50
4439.50
4440.00
4442.50
4380.46
4445.00
4445.50
4457.60
4465.50
4452.64
4460.96
4475.68
4491.95
4518.10
4538.78
4565.85
4532.13
4559.26
4560.65
4561.42
4527.11
4565.07
4564.95
4624.00
4528.22
4524.88
4571.73
4552.21
4556.91
4640.71
4644.00
4653.50
4660.00
4661.50
4662.50
4626.17
4646.84
4591.66
4631.87
4634.30
4629.39
4624.35
4606.30
4609.74
4609.74
4699.50
4610.71
4613.97
4704.60
4708.33
4680.30
4729.92
4698.87
4740.18
4747.98
4731.07
4543.31
4758.41
4754.51
4749.33
4738.75
4803.00
4758.34
4801.88
4813.68
4811.76
4813.16
4814.43
4808.70
4800.57
4795.12
4788.03
4785.86
4787.79
4799.57
4812.94
4811.59
4904.50
4813.53
4808.33
4805.41
4805.41
4802.25
4799.78
4796.04
4912.06
4914.67
4919.50
4918.95
4920.48
4929.61
4928.19
4947.94
4948.87
4876.28
4884.35
4864.41
4820.43
4963.52
4953.43
4990.86
4987.10
4985.62
4980.82
4980.82
4942.44
4935.50
4948.28
5013.41
4983.51
4943.63
4940.15
4973.68
4975.50
4965.47
5026.00
5023.63
4965.02
4963.41
4966.79
4967.77
5033.00
4960.17
4972.73
4965.42
4961.83
4960.68
5005.34
5021.98
5023.67
5030.56
5040.53
5089.50
5050.89
5052.26
4993.69
5073.34
5072.86
5017.59
5068.11
5062.59
5046.00
5064.55
5063.59
5061.73
5047.68
5051.58
5120.61
5117.00
5115.00
4963.67
4797.70
4955.65
4962.71
5113.50
4984.92
5000.45
5015.26
5102.84
5092.81
5090.02
5086.72
5085.12
5026.47
5014.09
5076.07
5071.71
5063.11
5062.50
5062.00
4976.86
5057.50
5053.50
5049.07
5045.00
5043.50
5042.50
5043.48
5043.50
5041.00
5040.50
5039.50
5040.50
5042.00
5043.00
5046.97
5048.00
5050.50
5053.00
5056.00
5057.50
5059.00
5059.50
5060.00
5060.50
5061.64
5062.33
5061.50
5059.29
5055.50
5053.50
5053.00
5053.00
4969.82
4964.31
5045.50
5041.50
5037.00
5033.50
5032.50
5032.00
5031.00
5029.00
4928.81
5020.38
4778.79
4759.89
4947.05
4538.11
4581.05
4966.50
4955.72
4950.89
4948.00
4940.00
4937.00
4936.00
4936.00
4936.00
4936.00
4841.62
4841.62
4841.62
4843.97
4772.51
4855.95
4865.90
4923.50
4922.96
4922.73
4858.74
4917.52
4904.22
4847.98
4859.45
4898.16
4872.10
4864.84
4856.37
4846.02
4801.99
4832.00
4800.01
4830.00
4793.84
4820.81
4816.45
4618.16
4805.00
4804.50
4753.25
4810.00
4811.50
4815.50
4816.50
4817.00
4816.50
4832.52
4742.35
4692.45
4806.50
4801.38
4792.25
4783.29
4777.90
4788.82
4768.24
4701.67
4736.53
4751.02
4726.08
4659.43
4522.31
4296.48
4137.04
4571.96
4239.28
4373.12
4440.83
4537.41
4645.74
4319.41
3873.16
4332.31
3877.95
3786.51
3912.31
3986.44
4292.63
4157.30
4029.24
4161.17
4031.34
4403.44
4559.00
4453.33
4115.37
4487.18
4541.00
4531.31
4307.73
4514.50
4507.03
4426.77
4464.24
4459.61
4457.48
4498.00
4495.00
4493.00
4491.00
4490.50
4494.50
4497.32
4498.36
4474.98
4505.50
4506.50
4506.50
4506.00
4503.50
4504.00
4488.56
4486.64
4442.31
4409.59
4471.37
4456.04
4441.80
4133.73
4378.96
4078.77
4247.81
4386.50
4001.02
4060.40
4247.69
4220.87
4042.62
4346.72
4347.00
4346.00
4263.07
4282.27
4320.43
4290.85
4276.69
4295.00
4295.00
4293.71
4291.43
4291.89
4287.40
4263.50
4259.50
4252.68
4246.00
4244.50
4243.00
4242.50
4241.50
4240.50
4238.00
4237.00
4231.50
4229.00
4223.00
4215.50
4212.59
4209.51
4203.05
4198.86
4191.83
4183.04
4176.50
4166.00
4161.00
4106.38
4150.50
4149.00
4150.00
4150.50
4152.00
4153.50
4157.00
4161.65
4175.96
4181.47
4183.50
4186.00
4191.50
4193.00
4195.00
4199.22
4203.00
4208.86
4208.56
4142.22
4086.55
4142.22
3976.20
4124.07
4109.42
4187.12
4181.55
4176.93
4174.89
4172.22
4172.12
4165.93
4160.08
4154.62
4108.42
4132.76
4124.63
4123.09
4119.44
4082.31
4081.89
4118.00
4080.34
4045.90
4080.65
4081.25
4080.87
4123.00
4124.07
4124.00
4123.36
4120.49
4104.50
4046.21
4102.00
4102.00
4101.50
4044.26
4046.21
4046.21
4101.50
4100.50
4100.50
4094.00
4051.65
4091.39
4090.24
4089.73
4084.70
4081.88
4073.65
4056.67
4043.78
4036.00
3998.82
3994.33
4032.50
4031.50
3986.13
3975.73
3882.17
3946.97
3955.14
4011.34
4010.37
4008.82
4008.30
4004.65
4003.56
3998.29
3993.23
3992.00
3991.00
3990.00
3988.30
3984.41
3930.10
3927.33
3915.29
3973.50
3973.00
3973.00
3918.68
3971.50
3962.52
3956.51
3948.05
3920.40
3917.72
3938.00
3814.57
3912.12
3869.50
3874.92
3864.19
3856.66
3854.64
3903.24
3864.52
3871.39
3862.31
3905.69
3906.55
3837.70
3852.88
3836.52
3865.61
3831.30
3858.96
3848.71
3893.60
3881.64
3871.50
3866.50
3862.00
3860.43
3857.85
3860.50
3806.96
3822.26
3794.79
3786.11
3791.46
3775.24
3778.69
3755.75
3748.06
3734.19
3720.88
3704.51
3664.07
3700.97
3696.84
3686.57
3680.28
3686.57
3695.97
3699.63
3700.60
3698.23
3690.56
3735.50
3735.00
3734.50
3733.50
3731.50
3731.00
3731.00
3730.50
3731.00
3646.43
3731.50
3731.50
3732.00
3653.83
3664.37
3730.00
3729.50
3729.50
3729.50
3729.00
3727.50
3724.00
3714.93
3711.62
3709.57
3708.67
3706.50
3704.00
3701.50
3697.02
3691.71
3690.23
3688.00
3684.00
3675.65
3655.80
3655.68
3655.68
3655.33
3655.33
3655.44
3655.20
3654.71
3649.19
3638.56
3639.91
3639.33
3605.29
3630.53
3629.50
3629.50
3630.00
3630.50
3630.50
3631.00
3574.41
3639.00
3642.20
3640.45
3633.88
3650.30
3600.26
3667.67
3649.95
3673.50
3674.38
3665.47
3661.00
3660.50
3659.50
3614.89
3653.20
3651.50
3615.05
3550.25
3569.48
3626.00
3560.38
3563.07
3567.66
3620.00
3618.50
3613.50
3609.00
3607.00
3605.50
3604.38
3600.89
3556.22
3495.03
3527.75
3552.84
3554.50
3602.00
3603.00
3603.00
3603.00
3603.50
3602.50
3603.50
3597.17
3589.25
3587.11
3587.29
3587.58
3583.39
3581.69
3585.67
3590.60
3596.50
3596.50
3597.00
3598.00
3598.00
3598.50
3598.50
3598.00
3597.50
3592.00
3592.66
3588.18
3589.31
3592.00
3602.39
3604.00
3600.50
3605.00
3605.00
3604.00
3603.86
3599.64
3595.06
3561.19
3547.82
3525.75
3445.45
3594.00
3554.65
3527.77
3535.50
3525.50
3480.79
3470.53
3463.63
3517.67
3525.00
3502.68
3513.00
3521.83
3548.25
3549.50
3554.03
3530.72
3530.02
3529.04
3528.09
3563.50
3562.50
3527.53
3526.55
3559.00
3556.50
3556.00
3513.23
3552.50
3553.50
3528.82
3565.00
3547.94
3574.50
3576.75
3581.45
3526.47
3499.45
3554.69
3550.57
3553.65
3553.65
3581.62
3581.50
3574.86
3571.00
3569.00
3567.00
3566.59
3524.55
3524.22
3524.39
3521.26
3507.21
3461.34
3466.80
3484.17
3478.12
3440.00
3561.00
3625.88
3455.73
3410.79
3388.48
3436.57
3412.30
3425.13
3462.47
3440.38
3476.17
3466.33
3488.42
3485.45
3491.86
3491.18
3487.90
3482.97
3485.32
3533.00
3475.00
3513.76
3518.58
3517.41
3518.39
3520.38
3515.80
3515.21
3551.22
3550.50
3547.12
3544.74
3540.12
3536.67
3497.22
3488.64
3487.46
3509.77
3507.00
3501.50
3468.04
3464.47
3462.02
3495.50
3465.96
3499.50
3472.23
3501.00
3475.21
3475.18
3506.50
3507.50
3507.50
3507.50
3506.00
3506.00
3467.86
3459.72
3441.15
3439.24
3440.20
3425.62
3498.58
3467.47
3356.11
3498.73
3501.38
3510.00
3493.92
3423.28
3422.28
3448.08
3472.82
3461.30
3456.50
3408.78
3403.41
3402.45
3404.67
3405.81
3454.50
3454.00
3453.00
3452.00
3451.50
3450.50
3452.00
3452.00
3452.50
3452.50
3453.00
3453.50
3349.03
3453.50
3453.50
3457.86
3459.97
3420.47
3460.86
3472.65
3475.58
3446.86
3443.59
3445.37
3495.00
3498.70
3502.97
3504.50
3507.00
3508.00
3508.00
3507.00
3507.00
3506.00
3506.00
3466.46
3466.46
3506.50
3506.00
3505.50
3501.91
3471.05
3469.93
3468.87
3468.11
3492.12
3464.25
3444.93
3391.75
3399.39
3403.72
3465.00
3410.71
3419.42
3429.46
3444.51
3448.63
3479.11
3481.00
3482.04
3483.58
3489.41
3495.45
3499.00
3435.21
3500.50
3500.00
3499.50
3429.23
3430.09
3433.29
3431.42
3438.68
3492.50
3492.00
3441.61
3491.12
3490.00
3488.50
3487.00
3483.50
3482.50
3481.50
3480.95
3482.00
3481.00
3480.50
3478.70
3481.00
3475.11
3456.47
3451.22
3448.94
3395.98
3413.22
3388.10
3373.96
3367.83
3364.41
3387.27
3393.24
3411.56
3427.47
3440.29
3444.28
3445.64
3446.99
3447.97
3449.68
3475.37
3482.50
3485.93
3489.00
3488.50
3480.50
3479.80
3448.33
3479.94
3449.45
3483.31
3449.83
3481.85
3481.86
3486.06
3486.77
3453.78
3455.17
3453.79
3454.77
3457.13
3455.86
3455.53
3489.00
3487.50
3487.00
3484.50
3483.85
3480.00
3413.32
3395.65
3471.00
3470.50
3471.50
3473.00
3410.29
3408.00
3411.25
3411.25
3476.00
3481.93
3484.50
3486.00
3487.00
3488.00
3437.53
3489.00
3489.00
3489.00
3488.00
3439.78
3487.50
3486.00
3485.94
3484.28
3483.76
3486.00
3487.50
3489.00
3489.00
3489.50
3492.00
3492.50
3494.00
3499.50
3502.00
3512.00
3515.00
3516.00
3517.18
3517.82
3519.50
3522.03
3527.29
3536.90
3542.00
3545.50
3547.50
3550.50
3527.00
3536.20
3539.05
3540.98
3543.41
3544.27
3544.92
3544.96
3544.16
3540.19
3493.14
3538.70
3563.78
3580.05
3581.92
3609.50
3584.13
3585.21
3586.21
3615.50
3616.00
3586.92
3585.33
3620.00
3620.00
3619.50
3619.00
3618.50
3578.70
3579.58
3576.71
3617.00
3616.59
3568.74
3569.71
3569.71
3570.56
3568.74
3567.77
3517.66
3510.00
3507.18
3607.50
3608.00
3612.00
3613.00
3576.07
3577.40
3571.30
3574.70
3543.00
3573.19
3551.43
3584.50
3553.19
3548.89
3581.89
3559.17
3533.14
3554.04
3557.17
3537.06
3538.67
3557.20
3560.00
3528.94
3528.94
3528.94
3527.84
3499.04
3518.62
3548.22
3549.58
3572.95
3581.63
3573.30
3575.85
3554.02
3581.29
3578.42
3576.87
3575.90
3575.40
3574.04
3542.28
3541.31
3543.89
3574.50
3544.72
3572.56
3576.10
3576.38
3583.57
3590.48
3597.14
3595.10
3547.16
3581.98
3580.41
3580.53
3579.89
3550.19
3545.56
3531.12
3564.00
3562.00
3519.62
3518.65
3518.65
3480.24
3518.65
3520.57
3558.00
3555.50
3555.50
3555.00
3555.50
3556.00
3555.00
3554.00
3550.50
3549.00
3547.36
3548.50
3552.00
3553.50
3554.50
3554.50
3555.00
3551.50
3551.00
3551.50
3545.57
3541.00
3542.31
3546.06
3543.51
3538.32
3539.78
3505.58
3472.55
3548.26
3546.57
3550.50
3551.00
3551.50
3551.50
3551.00
3550.50
3543.98
3541.15
3540.86
3541.15
3545.81
3538.00
3537.83
3537.74
3540.93
3543.76
3538.55
3537.42
3535.86
3534.82
3530.44
3530.65
3519.73
3519.72
3516.50
3516.00
3517.50
3517.50
3518.00
3518.50
3519.77
3520.05
3521.96
3521.96
3515.76
3504.00
3493.48
3487.00
3481.56
3475.55
3456.04
3459.91
3459.47
3458.02
3431.62
3425.97
3417.00
3414.50
3411.88
3411.50
3371.95
3410.00
3409.50
3369.31
3367.88
3412.00
3367.10
3371.91
3417.50
3418.00
3418.21
3418.00
3416.00
3413.50
3381.28
3411.98
3380.04
3412.50
3413.00
3413.00
3413.00
3413.00
3413.45
3414.51
3414.62
3415.50
3415.50
3415.50
3415.17
3410.21
3408.58
3409.68
3410.26
3407.97
3403.42
3400.50
3399.18
3401.83
3403.91
3403.69
3406.00
3407.00
3409.00
3414.00
3420.50
3422.50
3424.50
3425.38
3428.50
3427.86
3423.81
3419.16
3416.06
3415.13
3414.59
3414.59
3413.00
3411.50
3411.50
3411.00
3411.00
3411.00
3411.50
3411.50
3411.94
3411.25
3411.23
3410.50
3409.50
3361.26
3361.26
3358.00
3408.00
3408.00
3359.23
3409.50
3410.50
3411.00
3412.00
3412.52
3412.50
3413.00
3413.00
3416.41
3414.45
3413.00
3412.00
3409.00
3402.10
3400.77
3395.03
3396.96
3390.62
3387.85
3384.98
3392.55
3389.22
3385.66
3380.50
3380.77
3387.48
3383.73
3379.02
3380.12
3380.66
3380.06
3342.95
3336.76
3341.50
3340.00
2977.56
3155.12
3242.03
3262.11
3311.85
3345.00
3349.50
3354.72
3358.02
3362.35
3365.25
3369.00
3371.00
3330.71
3372.50
3374.50
3381.00
3382.00
3382.50
3383.50
3385.00
3385.50
3386.00
3386.50
3387.50
3387.50
3388.50
3389.00
3390.00
3390.50
3391.00
3386.50
3385.50
3385.50
3346.86
3348.80
3386.00
3386.50
3388.50
3389.09
3390.12
3388.22
3390.00
3390.00
3390.50
3391.50
3395.17
3401.50
3409.26
3359.86
3411.89
3412.07
3403.65
3397.50
3399.17
3395.00
3394.25
3393.00
3350.38
3350.38
3393.00
3393.00
3393.50
3394.50
3349.66
3346.41
3397.00
3396.50
3396.50
3396.50
3396.00
3395.50
3396.00
3396.00
3396.00
3398.45
3397.50
3397.50
3398.50
3398.50
3400.00
3400.50
3399.50
3398.00
3396.00
3397.86
2595.34
2082.55
2593.60
2895.45
3027.67
3399.01
3564.57
3375.83
3374.87
3375.88
3372.27
3372.00
3369.50
3370.00
3373.00
3374.00
3374.50
3375.00
3377.50
3378.50
3380.00
3384.50
3385.00
3385.50
3386.00
3387.00
3387.50
3387.00
3388.00
3341.87
3340.80
3339.62
3294.03
3336.27
3393.50
3393.50
3395.00
3395.50
3359.31
3346.65
3345.00
3376.31
3409.27
3412.36
3412.95
3414.00
3413.61
3412.57
3407.78
3396.00
3395.50
3393.00
3389.50
3388.50
3358.02
3355.79
3354.63
3354.63
3355.79
3386.50
3387.00
3356.92
3355.79
3356.92
3358.02
3390.94
3393.75
3394.50
3396.10
3397.18
3398.49
3405.48
3414.50
3417.00
3418.00
3418.50
3363.85
3362.23
3361.27
3418.00
3414.00
3405.76
3395.00
3399.08
3371.75
3371.37
3358.76
3394.35
3364.68
3336.05
3339.93
3243.90
3328.64
3328.51
3327.50
3325.65
3319.34
3273.50
3269.76
3268.83
3310.35
3364.50
3364.00
3363.00
3354.50
3306.00
3305.03
3302.93
3437.41
3351.50
3354.80
3359.50
3342.19
3362.41
3386.35
3389.34
3396.00
3399.55
3401.05
3404.50
3409.43
3417.64
3422.29
3423.17
3399.89
3421.00
3420.00
3418.50
3417.00
3392.13
3390.38
3414.04
3417.13
3418.06
3419.17
3420.00
3422.15
3425.75
3434.00
3435.00
3429.94
3430.59
3426.40
3428.85
3434.30
3432.15
3435.00
3399.28
3428.36
3420.74
3423.68
3423.32
3423.50
3423.86
3425.03
3427.33
3431.00
3434.00
3434.50
3439.47
3434.50
3434.91
3434.25
3436.00
3437.38
3445.50
3459.20
3463.50
3464.00
3458.60
3457.51
3452.50
3426.43
3422.14
3414.59
3404.89
3398.39
3394.04
3386.12
3380.33
3375.55
3393.63
3385.50
3366.25
3380.00
3345.79
3355.08
3356.43
3364.00
3369.61
3355.44
3347.70
3370.57
3381.66
3394.67
3403.61
3408.49
3415.24
3444.81
3415.76
3414.96
3448.43
3452.00
3456.96
3393.57
3396.96
3394.70
3391.05
3460.50
3461.19
3404.04
3406.59
3462.50
3463.50
3463.00
3463.04
3463.00
3469.50
3474.00
3480.37
3481.23
3473.96
3463.00
3481.63
3452.36
3488.45
3488.50
3488.50
3489.50
3488.39
3487.50
3485.50
3484.50
3484.50
3399.83
3451.83
3491.34
3406.98
3470.19
3461.64
3427.62
3434.78
3493.97
3509.12
3521.74
3526.82
3513.25
3514.05
3557.50
3562.14
3568.00
3575.00
3505.36
3502.93
3485.52
3466.79
3465.19
3561.39
3602.00
3603.00
3604.50
3574.13
3576.19
3576.82
3577.23
3576.98
3613.00
3574.56
3616.50
3574.20
3535.93
3534.02
3570.30
3609.00
3533.25
3530.31
3594.50
3592.50
3551.29
3549.80
3513.42
3536.92
3537.91
3538.24
3538.95
3537.79
3538.02
3537.68
3512.56
3536.91
3511.84
3542.88
3548.14
3549.99
3574.80
3578.41
3580.00
3557.38
3557.54
3551.38
3540.47
3544.40
3593.40
3499.00
3498.06
3536.59
3588.00
3534.45
3532.20
3530.79
3536.43
3606.73
3587.50
3587.50
3587.50
3587.50
3528.29
3588.00
3591.50
3593.00
3595.50
3600.50
3603.00
3603.36
3606.00
3607.00
3568.79
3609.50
3611.50
3611.50
3611.00
3610.50
3607.00
3604.70
3602.50
3600.43
3597.50
3594.89
3594.39
3536.12
3532.28
3556.46
3605.86
3558.69
3548.60
3569.79
3585.09
3584.40
3618.08
3587.87
3587.46
3624.50
3586.16
3620.92
3587.96
3587.38
3587.11
3617.00
3610.00
3558.83
3555.15
3604.00
3604.00
3559.06
3586.25
3589.57
3583.10
3578.34
3576.90
3555.28
3575.85
3564.68
3520.41
3476.34
3515.07
3513.95
3515.26
3512.38
3506.97
3540.12
3486.00
3503.36
3471.73
3492.11
3492.00
3464.68
3485.00
3454.48
3441.45
3425.19
3421.03
3471.50
3417.39
3417.39
3417.39
3418.79
3471.00
3413.93
3411.27
3381.39
3375.94
3364.00
3370.81
3377.82
3383.28
3392.70
3467.21
3464.00
3465.00
3468.00
3483.03
3451.70
3451.70
3482.66
3476.00
3473.00
3448.61
3447.64
3447.64
3474.50
3418.82
3439.33
3463.50
3419.81
3422.21
3394.27
3421.84
3421.92
3419.60
3444.57
3442.80
3413.95
3436.80
3370.04
3316.24
3362.89
3359.35
3210.74
3206.32
3363.61
3327.95
3326.05
3324.15
3321.90
3268.91
3360.25
3384.00
3380.50
3320.68
3339.14
3335.91
3334.91
3311.38
3328.75
3313.14
3389.80
3309.95
3285.48
3284.76
3324.80
3305.05
3342.48
3300.87
3297.38
3271.43
3267.12
3264.45
3264.45
3309.00
3309.00
3309.50
3310.50
3312.50
3313.00
3314.00
3314.50
3319.16
3334.98
3344.60
3349.84
3352.35
3353.74
3353.84
3354.64
3357.53
3341.66
3312.28
3342.21
3340.18
3376.00
3375.50
3374.50
3319.04
3315.70
3312.23
3367.00
3367.00
3366.00
3365.50
3365.50
3366.50
3368.50
3370.00
3371.50
3372.00
3372.50
3373.00
3374.50
3374.50
3373.50
3373.50
3373.00
3371.50
3370.00
3366.00
3363.41
3359.35
3356.17
3360.58
3359.35
3306.89
3305.54
3367.00
3367.50
3368.82
3367.50
3374.82
3381.37
3381.55
3376.54
3388.06
3392.27
3403.00
3414.00
3419.00
3421.00
3422.00
3422.50
3423.00
3353.52
3427.19
3427.87
3424.51
3422.00
3420.50
3417.50
3415.60
3413.56
3409.18
3406.50
3405.00
3404.00
3400.00
3400.00
3398.54
3397.50
3348.66
3389.00
3386.50
3353.98
3354.10
3353.12
3349.91
3346.60
3373.00
3372.00
3370.50
3365.35
3363.00
3360.35
3353.06
3350.41
3340.76
3306.56
3330.00
3325.00
3323.00
3295.49
3268.98
3316.55
3312.00
3309.00
3308.00
3307.00
3308.50
3310.00
3313.50
3320.00
3324.94
3328.00
3328.36
3332.62
3336.19
3341.85
3346.16
3353.00
3358.78
3362.50
2689.70
1915.71
2256.62
2783.04
3448.34
3380.37
3362.50
3362.00
3364.50
3371.16
3372.15
3376.69
3378.50
3379.50
3379.00
3379.50
3382.50
3397.08
3380.64
3385.91
3383.17
3380.27
3383.00
3352.99
3378.48
3381.85
3375.62
3355.71
3363.91
3367.71
3365.88
3364.75
3363.13
3362.61
3362.21
3358.50
3356.00
3354.43
3353.50
3354.00
3354.60
3357.00
3359.00
3366.00
3367.00
3367.50
3367.50
3369.00
3371.00
3372.50
3373.00
3373.50
3374.00
3375.00
3344.41
3378.50
3382.00
3391.00
3393.00
3393.50
3339.78
3289.86
3394.00
3392.50
3392.00
3391.00
3390.50
3389.50
3386.50
3382.50
3380.50
3381.00
3381.00
3381.50
3382.00
3382.50
3383.00
3383.50
3384.00
3384.00
3384.00
3383.50
3380.50
3377.50
3375.50
3374.00
3372.50
3372.50
3373.00
3374.50
3379.00
3380.00
3385.70
3389.87
3385.45
3383.05
3395.09
3409.09
3416.00
3419.18
3428.50
3428.50
3419.45
3414.15
3412.56
3410.00
3405.50
3404.50
3403.50
3402.00
3396.76
3389.74
3351.73
3371.00
3369.00
3366.50
3366.00
3314.18
3365.00
3327.00
3368.00
3371.50
3374.50
3379.40
3327.13
3354.68
3354.69
3391.00
3391.50
3391.50
3391.50
3391.00
3390.00
3389.50
3389.00
3388.00
3386.50
3386.50
3387.50
3387.50
3388.00
3389.00
3386.50
3384.50
3384.50
3386.50
3382.76
3382.44
3383.15
3380.28
3375.21
3364.56
3362.92
3365.22
3369.88
3373.78
3373.64
3376.17
3374.16
3376.43
3383.00
3387.51
3392.21
3403.46
3417.52
3420.93
3419.26
3423.50
3423.58
3423.98
3422.55
3419.44
3413.15
3405.43
3402.55
3406.00
3383.59
3374.40
3367.66
3329.90
3332.83
3301.18
3286.44
3328.00
3299.30
3272.71
3327.50
3300.52
3299.45
3334.00
3335.50
3339.00
3340.50
3344.16
3201.24
3295.81
3294.65
3348.67
3351.88
3361.50
3347.42
3417.65
3381.50
3367.71
3391.50
3396.48
3373.25
3400.47
3374.79
3376.53
3361.16
3360.21
3422.00
3425.50
3424.50
3424.50
3425.00
3425.00
3427.00
3427.50
3428.50
3428.00
3428.50
3428.50
3428.50
3428.50
3428.50
3428.50
3428.00
3427.50
3426.00
3424.50
3423.50
3425.50
3428.00
3433.22
3434.41
3433.62
3430.23
3436.45
3444.00
3445.47
3447.50
3451.00
3454.50
3455.00
3456.00
3455.50
3455.50
3390.61
3456.50
3388.09
3388.09
3388.09
3457.00
3457.00
3457.50
3458.00
3458.00
3459.50
3460.50
3461.50
3345.46
3346.38
3463.50
3464.00
3464.50
3464.50
3464.50
3465.00
3466.00
3466.50
3466.50
3465.63
3471.97
3469.35
3466.50
3466.00
3504.66
3514.24
3511.44
3517.44
3521.52
3524.31
3499.74
3530.53
3548.50
3550.00
3552.00
3553.00
3554.23
3554.00
3555.00
3557.00
3555.50
3555.50
3555.00
3554.00
3553.50
3551.00
3544.00
3542.50
3538.09
3535.28
3531.06
3531.77
3480.35
3487.05
3533.91
3539.19
3539.02
3425.96
3477.11
3556.89
3565.14
3569.63
3572.69
3573.50
3527.95
3524.90
3552.44
3511.07
3608.83
3503.76
3590.34
3585.00
3581.73
3581.00
3579.50
3578.00
3578.00
3575.88
3570.31
3565.84
3561.42
3561.00
3559.50
3562.00
3558.50
3558.00
3556.50
3551.53
3548.00
3547.50
3547.00
3548.00
3548.50
3549.00
3549.00
3549.00
3549.00
3499.82
3548.77
3548.00
3547.50
3546.00
3543.50
3542.50
3432.10
3486.06
3537.33
3536.71
3535.21
3535.21
3534.67
3533.55
3534.90
3527.00
3524.50
3523.50
3522.50
3522.00
3517.50
3516.00
3515.50
3514.50
3513.50
3513.33
3512.50
3463.91
3456.73
3446.77
3507.00
3506.50
3504.93
3457.89
3501.50
3501.50
3499.50
3461.59
3542.43
3494.00
3483.50
3474.00
3470.00
3468.00
3466.50
3465.00
3426.98
3456.00
3410.29
3405.75
3403.74
3397.07
3397.48
3447.50
3443.97
3441.50
3405.39
3436.50
3435.00
3431.00
3429.00
3427.50
3428.50
3427.00
3369.88
3427.00
3427.00
3427.00
3426.50
3426.50
3425.50
3425.00
3422.61
3421.22
3420.16
3420.52
3419.00
3418.59
3420.00
3420.83
3421.35
3425.00
3425.50
3425.50
3426.00
3426.00
3425.70
3422.07
3420.89
3369.17
3410.59
3401.89
3336.31
3370.75
3324.98
3345.95
3307.71
3384.00
3378.00
3366.98
3332.13
3330.45
3310.10
3348.42
3344.50
3338.00
3319.85
3302.59
3289.08
3298.60
3292.85
3295.41
3284.31
3297.43
3303.40
3308.43
3315.93
3347.85
3335.31
3336.87
3359.42
3362.50
3361.00
3357.00
3337.63
3354.50
3355.89
3355.20
3353.52
3349.50
3347.00
3346.50
3346.50
3347.00
3347.50
3348.50
3349.00
3318.39
3318.97
3337.55
3314.16
3328.22
3336.21
3316.62
3308.76
3340.26
3310.55
3281.19
3329.00
3295.81
3295.39
3295.86
3336.00
3303.76
3305.02
3304.25
3342.50
3348.30
3350.50
3352.00
3274.56
3354.00
3355.00
3355.00
3355.00
3355.00
3354.00
3286.24
3346.31
3341.50
3308.61
3307.79
3307.60
3306.78
3326.78
3306.34
3305.50
3305.18
3295.45
3324.80
3293.76
3293.76
3295.71
3292.95
3331.50
3331.50
3328.00
3296.87
3326.00
3325.46
3323.50
3323.00
3321.50
3279.75
3316.50
3278.17
3290.87
3295.19
3283.94
3328.50
3294.87
3331.50
3332.00
3294.89
3339.00
3315.93
3251.66
3302.28
3351.50
3352.00
3312.17
3311.47
3312.81
3314.02
3314.89
3346.50
3344.50
3343.50
3343.00
3348.00
3328.97
3330.45
3330.94
3354.11
3356.19
3362.49
3367.75
3352.28
3389.17
3399.65
3402.97
3405.65
3385.61
3410.50
3410.00
3385.66
3386.41
3406.50
3401.18
3378.36
3397.00
3368.49
3393.86
3357.13
3389.97
3274.38
1895.64
2245.99
2657.49
2973.87
3185.99
3442.86
3487.97
3740.46
3371.10
3337.94
3349.46
3350.09
3354.56
3315.66
3387.40
3393.00
3374.89
3373.93
3367.91
3413.50
3415.00
3415.50
3414.50
3413.50
3410.00
3406.00
3404.00
3403.00
3402.00
3400.50
3398.00
3397.00
3347.50
3347.50
3339.70
3393.50
3338.74
3392.50
3393.50
3393.00
3392.50
3390.50
3388.50
3388.00
3388.00
3387.50
3387.50
3387.50
3385.00
3334.93
3334.06
3376.00
3375.00
3374.50
3373.00
3373.00
3371.00
3370.50
3370.00
3331.37
3362.79
3364.21
3365.50
3320.52
3367.50
3368.00
3368.50
3368.50
3368.50
3365.50
3363.00
3357.00
3353.12
3351.50
3347.94
3338.18
3331.95
3327.30
3323.50
3319.00
3316.00
3313.00
3313.00
3312.50
3315.00
3316.18
3317.00
3318.00
3318.50
3320.00
3322.00
3323.50
3323.50
3323.50
3324.00
3325.00
3325.50
3294.52
3327.00
3328.00
3328.00
3328.50
3296.23
3327.50
3326.00
3324.00
3321.50
3293.45
3322.50
3289.84
3320.00
3291.37
3295.43
3295.44
3296.43
3323.50
3324.50
3326.00
3330.50
3336.50
3341.71
3341.37
3343.71
3285.21
3291.83
3287.41
3332.50
3293.45
3328.50
3326.00
3325.00
3287.61
3284.61
3322.00
3322.00
3322.00
3322.50
3323.00
3324.50
3327.50
3329.50
3330.50
3332.50
3331.50
3328.00
3325.50
3324.50
3324.50
3324.50
3323.50
3322.00
3321.50
3316.50
3311.50
3308.50
3307.00
3253.50
3302.50
3299.50
3301.03
3263.26
3263.26
3265.64
3270.52
3280.21
3287.14
3293.93
3309.64
3330.85
3334.94
3339.30
3328.41
3331.21
3354.98
3360.50
3336.66
3331.18
3331.18
3321.97
3359.50
3322.15
3308.90
3304.79
3306.90
3319.22
3322.15
3324.90
3326.21
3327.19
3364.00
3373.45
3376.50
3380.50
3385.50
3392.69
3392.90
3359.83
3395.54
3399.48
3402.59
3353.07
3353.07
3353.07
3366.28
3371.85
3409.97
3410.57
3410.50
3403.00
3398.50
3398.00
3397.50
3396.50
3394.81
3394.20
3391.53
3382.00
3379.50
3322.73
3319.08
3375.50
3331.42
3367.50
3332.32
3367.50
3328.95
3325.77
3322.33
3322.74
3320.00
3348.00
3343.00
3306.00
3306.25
3305.27
3302.79
3297.21
3328.00
3286.56
3286.14
3320.50
3316.50
3315.50
3315.50
3316.00
3261.44
3267.44
3272.90
3323.50
3325.50
3327.00
3331.00
3336.40
3353.46
3360.50
3363.59
3366.31
3366.60
3371.72
3375.98
3380.00
3384.88
3370.44
3371.23
3369.49
3372.67
3372.96
3371.63
3366.73
3367.45
3366.77
3364.37
3351.00
3349.87
3340.12
3335.76
3330.09
3373.50
3332.82
3342.07
3350.47
3316.67
3388.00
3304.26
3345.69
3391.00
3392.50
3393.00
3394.50
3394.50
3394.50
3394.00
3393.50
3393.00
3392.00
3391.50
3344.75
3389.50
3389.50
3347.73
3404.97
3410.09
3410.62
3411.16
3411.25
3410.61
3414.25
3426.14
3429.50
3430.50
3387.18
3387.18
3323.39
3502.30
3393.34
3402.15
2956.32
3352.78
3417.24
3455.47
3420.24
3416.32
3473.00
3414.91
3482.50
3483.50
3485.00
3487.00
3486.50
3486.50
3486.50
3486.50
3486.00
3450.11
3484.50
3485.00
3486.00
3487.00
3493.50
3507.06
3510.29
3515.20
3516.72
3517.64
3516.85
3517.99
3507.71
3513.93
3518.64
3561.50
3516.17
3475.30
3564.00
3565.00
3565.50
3569.65
3570.27
3569.45
3572.58
3568.40
3563.54
3561.52
3553.57
3550.05
3539.22
3534.36
3512.43
3515.27
3518.37
3481.58
3515.34
3494.98
3514.28
3513.62
3510.54
3503.65
3506.75
3507.79
3488.59
3508.50
3486.92
3505.00
3503.62
3498.14
3463.26
3422.77
3425.48
3478.00
3416.04
3477.50
3477.50
3477.50
3479.50
3479.00
3471.38
3469.50
3472.11
3477.69
3477.42
3478.35
3480.50
3480.50
3477.18
3473.00
3477.50
3481.00
3480.50
3477.00
3439.44
3439.64
3464.57
3463.00
3473.88
3425.69
3387.94
3399.91
3402.51
3406.20
3405.22
3379.62
3425.16
3421.51
3419.71
3417.51
3413.77
3380.56
3397.56
3394.50
3395.00
3395.00
3395.50
3396.00
3396.50
3398.08
3395.00
3394.50
3394.00
3396.06
3351.42
3395.50
3395.00
3394.00
3394.50
3395.28
3396.36
3396.36
3398.24
3398.56
3400.76
3401.74
3405.00
3405.00
3401.11
3394.61
3394.47
3393.18
3391.69
3388.06
3383.63
3386.27
3390.50
3369.87
3355.52
3350.00
3339.50
3333.00
3363.39
3329.00
3304.16
3337.55
3322.50
3322.00
3322.00
3322.00
3260.60
3290.61
3291.27
3317.00
3316.50
3316.00
3314.50
3312.50
3310.00
3309.24
3308.00
3308.00
3310.50
3312.50
3315.00
3315.50
3320.00
3322.00
3322.50
3322.00
3322.00
3322.00
3322.00
3322.00
3322.50
3322.50
3277.88
3321.00
3321.50
3322.50
3324.00
3289.43
3289.43
3289.43
3325.00
3326.00
3326.50
3326.50
3327.00
3326.50
3326.50
3326.00
3325.00
3324.50
3325.50
3327.00
3327.50
3328.00
3328.50
3329.94
3329.50
3330.50
3334.90
3334.33
3333.50
3332.08
3329.26
3328.12
3329.34
3324.71
3322.50
3322.00
3313.00
3311.00
3311.00
3310.50
3310.50
3309.00
3308.50
3308.50
3308.50
3310.50
3312.00
3313.00
3313.50
3314.50
3315.50
3316.50
3326.15
3330.22
3338.89
3350.93
3355.77
3344.41
3354.79
3359.67
3339.67
3369.63
3381.00
3354.16
3323.63
3323.53
3359.38
3362.63
3400.00
3402.00
3404.00
3411.00
3411.88
3412.50
3412.00
3407.00
3401.50
3398.87
3392.00
3354.16
3388.00
3367.72
3381.68
3347.42
3377.00
3309.57
3328.18
3348.50
3347.50
3343.63
3338.00
3300.72
3335.00
3333.00
3332.50
3261.95
3250.60
3330.00
3331.00
3266.45
3344.67
3333.00
3335.50
3338.50
3338.50
3336.50
3335.50
3363.81
3335.00
3334.50
3335.00
3334.50
3343.23
3344.64
3365.25
3359.40
2615.81
2305.99
2705.69
2832.92
3139.34
3282.72
3380.48
3523.38
3344.00
3315.49
3373.00
3339.69
3370.00
3366.50
3366.50
3366.50
3363.50
3362.00
3361.50
3361.50
3360.46
3356.34
3347.43
3344.00
3343.37
3342.85
3342.85
3341.70
3340.11
3339.61
3334.41
3329.92
3324.50
3323.50
3322.50
3321.50
3321.00
3320.50
3319.50
3319.00
3318.50
3318.50
3318.50
3317.00
3316.50
3315.50
3314.00
3312.50
3311.00
3310.00
3308.00
3303.50
3300.50
3297.50
3292.00
3288.28
3286.97
3285.74
3285.65
3283.50
3282.00
3281.50
3281.50
3282.50
3286.00
3288.00
3220.90
3292.00
3294.50
3295.50
3250.52
3299.50
3301.00
3302.50
3304.00
3304.50
3305.00
3305.00
3306.00
3306.00
3306.00
3305.50
3303.00
3302.70
3302.50
3301.50
3301.00
3301.50
3297.14
3298.88
3298.00
3298.88
3294.77
3296.29
3299.08
3302.00
3302.89
3304.00
3304.50
3305.00
3305.00
3305.00
3305.00
3304.50
3305.00
3304.00
3304.00
3303.00
3300.50
3300.00
3298.50
3297.50
3298.50
3301.00
3302.50
3304.50
3306.00
3306.50
3307.00
3307.00
3307.50
3308.00
3310.50
3314.00
3315.23
3319.00
3323.00
3323.00
3325.00
3325.50
3326.50
3326.00
3323.97
3323.00
3322.50
3321.50
3320.00
3367.80
3312.48
3309.00
3305.28
3299.21
3295.00
3299.70
3297.50
3298.35
3300.87
3302.16
3303.60
3304.07
3304.64
3305.78
3305.49
3304.08
3301.96
3301.64
3301.06
3299.64
3298.91
3298.39
3297.45
3293.50
3287.50
3288.50
3291.00
3293.50
3294.50
3295.50
3297.00
3300.50
3301.50
3304.00
3306.00
3307.74
3312.50
3314.66
3320.86
3322.00
3322.50
3326.00
3330.50
3331.05
3254.84
3327.50
3325.00
3326.00
3326.00
3324.50
3325.00
3325.00
3325.00
3325.98
3331.00
3331.50
3335.00
3337.50
3317.00
3318.35
3350.50
3353.50
3357.00
3359.00
3359.50
3360.00
3358.90
3355.49
3350.00
3346.00
3345.93
3343.00
3342.50
3343.36
3340.32
3338.53
3305.95
3338.50
3340.32
3340.45
3340.70
3339.61
3338.56
3282.54
3337.00
3337.00
3285.22
3335.00
3284.68
3336.50
3247.26
3333.90
3280.74
3335.08
3323.43
3326.00
3340.90
3342.01
3315.01
3327.40
3345.14
3311.80
3368.50
3371.00
3372.50
3344.32
3346.40
3350.34
3359.83
3385.32
3365.59
3335.52
3369.52
3371.52
3367.97
3385.63
3391.42
3433.50
3405.84
3413.37
3442.50
3417.11
3418.09
3419.07
3427.62
3418.87
3410.45
3410.27
3360.03
3411.23
3431.60
3446.58
3451.00
3480.96
3485.49
3463.91
3489.43
3494.75
3499.89
3503.07
3512.72
3478.53
3444.45
3478.44
3477.14
3477.20
3479.00
3476.32
3523.35
3520.69
3518.84
3521.90
3520.97
3520.45
3517.48
3515.48
3508.50
3507.50
3429.55
3414.29
3332.39
3427.52
3484.19
3513.32
3528.22
3489.79
3492.78
3491.40
3525.17
3525.91
3489.20
3471.74
3471.32
3514.43
3446.46
3513.00
3514.00
3514.50
3515.50
3455.35
3516.50
3517.00
3460.64
3464.40
3463.60
3513.75
3509.50
3506.08
3506.43
3461.69
3505.56
3503.50
3502.00
3500.50
3499.50
3453.94
3497.47
3494.03
3496.50
3492.44
3448.90
3472.86
3440.39
3423.80
3412.12
3400.71
3396.16
3348.56
3396.00
3397.91
3396.97
3395.94
3396.97
1939.00
3395.13
3401.34
3418.11
3396.62
3396.55
3394.65
3391.46
3386.98
3381.97
3363.40
3349.83
3375.20
3332.76
3334.46
3341.59
3379.50
3355.15
3387.23
3356.36
3355.81
3354.85
3358.81
3352.60
3352.69
3349.55
3365.52
3367.74
3348.16
3343.12
3340.06
3333.85
3343.30
3334.13
3330.50
3329.50
3326.73
3324.04
3320.46
3319.46
3319.82
3292.26
3286.50
3285.35
3290.43
3291.12
3323.50
3322.00
3292.27
3316.91
3294.32
3325.00
3296.36
3333.47
3336.64
3339.83
3398.12
3342.85
3291.00
3305.94
3349.50
3351.15
3352.90
3351.14
3314.95
3347.27
3345.81
3320.08
3341.00
3345.91
3337.93
3330.12
3276.02
3263.43
3230.24
3248.04
3245.97
3244.91
3245.96
3233.03
3227.55
3108.12
3211.76
3252.95
3268.41
3271.40
3273.11
3280.51
3302.34
3306.30
3325.86
3293.85
3314.47
3316.65
3316.89
3315.10
3275.53
3310.75
3312.51
3311.22
3308.50
3299.21
3301.12
3295.08
3291.47
3271.12
3302.35
3300.00
3226.53
3257.16
3281.50
3275.50
3269.50
3230.58
3222.60
3217.07
3215.86
3215.86
3216.87
3217.85
3219.18
3220.15
3190.93
3255.00
3227.81
3260.50
3226.63
3226.97
3227.94
3268.29
3272.00
3271.82
3272.82
3271.81
3267.73
3269.50
3267.07
3265.50
3266.00
3270.71
3271.18
3272.75
3272.98
3273.33
3278.04
3272.49
3278.49
3281.83
3290.93
3300.00
3242.26
3238.52
3304.50
3305.50
3306.00
3306.50
3306.50
3304.50
3303.50
3302.15
3297.77
3293.50
3293.50
3288.68
3285.50
3284.00
3279.43
3276.50
3248.15
3275.00
3274.00
3274.50
3275.50
3249.20
3249.12
3280.50
3282.50
3284.50
3249.58
3286.50
3287.00
3259.30
3292.50
3271.85
3252.57
3304.98
3313.29
3315.60
3315.71
3313.00
3311.95
3313.11
3312.32
3311.24
3313.00
3286.59
3276.40
3300.90
3297.00
3297.00
3298.50
3301.40
3300.00
3301.00
3304.37
3305.50
3306.50
3308.50
3310.50
3312.00
3312.50
3312.50
3311.50
3310.50
3307.50
3305.00
3297.24
3288.67
3287.72
3281.33
3272.73
3272.04
3269.74
3240.22
3256.69
3248.25
3244.00
3237.00
3234.00
3229.50
3223.00
3222.00
3220.50
3216.50
3214.50
3213.34
3214.19
3210.75
3211.00
3210.50
3211.50
3210.50
3211.00
3200.13
3204.19
3198.06
2573.58
2037.01
2260.80
2716.48
3408.86
3257.67
3259.95
3259.95
3261.00
3260.50
3260.50
3260.50
3261.00
3261.50
3230.50
3230.22
3263.00
3263.50
3264.00
3265.00
3266.50
3266.50
3266.50
3266.50
3266.00
3265.50
3265.00
3224.33
3264.00
3221.74
3264.50
3222.71
3223.68
3268.90
3270.48
3274.62
3278.95
3281.65
3280.92
3281.29
3290.71
3291.51
3279.60
3281.24
3269.91
3270.81
3276.29
3267.08
3265.69
3260.98
3256.00
3227.37
3206.33
3233.00
3196.08
3231.50
3195.23
3233.00
3236.17
3157.06
3189.96
3244.50
3250.00
3221.77
3225.34
3227.81
3228.79
3228.55
3227.59
3263.00
3264.50
3268.50
3205.35
3205.35
3202.32
3202.32
3209.95
3273.50
3274.00
3275.80
3282.64
3243.97
3234.73
3256.24
3263.09
3262.91
3258.57
3260.07
3291.13
3291.05
3285.50
3284.85
3283.06
3200.21
3274.52
3222.46
3191.83
3265.00
3264.50
3264.00
3264.00
3222.59
3262.50
3262.00
3260.50
3215.97
3213.97
3260.00
3257.79
3257.00
3258.50
3257.00
3257.00
3257.00
3257.50
3230.67
3231.65
3237.93
3264.65
3262.02
3276.49
3275.55
3270.17
3273.73
3276.88
3294.02
3296.07
3302.50
3303.00
3263.22
3291.41
3319.33
3284.63
3285.12
3284.46
3283.34
3284.75
3286.50
3288.92
3288.35
3289.27
3260.95
3255.61
3253.67
3299.00
3299.50
3299.50
3300.00
3300.50
3301.00
3301.00
3301.50
3302.00
3302.50
3303.00
3305.00
3306.00
3306.50
3306.50
3306.00
3305.50
3305.50
3305.50
3305.00
3304.50
3304.50
3304.00
3303.50
3303.00
3302.00
3302.00
3302.00
3302.50
3302.00
3302.50
3303.00
3303.50
3303.50
3303.50
3304.00
3304.00
3303.00
3303.00
3302.50
3301.50
3301.50
3297.75
3299.50
3294.00
3289.89
3288.52
3289.18
3286.84
3279.50
3211.29
3271.00
3268.00
3265.50
3258.00
3255.19
3251.50
3238.57
3236.06
3195.60
3264.32
3227.69
3225.42
3192.65
3191.67
3225.40
3233.94
3235.00
3218.43
3250.88
3253.21
3259.77
3263.22
3247.64
3235.63
3276.00
3282.00
3284.50
3289.95
3294.50
3295.89
3290.30
3288.21
3287.43
3285.10
3284.50
3283.90
3279.00
3276.96
3276.00
3276.74
3280.67
3276.02
3275.64
3320.89
3332.73
3351.84
3238.34
3339.51
3310.04
3332.28
3389.93
3395.87
3408.17
3416.92
3423.50
3429.98
3428.50
3431.00
3434.50
3435.50
3436.00
3435.00
3434.50
3434.00
3432.92
3432.92
3431.50
3430.50
3428.50
3428.00
3428.00
3427.50
3428.50
3434.00
3434.50
3434.00
3434.50
3434.50
3435.50
3436.00
3436.00
3439.00
3440.00
3441.50
3442.00
3442.50
3443.00
3443.00
3450.81
3454.05
3462.70
3469.24
3471.79
3519.47
3473.50
3525.97
3534.55
3478.00
3479.00
3481.00
3484.00
3487.50
3488.50
3489.00
3489.50
3490.00
3490.50
3494.68
3498.00
3498.50
3500.50
3464.90
3502.50
3502.00
3502.50
3503.50
3504.00
3456.06
3507.93
3510.50
3429.68
3512.50
3513.00
3513.00
3515.77
3515.61
3515.61
3512.90
3513.86
3512.75
3531.54
3513.10
3518.86
3513.53
3511.33
3511.00
3519.44
3510.86
3508.00
3508.50
3445.72
3382.44
3507.50
3508.50
3508.50
3508.50
3509.00
3510.67
3513.03
3510.82
3520.11
3525.39
3529.18
3529.50
3528.94
3526.00
3523.50
3522.00
3520.50
3520.00
3477.92
3472.94
3516.50
3516.00
3517.00
3518.00
3520.50
3521.50
3523.50
3524.00
3523.50
3519.00
3518.50
3513.00
3510.98
3508.00
3506.42
3502.41
3498.89
3501.48
3490.50
3428.60
3486.00
3486.50
3487.52
3488.04
3487.50
3488.00
3488.02
3487.00
3487.50
3482.31
3472.51
3472.94
3465.44
3461.94
3452.42
3015.00
2916.92
2995.06
3068.48
3406.12
3406.50
3462.38
3402.00
3401.50
3351.07
3307.58
3402.50
3401.50
3399.42
3398.00
3396.00
3394.50
3393.50
3393.50
3391.50
3387.50
3385.00
3384.00
3384.50
3385.50
3386.00
3385.50
3385.00
3259.22
3387.00
3387.50
3388.00
3388.50
3389.00
3389.50
3390.00
3389.50
3387.50
3386.00
3385.00
3384.00
3383.50
3383.50
3382.00
3379.50
3379.00
3379.00
3379.50
3380.50
3380.50
3333.03
3377.38
3368.32
3361.21
3357.60
3355.54
3354.17
3350.67
3338.08
3335.00
3334.00
3333.50
3334.00
3335.00
3340.00
3343.00
3344.00
3339.76
3342.00
3339.50
3328.92
3325.50
3323.50
3325.50
3321.50
3318.88
3315.50
3309.70
3206.03
3252.52
3206.48
3300.00
3300.00
3301.00
3301.00
3301.50
3302.00
3303.50
3305.00
3314.50
3316.00
3318.00
3297.87
3328.19
3279.54
3339.00
3297.85
3299.23
3281.82
3361.00
3322.55
3361.50
3366.00
3369.00
3369.50
3370.00
3369.50
3370.00
3369.50
3368.50
3369.00
3369.00
3366.50
3365.50
3364.00
3328.35
3364.00
3362.50
3356.83
3347.40
3334.88
3330.50
3327.73
3302.12
3298.89
3316.68
3315.50
3310.50
3308.50
3247.91
3241.29
3200.27
3305.00
3396.89
3253.25
3250.96
3301.00
3301.00
3246.92
3303.00
3305.50
3309.00
3316.22
3318.00
3319.00
3319.22
3322.85
3327.04
3239.63
3336.75
3206.68
3347.00
3221.09
3350.89
3350.50
3351.50
3353.00
3353.50
3354.00
3354.50
3356.50
3359.00
3359.50
3361.00
3361.00
3362.00
3364.00
3364.50
3364.50
3364.00
3363.00
3361.50
3361.50
3362.00
3361.50
3361.50
3361.00
3354.50
3353.50
3354.50
3355.00
3355.50
3355.50
3353.50
3352.00
3352.50
3339.89
3336.52
3339.33
3340.95
3331.67
3317.38
3298.72
3282.00
3274.50
3248.88
3271.00
3268.83
3272.68
3227.72
3250.53
3213.97
3260.43
3277.64
3252.35
3237.37
3005.60
2503.38
3038.21
3284.12
3483.27
3437.63
3245.55
3365.17
3273.63
3383.54
3324.00
3382.75
3269.15
3306.74
3340.00
3306.90
3344.50
3348.50
3296.65
3352.00
3352.50
3247.78
3348.00
3346.00
3301.65
3340.00
3338.00
3335.00
3283.18
3331.50
3327.50
3323.47
3317.50
3317.00
3318.69
3282.19
3279.93
3274.24
3274.76
3296.00
3256.98
3255.14
3214.08
3243.48
3283.92
3273.41
3272.25
3283.31
3304.79
3287.92
3308.00
3309.44
3311.77
3317.67
3327.28
3330.58
3335.00
3336.00
3336.50
3336.00
3328.32
3297.24
3297.33
3296.71
3296.26
3295.11
3303.01
3270.09
3289.61
3304.59
3212.50
3212.50
3297.38
3257.88
3299.50
3301.50
3221.26
3304.86
3259.31
3307.50
3308.00
3253.68
3308.50
3309.00
3246.64
3309.00
3309.00
3309.00
3310.00
3315.50
3319.00
3322.00
3321.50
3325.00
3325.50
3326.50
3327.00
3328.00
3330.00
3276.75
3218.12
3223.20
3286.04
3282.35
3289.21
3291.30
3255.00
3348.50
3352.57
3355.50
3360.50
3360.50
3360.00
3359.50
3359.50
3359.50
3358.50
3359.00
3357.00
3354.50
3302.04
3356.50
3362.07
3365.40
3366.43
3369.24
3344.43
3370.73
3373.55
3375.00
3378.50
3389.00
3389.00
3389.00
3389.00
3388.68
3387.00
3322.52
3314.62
3377.00
3326.19
3333.64
3333.33
3355.67
3354.63
3353.88
3323.42
3329.18
3327.43
3320.63
3243.94
3277.38
3276.42
3276.46
3329.50
3329.00
3328.50
3261.29
3264.77
3329.00
3331.50
3332.50
3335.50
3343.00
3346.00
3350.50
3352.00
3354.50
3357.00
3362.50
3366.00
3368.50
3331.79
3332.61
3366.00
3364.50
3362.50
3360.00
3359.50
3359.50
3359.50
3359.50
3317.36
3330.33
3342.32
3344.28
3346.31
3348.20
3356.22
3365.84
3347.44
3348.38
3347.12
3371.13
3369.28
3368.82
3368.82
3367.85
3367.85
3404.50
3368.10
3400.50
3396.00
3393.50
3390.50
3387.50
3384.50
3378.00
3374.00
3371.00
3335.21
3333.59
3370.00
3378.00
3385.00
3387.50
3390.00
3391.00
3390.99
3373.35
3375.07
3401.35
3411.67
3417.50
3416.50
3317.90
3358.15
3300.88
3414.00
3414.00
3352.46
3350.26
3351.22
3416.00
3352.17
3352.17
3416.50
3416.00
3415.50
3409.50
3369.79
3407.00
3407.00
3407.00
3407.00
3407.00
3406.00
3405.50
3360.09
3361.97
3407.31
3407.50
3407.50
3408.50
3408.50
3408.50
3408.50
3409.00
3410.50
3411.00
3412.00
3412.00
3418.00
3423.00
3428.00
3430.50
3427.00
3428.03
3429.23
3433.05
3436.50
3455.36
3440.59
3474.50
3450.58
3356.73
3270.17
3534.14
3507.63
3509.01
3515.69
3519.49
3522.50
3524.73
3527.08
3534.60
3536.50
3478.22
3430.83
3490.94
3545.00
3549.46
3555.60
3529.59
3537.87
3567.00
3567.50
3513.66
3541.84
3542.80
3575.50
3582.50
3582.00
3315.86
3420.50
3488.42
3576.88
3575.50
3510.72
3511.04
3516.50
3541.39
3544.23
3551.86
3554.00
3558.41
3570.75
3601.72
3581.07
3583.47
3591.17
3565.83
3593.37
3592.79
3593.20
3585.34
3589.59
3636.50
3637.00
3585.00
3636.50
3581.68
3581.68
3637.50
3638.50
3639.50
3577.41
3575.46
3584.66
3601.27
3649.50
3652.50
3656.00
3666.80
3669.50
3670.50
3643.07
3674.50
3677.50
3680.28
3685.45
3686.50
3829.48
3691.00
3692.00
3626.52
3689.19
3688.91
3687.00
3685.50
3681.22
3684.08
3668.00
3632.49
3632.60
3630.94
3630.69
3666.95
3667.11
3670.00
3669.50
3670.50
3672.40
3674.50
3676.00
3678.50
3680.00
3680.00
3680.00
3679.00
3676.50
3672.00
3669.50
3668.50
3665.00
3658.81
3658.79
3657.50
3654.66
3651.49
3608.43
3637.35
3576.13
3628.19
3622.00
3621.00
3617.00
3614.00
3612.00
3610.00
3607.00
3605.00
3603.00
3599.00
3592.69
3587.00
3583.00
3581.36
3579.50
3577.00
3572.50
3570.00
3568.50
3568.00
3567.50
3567.50
3568.50
3569.50
3570.00
3571.00
3523.30
3583.00
3583.50
3586.50
3587.50
3583.71
3578.43
3577.05
3576.53
3576.60
3489.62
3583.32
3582.18
3520.08
3638.06
3494.07
3448.41
3528.69
3526.30
3524.02
3523.25
3516.37
3508.26
3495.91
3490.32
3486.00
3481.00
3424.38
3416.81
3475.50
3469.19
3461.72
3463.03
3455.91
3455.40
3455.50
3455.00
3452.88
3413.77
3357.97
3441.50
3440.50
3385.36
3437.00
3434.50
3432.00
3426.00
3420.73
3416.00
3350.65
3347.82
3412.00
3411.50
3411.00
3414.62
3383.32
3322.53
3360.70
3364.35
3363.24
3366.11
3340.54
3382.36
3385.84
3377.25
3352.33
3378.00
3377.50
3374.50
3373.00
3372.50
3372.00
3371.00
3369.00
3366.50
3362.50
3353.00
3346.00
3345.50
3345.70
3353.44
3393.81
3327.09
3356.70
3356.66
3359.20
3366.00
3367.00
3369.29
3370.74
3372.00
3370.50
3367.00
3361.90
3351.70
3344.08
3330.23
3324.69
3320.64
3318.22
3316.64
3313.08
3304.89
3296.50
3269.82
3246.00
3239.97
3279.50
3278.00
3277.00
3276.00
3275.00
3274.50
3273.50
3273.50
3274.00
3274.50
3274.50
3275.50
3275.50
3280.50
3242.48
3224.65
3262.68
3245.84
3263.01
3243.08
3262.24
3263.00
3262.25
3255.41
3234.50
3235.00
3235.00
3235.50
3127.67
3236.00
3235.50
3235.50
3137.08
3137.08
3137.08
3137.08
3235.00
3235.00
3235.00
3235.00
3035.23
3036.00
3235.00
3235.00
3235.00
3235.00
3235.50
3235.50
3235.00
3235.00
3235.00
3235.00
3235.00
3235.00
3235.00
3235.00
3235.00
3236.00
3238.00
3238.00
3238.00
3238.50
3238.50
3239.00
3239.00
3239.00
3239.00
3238.50
3190.22
3204.97
3168.95
3239.39
3071.86
2323.42
2691.10
3065.89
3080.47
3165.27
3256.13
3215.81
3258.50
3256.50
3213.75
3254.00
3254.00
3254.50
3217.77
3218.33
3255.00
3255.00
3253.00
3251.35
3251.18
3250.89
3249.50
3249.00
3248.50
3242.50
3240.50
3240.00
3240.00
3240.50
3240.86
3241.00
3241.00
3240.50
3192.15
3239.50
3238.50
3237.59
3236.00
3233.00
3229.50
3226.23
3224.50
3224.42
3226.32
3231.25
3166.22
3216.98
3250.00
3226.66
3252.50
3227.64
3253.00
3254.00
3230.58
3227.85
3227.49
3227.85
3226.88
3259.50
3227.20
3259.50
3237.80
3265.50
3265.65
3267.00
3268.00
3268.50
3269.50
3245.30
3265.88
3308.22
3262.72
3231.86
3254.14
3228.22
3228.69
3227.75
3254.40
3255.20
3255.50
3219.39
3217.54
3211.94
3213.75
3212.90
3256.50
3259.50
3219.68
3264.00
3269.69
3238.73
3273.91
3270.47
3227.33
3245.57
3216.73
3199.61
3227.24
3244.25
3244.80
3241.06
3229.94
3239.45
3234.30
3238.31
3213.54
3212.47
3206.19
3184.23
3165.53
3163.43
3286.19
3154.62
3154.62
3161.36
3162.07
3165.53
3166.71
3164.34
3168.92
3169.97
3168.46
3170.51
3168.38
3200.62
3170.88
3169.70
3167.95
3182.00
3180.42
3153.38
3144.77
3160.59
3137.88
3070.51
3131.02
3132.63
3139.47
3166.24
3167.63
3171.41
3157.96
3160.39
3163.16
3183.81
3191.50
3168.40
3164.74
3162.67
3205.00
3204.00
3203.50
3203.50
3205.90
3185.11
3217.80
3210.50
3201.24
3200.78
3229.50
3232.86
3239.22
3211.43
3245.00
3244.42
3174.22
3209.55
3207.64
3207.16
3205.11
3193.39
3237.00
3177.82
3173.52
3170.95
3174.52
3175.48
3238.00
3182.78
3189.81
3143.37
3192.15
3192.15
3192.15
3196.91
3199.11
3196.84
3201.17
3199.33
3245.28
3245.36
3246.06
3184.89
3152.22
3166.16
3228.62
3228.62
3258.00
3225.54
3222.58
3176.83
3220.67
3260.00
3253.00
3251.00
3251.00
3250.00
3246.76
3239.19
3218.62
3217.85
3211.37
3229.08
3165.09
3192.85
3187.76
3191.37
3186.45
3187.75
3229.29
3231.88
3233.21
3230.74
3227.63
3228.50
3228.93
3230.71
3239.02
3244.08
3250.00
3249.50
3248.50
3250.00
3249.00
3255.00
3255.54
3254.97
3255.10
3258.50
3259.00
3257.17
3257.19
3257.50
3252.50
3244.50
3242.50
3242.00
3240.00
3238.39
3236.94
3233.88
3222.64
3217.72
3177.56
3156.79
3096.71
3255.59
3165.71
3164.90
3152.78
3151.13
3146.86
3205.94
3145.32
3143.73
3142.06
3138.50
3131.15
3179.00
3179.50
3180.50
3181.00
3183.00
3187.50
3190.00
3191.00
3192.50
3196.00
3196.50
3198.00
3198.50
3198.50
3198.50
3199.00
3199.50
3199.50
3199.50
3200.00
3200.50
3200.00
3200.50
3202.07
3203.50
3203.50
3205.00
3205.00
3205.50
3207.50
3207.50
3207.50
3207.40
3210.34
3174.25
3226.35
3223.98
3230.34
3231.31
3237.24
3243.50
3246.16
3139.00
3250.50
3252.50
3254.50
3257.50
3258.00
3225.24
3258.00
3259.50
3238.50
3270.00
3280.95
3208.09
3235.74
3200.30
3313.94
3252.62
3299.05
3242.29
3239.96
3292.25
3267.15
3318.50
3297.11
3317.50
3317.97
3315.14
3311.00
3310.48
3316.50
3320.87
3313.94
3309.61
3329.00
3333.50
3337.00
3338.50
3339.50
3340.00
3338.79
3337.34
3332.80
3325.83
3323.89
3326.01
3308.95
3295.38
3322.84
3319.71
3328.44
3347.25
3370.90
3400.30
3414.81
3413.14
3412.50
3422.77
3425.99
3428.37
3436.00
3441.00
3447.50
3448.00
3405.20
3448.50
3448.00
3447.50
3447.00
3445.50
3443.00
3440.00
3437.32
3434.68
3429.72
3427.00
3426.50
3426.50
3430.00
3431.00
3430.00
3430.00
3431.00
3403.51
3433.00
3433.50
3434.00
3434.00
3434.50
3434.50
3435.00
3437.50
3438.00
3437.50
3437.50
3441.65
3443.30
3450.08
3455.00
3456.68
3457.38
3456.50
3456.50
3456.15
3455.20
3455.29
3455.00
3454.50
3451.04
3448.92
3447.00
3447.00
3444.00
3442.50
3441.00
3438.50
3433.00
3435.38
3432.82
3425.34
3417.04
3412.34
3405.58
3400.00
3394.00
3390.00
3382.77
3373.50
3372.19
3370.00
3370.40
3371.42
3372.00
3378.48
3381.90
3364.65
3384.10
3387.97
3390.00
3399.00
3403.50
3404.50
3404.59
3404.24
3402.06
3401.93
3401.82
3400.78
3398.85
3399.00
3399.00
3398.31
3399.50
3400.50
3402.00
3403.00
3403.05
3402.03
3399.71
3391.54
3379.18
3375.50
3374.50
3374.00
3373.00
3371.50
3371.00
3369.50
3364.00
3361.44
3355.44
3354.24
3351.54
3341.98
3338.44
3337.00
3330.50
3328.50
3323.50
3322.00
3320.50
3317.50
3317.50
3318.00
3318.00
3317.00
3317.00
3314.00
3310.00
3303.83
3299.58
3297.62
3295.43
3294.78
3268.49
3236.06
3258.98
3269.16
3297.26
3222.29
3214.87
3254.97
3218.10
3250.00
3248.00
3241.81
3237.68
3220.00
3221.07
3209.88
3204.80
3195.58
3195.60
3193.50
3193.50
3194.50
3194.00
3194.00
3194.50
3195.50
3196.50
3197.50
3198.50
3198.50
3199.50
3199.50
3199.50
3199.50
3200.00
3200.00
3200.00
3199.50
3198.00
3197.50
3196.50
3195.50
3194.68
3192.50
3191.50
3182.77
3181.17
3162.30
3153.91
3173.00
3172.00
3158.19
3145.04
3141.93
3135.59
3135.50
3195.22
3136.50
3137.50
3139.00
3140.50
3126.75
3161.88
3164.50
3169.50
3171.00
3174.00
3174.50
3175.77
3175.50
3174.50
3208.12
3163.00
3160.00
3159.50
3158.50
3156.32
3148.37
3137.00
3130.07
3129.72
3123.60
3086.76
3120.50
3120.00
3124.05
3108.08
3128.57
3132.74
3137.51
3136.85
3142.80
3149.00
3153.93
3121.14
2303.25
2223.29
2616.10
2985.53
3167.08
3174.48
3229.45
3176.74
3178.03
3184.24
3187.00
3189.00
3190.00
3192.50
3194.00
3195.00
3194.00
3193.00
3194.00
3192.50
3190.50
3185.00
3184.50
3183.50
3184.00
3183.50
3184.00
3184.00
3184.50
3181.85
3181.35
3180.50
3180.00
3179.50
3179.00
3178.50
3178.50
3179.50
3180.50
3182.50
3182.00
3182.72
3183.82
3184.72
3194.10
3198.21
3194.50
3220.49
3223.13
3227.02
3228.17
3230.16
3201.44
3233.18
3233.18
3201.00
3225.75
3221.95
3198.74
3219.72
3218.02
3216.28
3211.40
3255.73
3261.30
3215.51
3216.73
3221.37
3227.73
3231.43
3235.00
3235.50
3235.50
3235.00
3235.00
3234.50
3234.00
3233.50
3233.50
3232.00
3231.00
3225.05
3225.72
3207.08
3198.52
3198.21
3210.00
3229.50
3190.42
3164.18
3177.00
3170.50
3166.60
3156.00
3050.00
3154.00
3153.00
3152.50
3154.50
3158.00
3163.50
3168.00
3171.50
3178.00
3180.00
3181.00
3181.00
3179.83
3180.24
3181.24
3181.14
3181.00
3179.50
3174.50
3172.50
3167.50
3167.00
3166.00
3166.00
3166.50
3167.50
3168.00
3168.50
3169.50
3170.50
3174.00
3178.50
3181.50
3183.00
3188.00
3192.00
3193.02
3195.00
3196.50
3199.50
3200.50
3201.00
3201.50
3202.00
3201.50
3201.00
3200.50
3199.50
3198.00
3193.50
3189.00
3185.50
3184.50
3183.50
3183.50
3183.00
3183.00
3183.00
3183.50
3188.00
3190.50
3191.50
3194.00
3195.00
3201.50
3201.50
3199.50
3197.00
3196.00
3195.50
3193.50
3191.50
3188.00
3184.00
3176.00
3174.00
3173.00
3171.50
3171.50
3171.50
3172.00
3171.50
3170.00
3166.50
3166.00
3165.00
3164.50
3164.00
3164.50
3166.52
3168.00
3169.50
3169.00
3169.50
3171.00
3171.73
3172.00
3174.50
3177.50
3180.50
3181.00
3182.50
3183.00
3182.50
3181.50
3180.50
3178.00
3178.50
3178.50
3178.00
3178.00
3178.00
3178.00
3181.52
3188.45
3189.01
3189.00
3194.50
3205.64
3199.50
3213.82
3210.64
3208.50
3209.24
3202.12
3196.50
3197.00
3197.58
3194.08
3193.87
3192.70
3191.00
3191.50
3191.50
3185.56
3190.19
3184.43
3183.86
3191.50
3191.43
3196.50
3196.50
3195.50
3194.00
3193.00
3191.00
3190.00
3186.50
3185.00
3183.50
3179.50
3177.17
3135.29
3171.10
3171.95
3175.65
3177.61
3180.96
3185.55
3186.47
3201.74
3204.40
3210.52
3213.01
3215.20
3219.10
3221.45
3231.69
3200.32
3244.50
3246.00
3241.27
3238.50
3233.32
3232.03
3221.83
3216.93
3214.44
3212.71
3208.08
3205.38
3196.81
3188.00
3180.77
3175.26
3172.25
3168.94
3167.91
3167.75
3166.90
3167.42
3167.11
3115.17
3149.72
3151.80
3153.05
3157.71
3161.94
3162.88
3140.26
3192.11
3199.09
2681.94
2692.45
3022.35
3198.59
3200.13
3198.55
3193.30
3204.40
3209.39
3216.81
3223.04
3222.05
3222.14
3226.16
3228.12
3239.06
3248.50
3249.00
3251.00
3250.50
3247.50
3245.50
3243.50
3241.00
3242.50
3246.00
3247.50
3248.00
3248.00
3214.18
3248.74
3249.75
3252.23
3253.50
3266.62
3280.38
3262.74
3289.46
3271.55
3298.27
3305.00
3309.50
3311.50
3315.00
3315.50
3317.50
3317.97
3323.00
3323.50
3320.50
3318.00
3316.50
3315.00
3314.00
3314.50
3314.50
3314.00
3311.00
3302.50
3301.50
3302.00
3302.00
3303.00
3303.00
3396.38
3300.50
3300.00
3298.00
3298.00
3298.00
3297.50
3256.94
3295.71
3295.17
3296.59
3301.00
3302.00
3302.50
3305.00
3309.14
3317.43
3314.50
3335.57
3355.97
3374.84
3350.16
3395.50
3382.93
3385.57
3411.11
3415.90
3422.18
3428.50
3432.50
3435.50
3438.00
3442.00
3444.50
3446.50
3446.00
3447.00
3447.00
3448.81
3447.50
3447.50
3448.71
3448.50
3443.50
3442.00
3401.03
3439.00
3436.50
3392.36
3433.00
3432.00
3430.50
3426.00
3425.50
3425.00
3425.00
3424.50
3421.50
3421.50
3420.00
3421.00
3423.00
3424.00
3423.50
3425.00
3425.50
3425.50
3427.00
3431.50
3432.50
3432.00
3431.00
3426.00
3425.50
3423.00
3423.00
3423.00
3423.00
3422.00
3416.50
3414.47
3413.86
3415.00
3415.50
3416.00
3416.00
3417.00
3416.50
3416.50
3416.00
3415.50
3415.00
3414.00
3410.81
3403.34
3396.02
3388.16
3384.53
3384.64
3382.70
3376.33
3377.00
3348.33
3337.83
3358.03
3353.50
3352.00
3347.50
3347.38
3346.50
3346.59
3343.00
3343.32
3343.50
3350.64
3353.51
3352.50
3354.87
3356.85
3357.98
3359.80
3361.50
3361.00
3360.50
3360.00
3358.50
3359.00
3358.00
3356.50
3354.50
3347.50
3346.00
3342.43
3336.62
3331.54
3329.64
3328.24
3325.00
3324.50
3323.50
3322.57
3319.00
3316.00
3311.50
3308.50
3307.50
3307.00
3306.50
3307.00
3304.50
3301.39
3296.00
3289.50
3286.33
3285.27
3283.62
3285.14
3287.83
3283.54
3283.00
3283.43
3283.43
3283.31
3283.66
3284.50
3284.50
3284.50
3283.50
3276.91
3276.26
3273.91
3277.06
3281.42
3267.73
3275.47
3230.28
3224.24
3218.44
3199.39
3191.50
3187.65
3185.70
3182.14
3177.57
3172.59
3169.24
3168.66
3171.63
3175.62
3177.50
3184.00
3184.00
3185.50
3187.00
3192.26
3195.50
3197.50
3197.50
3199.00
3199.00
3198.50
3151.44
3195.50
3193.50
3193.00
3191.50
3190.50
3190.50
3190.50
3192.00
3193.00
3194.00
3194.50
3195.00
3196.00
3198.50
3199.50
3200.00
3201.28
3202.84
3194.00
3191.50
3189.50
3188.50
3185.50
3176.84
3176.91
3177.94
3178.40
3178.56
3181.00
3185.49
3187.59
3194.30
3192.85
3198.02
2937.15
2733.24
2641.86
3056.20
3223.65
3299.60
3186.65
3205.86
3198.51
3196.67
3188.67
3177.22
3174.21
3172.00
3170.00
3164.00
3160.00
3158.00
3159.00
3163.00
3166.00
3168.00
3169.50
3170.50
3170.50
3171.00
3171.00
3170.50
3169.50
3160.50
3157.50
3156.00
3155.00
3153.00
3151.00
3151.00
3145.50
3144.00
3099.83
3079.76
3084.92
3134.00
3131.00
3129.50
3129.00
3128.50
3128.50
3128.00
3129.50
3133.50
3133.45
3142.27
3145.17
3148.94
3150.69
3151.47
3153.24
3156.08
3167.21
3176.85
3181.00
3182.00
3182.50
3183.00
3183.00
3183.00
3182.50
3180.29
3181.00
3180.50
3170.43
3168.47
3168.85
3171.08
3173.73
3174.82
3178.50
3180.00
3181.00
3181.50
3183.50
3184.50
3183.00
3183.50
3183.00
3183.50
3185.00
3185.50
3185.00
3181.95
3176.50
3173.50
3174.20
3172.90
3174.00
3174.13
3154.51
3143.08
3140.03
3134.14
3133.00
3137.86
3144.00
3126.79
3123.37
3124.48
3135.82
3133.60
3131.65
3133.89
3134.14
3128.47
3127.12
3131.72
3132.61
3131.50
3130.00
3127.00
3124.50
3122.00
3120.50
3120.50
3119.50
3119.00
3118.00
3113.17
3112.00
3110.75
3112.00
3112.50
3120.00
3122.89
3125.40
3124.80
3126.50
3127.00
3128.00
3128.00
3133.00
3140.50
3141.50
3144.00
3145.50
3145.50
3145.50
3145.50
3147.00
3149.83
3149.76
3150.95
3150.88
3147.11
3148.83
3146.00
3145.00
3142.00
3137.00
3133.50
3130.50
3133.50
3135.50
3139.71
3141.73
3140.67
3146.05
3147.73
3132.94
3153.18
3159.83
3166.52
3175.93
3128.20
3178.50
3134.11
3180.50
3181.50
3181.74
3182.64
3184.50
3184.50
3179.88
3179.44
3179.50
3175.50
3174.00
3175.00
3173.38
3171.51
3170.44
3166.97
3159.39
3154.18
3152.70
3152.50
3152.89
3150.27
3144.62
3142.50
3140.50
3139.00
3137.50
3137.50
3101.00
3138.00
3139.00
3139.50
3140.00
3106.00
3106.00
3105.47
3141.00
3140.50
3137.50
3133.00
3128.50
3127.00
3126.00
3125.00
3125.00
3125.00
3125.00
3125.00
3125.00
3125.50
3125.50
3124.60
3125.50
3125.00
3120.71
3119.94
3124.02
3125.21
3123.73
3129.00
3130.00
3129.50
3130.50
3131.50
3133.50
3140.00
3150.50
3152.37
3152.50
3153.00
3153.00
3153.00
3151.40
3148.50
3150.91
3121.77
3140.50
3139.00
3137.00
3136.00
3135.00
3133.50
3132.50
3129.98
3128.00
3128.00
3128.00
3128.00
3127.50
3126.50
3125.00
3123.00
3121.50
3122.00
3122.50
3124.00
3124.50
3124.50
3124.00
3124.50
3124.50
3124.50
3124.50
3123.50
3121.00
3120.00
3119.50
3120.00
3119.50
3119.50
3118.00
3118.00
3118.50
3118.50
3119.00
3119.50
3120.00
3120.00
3122.00
3125.50
3127.00
3128.00
3128.50
3127.00
3079.39
3104.80
3118.74
3152.50
3159.27
3160.72
3163.17
3164.82
3166.12
3172.05
3179.00
3182.00
3184.00
3186.50
3187.00
3189.50
3193.00
3194.00
3194.00
3194.50
3195.50
3196.00
3197.00
3197.00
3198.00
3198.00
3198.00
3199.00
3125.03
3199.50
3200.00
3200.50
3201.00
3200.00
3198.50
3194.50
3193.50
3192.50
3187.50
3186.00
3186.50
3186.50
3187.50
3188.00
3188.00
3189.50
3193.00
3193.50
3193.50
3146.46
3197.50
3198.50
3199.00
3199.50
3200.50
3201.50
3209.75
3218.00
3222.20
3226.28
3231.90
3233.60
3234.46
3238.12
3246.57
3247.50
3247.50
3248.00
3248.00
3247.50
3248.00
3248.00
3244.36
3240.50
3239.50
3239.50
3241.50
3247.00
3249.50
3251.00
3252.00
3252.00
3253.00
3254.00
3258.00
3261.85
3223.22
3273.05
3277.17
3277.80
3239.09
3254.43
3287.75
3291.18
3292.93
3293.94
3297.67
3296.35
3304.26
3314.50
3317.50
3330.53
3333.62
3336.33
3305.98
3306.65
3307.95
3308.11
3338.24
3338.25
3338.13
3337.98
3337.70
3337.73
3339.42
3339.90
3341.55
3342.58
3347.00
3357.00
3357.50
3355.68
3351.75
3350.68
3316.38
3349.00
3348.00
3347.50
3352.62
3354.42
3356.00
3362.00
3363.00
3364.50
3365.00
3365.00
3359.43
3360.53
3364.00
3355.42
3327.73
3324.74
3353.00
3323.22
3358.76
3362.32
3361.68
3371.51
3373.53
3370.81
3378.00
3381.40
3386.95
3391.54
3394.12
3394.81
3388.28
3383.62
3383.16
3384.58
3376.07
3371.50
3368.50
3369.00
3369.50
3369.50
3337.34
3306.16
3372.00
3376.00
3379.00
3382.90
3322.58
3325.48
3328.19
3384.00
3283.03
3332.52
3378.91
3375.50
3375.00
3374.48
3374.50
3373.50
3373.00
3368.92
3365.50
3364.50
3364.97
3363.50
3363.50
3363.81
3371.00
3364.74
3364.86
3363.85
3356.23
3303.83
3303.18
3299.90
3290.80
3279.08
3275.01
3257.66
3238.64
3260.00
3257.50
3250.69
3245.13
3245.27
3242.98
3206.97
3207.95
3237.50
3236.50
3235.50
3235.50
3235.50
3235.00
3234.50
3234.00
3233.50
3232.50
3232.00
3231.50
3231.50
3231.50
3231.50
3232.50
3232.50
3232.50
3232.50
3233.00
3233.50
3234.00
3233.48
3223.32
3220.97
3225.78
3226.21
3187.71
3171.91
3234.00
3176.35
3182.50
3174.57
3172.68
3170.29
3192.00
3190.00
3190.00
3189.50
3188.00
3183.50
3169.50
3166.08
3160.50
3152.00
3148.94
3147.69
3145.13
3144.00
3139.50
3139.00
3135.50
3133.50
3131.50
3131.50
3130.50
3130.00
3129.50
3129.00
3128.50
3126.50
3126.00
3126.00
3129.00
3133.00
3136.50
3138.50
3139.00
3128.44
3130.29
3128.02
3133.52
3134.00
3131.35
3134.00
3132.50
3125.64
3124.00
3126.25
3129.00
3127.00
3124.00
3123.31
3012.95
3117.04
2567.38
2482.91
2738.55
3072.14
3213.24
3190.20
3110.50
3110.00
3110.00
3110.50
3111.50
3114.50
3114.50
3115.00
3115.50
3077.43
3076.71
3099.50
3099.09
3074.02
3073.58
3095.74
3071.78
3076.51
3100.47
3104.34
3105.54
3108.29
3108.72
3115.46
3109.64
3110.66
3110.50
3110.50
3110.69
3109.50
3109.00
3107.50
3103.45
3102.50
3102.50
3102.50
3103.50
3104.00
3105.83
3107.64
3105.50
3104.00
3100.50
3091.50
3089.76
3089.50
3088.50
3087.93
3087.83
3087.83
3089.42
3095.04
3076.89
3077.64
3077.34
3078.00
3100.96
3102.53
3106.17
3122.00
3125.50
3127.50
3095.78
3097.16
3130.50
3131.00
3131.00
3130.00
3127.00
3126.00
3125.50
3122.50
3124.50
3123.00
3119.54
3105.87
3100.71
3066.13
3064.07
3066.41
3087.91
3091.85
3091.00
3094.88
3093.30
3092.98
3095.37
3099.95
3079.02
3073.29
3115.50
3116.00
3116.50
3117.00
3118.50
3119.50
3125.00
3126.00
3127.50
3128.00
3129.00
3129.00
3129.50
3129.50
3130.50
3131.50
3132.50
3133.00
3133.50
3133.50
3134.00
3134.50
3134.50
3135.00
3134.00
3133.50
3132.50
3129.50
3128.50
3123.50
3122.00
3121.00
3121.00
3083.88
3088.97
3062.08
3123.50
3124.00
3096.41
3126.00
3127.00
3128.00
3130.00
3131.00
3132.50
3134.00
3135.00
3136.50
3138.50
3140.00
3140.00
3139.50
3139.50
3139.50
3139.00
3138.50
3138.50
3137.50
3136.00
3134.50
3134.50
3135.00
3135.00
3135.50
3135.50
3136.50
3142.11
3146.51
3144.15
3146.63
3131.83
3153.00
3148.29
3156.30
3161.00
3139.67
3117.26
3158.11
3099.68
3137.09
3166.77
3104.36
3144.39
3172.44
3163.11
3121.33
3138.86
3158.50
3157.75
3177.00
3176.94
3177.95
3175.00
3171.00
3139.07
3168.38
3140.65
3176.69
3173.63
3173.46
3177.24
3180.12
3182.00
3185.00
3191.00
3197.50
3201.50
3207.00
3207.50
3207.50
3169.14
3169.14
3205.00
3205.50
3206.00
3206.00
3206.00
3206.58
3207.50
3208.00
3209.03
3210.09
3210.27
3209.81
3209.81
3211.89
3213.16
3215.00
3216.00
3216.50
3218.00
3218.50
3217.92
3184.22
3212.72
3209.50
3208.25
3195.55
3193.00
3193.65
3192.50
3192.34
3155.19
3182.50
3200.76
3145.40
3130.92
3129.13
3127.14
3121.45
3184.00
3184.00
3184.50
3185.00
3185.50
3186.00
3187.50
3192.50
3197.00
3202.63
3203.32
3203.62
3206.96
3206.42
3207.67
3210.02
3183.61
3158.14
3162.44
3201.38
3208.66
3207.76
3204.68
3179.16
3195.50
3193.50
3192.50
3190.50
3148.78
3179.50
3177.50
3130.44
3087.64
3087.64
3175.50
3125.80
3124.84
3071.00
3114.43
3111.95
3113.90
3176.50
3177.50
3178.50
3182.50
3187.21
3197.27
3198.15
3199.40
3198.10
3190.76
2972.26
2800.64
3195.51
3213.20
3214.26
3188.67
3189.88
3190.93
3186.58
3166.83
3165.78
3165.78
3222.59
3203.14
3210.60
3211.60
3190.64
3185.23
3215.92
3189.78
3189.30
3183.50
3182.18
3230.00
3203.68
3236.67
3238.30
3242.00
3242.50
3243.00
3243.00
3244.00
3246.00
3249.00
3250.00
3252.50
3254.00
3255.00
3256.50
3259.00
3259.00
3263.00
3264.50
3273.56
3273.00
3272.81
3274.12
3274.52
3270.02
3268.14
3270.50
3269.34
3265.85
3264.50
3269.41
3268.06
3268.57
3270.75
3276.86
3277.50
3277.50
3276.17
3276.09
3275.17
3275.50
3278.71
3280.50
3281.36
3281.36
3246.46
3283.66
3285.45
3288.28
3289.50
3295.00
3296.00
3295.74
3296.12
3295.50
3293.34
3290.81
3290.81
3291.54
3292.11
3294.85
3296.58
3296.28
3299.66
3310.30
3315.07
3302.81
3324.38
3342.06
3508.89
3365.02
3362.98
3367.00
3472.51
3375.02
3377.00
3378.50
3383.50
3348.03
3389.03
3318.31
3392.91
3355.55
3390.00
3392.30
3389.37
3363.83
3390.35
3384.35
3389.40
3383.00
3383.50
3383.00
3384.00
3385.00
3385.50
3387.36
3384.78
3376.50
3376.50
3376.00
3348.28
3376.72
3373.50
3372.00
3371.50
3371.00
3367.08
3357.50
3356.50
3439.47
3421.88
3365.50
3370.00
3371.50
3372.50
3371.59
3372.50
3372.50
3372.00
3381.86
3426.33
3385.57
3370.00
3378.83
3364.00
3346.36
3311.42
3284.35
3307.96
3336.22
3336.95
3340.94
3334.77
3337.50
3338.00
3348.22
3350.62
3341.06
3338.59
3298.41
3338.17
3334.16
3336.16
3335.76
3316.51
3333.08
3326.29
3260.88
3300.47
3303.26
3302.82
3301.74
3255.63
3118.73
3201.38
3279.00
3277.50
3268.50
3263.50
3261.50
3259.50
3258.00
3257.50
3257.00
3223.50
3253.00
3252.00
3212.42
3239.50
3239.00
3239.00
3195.47
3228.44
3216.98
3210.68
3206.44
3203.50
3198.81
3198.54
3196.70
3196.69
3187.62
3180.77
3174.71
3278.76
3172.00
3170.50
3170.50
3112.52
3171.00
3171.00
3168.36
3166.75
3164.65
3163.50
3163.50
3162.50
3162.50
3163.16
3162.21
3162.50
3163.50
3163.50
3165.00
3172.03
3172.55
3171.81
3171.05
3167.15
3166.27
3165.90
3169.26
3166.23
3164.47
3163.23
3163.52
3164.13
3163.00
3163.43
3165.24
3170.14
3164.42
3157.98
3153.43
3145.57
3146.00
3140.21
3138.70
3139.61
3134.51
3127.45
3118.40
3116.00
3114.12
3110.72
3110.89
3109.75
3109.45
3109.23
3108.25
3107.50
3107.50
3108.50
3109.00
3110.00
3111.00
3113.00
3114.00
3117.06
3119.50
3121.00
3122.00
3123.19
3125.50
3128.50
3129.00
3128.00
3127.50
3126.50
3126.00
3125.00
3124.00
3123.50
3123.00
3123.00
3123.50
3124.00
3124.00
3076.52
3061.56
2087.51
1786.88
2231.51
2801.50
2820.45
3235.77
3143.86
3143.71
3143.61
3143.50
3147.41
3151.29
3158.00
3160.00
3222.54
3163.50
3164.00
3164.50
3166.10
3169.00
3176.00
3127.44
3180.00
3180.00
3180.50
3180.00
3178.00
3175.21
3170.50
3168.00
3162.82
3160.50
3159.00
3159.76
3158.50
3158.87
3155.00
3152.00
3148.50
3148.50
3148.50
3152.26
3156.00
3158.50
3169.00
3175.00
3182.19
3182.50
3194.54
3209.82
3205.58
3191.00
3192.50
3195.50
3197.50
3198.00
3198.50
3197.50
3197.00
3197.00
3196.50
3196.50
3196.50
3193.00
3184.15
3181.92
3166.28
3157.48
3154.08
3190.01
3148.96
3132.51
3145.50
3129.16
3107.02
3085.48
3117.50
3180.50
3114.50
3113.50
3111.00
3110.00
3110.00
3109.50
3109.00
3108.00
3107.00
3106.50
3103.78
3100.90
3096.09
3093.49
3091.00
3090.00
3090.40
3089.50
3064.85
3091.64
3093.00
3095.50
3097.17
3097.17
3032.34
3101.00
3102.00
3102.50
3102.00
3100.50
3099.50
3057.36
3097.00
3097.00
3096.00
3094.50
3093.50
3093.00
3028.63
3089.50
2932.36
3029.63
3091.00
3093.50
3094.00
3209.12
3096.50
3097.00
3097.50
3097.50
3097.50
3092.00
3091.50
3091.00
3090.50
3090.45
3089.69
3089.50
3090.00
3090.00
3090.50
3091.50
3093.00
3096.00
3097.89
3098.50
3099.47
3100.00
3100.00
3100.00
3100.00
3100.00
3099.50
3094.00
3092.00
3092.00
3092.00
3091.00
3092.00
3090.50
3094.00
3097.00
3101.00
3105.74
3105.57
3111.50
3113.70
3115.61
3122.54
3119.64
3129.21
3133.00
3135.50
3136.50
3137.50
3138.00
3138.50
3138.50
3139.50
3142.24
3145.50
3149.00
3148.50
3148.50
3147.00
3145.00
3143.00
3309.75
3139.50
3137.50
3135.50
3134.50
3101.74
3128.00
3124.00
3122.00
3119.50
3117.50
3116.00
3115.50
3065.79
3107.35
3101.56
3098.29
3097.31
3097.00
3096.10
3096.24
3093.98
3088.28
3084.00
3084.00
3083.50
3082.00
3081.50
3080.50
3079.00
3078.50
3078.50
3078.00
3078.00
3078.50
3079.00
3079.50
3079.00
3079.50
3079.50
3076.00
3075.76
3073.50
3073.28
3072.13
3069.50
3069.50
3071.50
3071.50
3072.00
3072.00
3071.50
3070.50
3071.50
3068.37
3065.75
3069.35
3067.38
3069.33
3070.50
3060.50
3047.67
3039.50
3034.50
3033.00
3004.53
3034.50
3062.42
3043.00
3047.06
3052.00
3057.20
3067.37
3079.97
3087.41
3095.00
3100.00
3109.00
3113.50
3101.57
3120.50
3125.79
3134.50
3134.50
3135.00
3133.00
3131.50
3126.98
3127.00
3122.98
3116.50
3114.00
3112.00
3107.50
3102.50
3100.50
3180.38
3097.50
3097.00
3096.50
3096.00
3093.50
3091.50
3088.50
3090.50
3091.00
3090.40
3092.00
3092.00
3093.50
3095.00
3099.00
3103.00
3113.00
3115.91
3118.50
3118.44
3120.81
3120.59
3121.00
3123.85
3125.00
3125.50
3126.88
3125.79
3125.50
3126.00
3126.50
3127.50
3128.50
3128.50
3129.00
3129.50
3129.00
3128.50
3128.50
3129.00
3129.50
3130.50
3130.50
3126.00
3123.50
3122.50
3122.50
3122.00
3122.00
3122.00
3122.00
3122.00
3123.00
3124.00
3127.58
3132.61
3132.00
3132.00
3131.00
3133.83
3137.57
3151.50
3156.00
3160.50
3160.00
3154.50
3151.50
3153.50
3099.69
3131.36
3150.72
3155.84
3167.34
3172.29
3161.69
3174.37
3168.44
3186.72
3166.56
3215.00
3219.21
3222.50
3222.50
3221.00
3220.39
3311.82
3216.50
3302.63
3215.30
3215.24
3220.08
3221.97
3227.10
3227.87
3229.57
3231.27
3233.55
3237.37
3238.50
3238.50
3239.53
3238.50
3238.00
3235.00
3233.00
3233.00
3232.00
3232.00
3231.00
3231.00
3231.50
3229.77
3225.93
3220.21
3215.72
3218.31
3216.97
3224.70
3214.62
3214.19
3214.05
3221.00
3233.88
3240.49
3092.54
2837.45
3288.74
3307.44
3308.55
3313.17
3319.50
3327.00
3325.00
3327.00
3328.00
3328.50
3328.50
3327.50
3325.50
3325.00
3324.50
3325.50
3325.50
3324.00
3324.00
3324.00
3324.00
3325.00
3324.50
3324.50
3326.00
3327.58
3328.33
3330.62
3331.77
3333.50
3330.52
3336.50
3339.50
3244.79
3241.79
3241.79
3341.56
3340.50
3339.50
3339.50
3293.10
3340.00
3341.00
3342.50
3345.00
3346.50
3329.50
3334.72
3333.30
3336.07
3343.25
3373.51
3424.70
3380.50
3444.56
3382.60
3382.00
3380.60
3380.00
3497.73
3373.89
3372.50
3372.43
3373.50
3375.50
3429.63
3317.26
3509.72
3109.65
3290.88
3490.00
3194.39
3272.47
3279.13
3119.62
3351.86
3384.57
3384.34
3421.00
3382.31
3419.24
3416.98
3407.39
3402.66
3404.17
3396.50
3391.63
3361.57
3352.52
3340.31
3335.34
3328.27
3322.64
3320.42
3353.50
3320.91
3320.44
3346.50
3306.72
3337.50
3336.00
3335.00
3334.50
3332.50
3324.00
3316.86
3280.61
3281.00
3310.50
3310.50
3279.46
3278.55
3343.60
3292.00
3257.86
3254.80
3409.45
3410.40
3295.50
3296.00
3298.66
3299.19
3273.55
3270.23
3301.50
3302.34
3271.04
3272.24
3273.33
3270.30
3266.20
3252.86
3268.02
3259.92
3257.17
3227.58
3220.63
3216.43
3192.57
3193.42
3189.55
3192.45
3188.43
3189.55
3191.53
3235.50
3235.00
3195.81
3191.82
3128.17
3187.55
3179.21
3177.21
3160.01
3153.80
3161.87
3096.56
3128.29
3177.62
3197.84
3198.58
3164.85
3167.60
3176.03
3175.83
3180.67
3182.70
3176.97
3218.50
3179.72
3191.68
3194.19
3195.40
3196.57
3197.96
3197.88
3196.98
3194.57
3194.22
3189.69
3182.60
3159.55
3161.83
3195.50
3163.17
3189.66
3191.26
3161.62
3183.88
3139.38
2918.91
2147.53
1712.86
2128.48
2583.71
2939.90
3197.53
3330.02
3012.41
3051.31
3214.50
3259.85
3175.78
3167.71
3164.23
3197.14
3164.33
3158.15
3158.79
3118.42
3154.53
3153.56
3153.56
3193.00
3157.82
3160.86
3161.32
3161.74
3162.43
3162.95
3164.82
3189.15
3160.40
3160.87
3155.42
3172.50
3168.50
3127.74
3119.07
3107.83
3087.94
3072.93
3066.64
3065.71
3071.07
3074.75
3083.22
3090.00
3118.10
3118.10
3120.58
3122.29
3125.39
3161.70
3130.72
3103.79
3107.78
3178.00
3183.55
3190.50
3163.61
3163.61
3163.89
3228.19
3193.00
3196.08
3197.03
3195.07
3164.85
3109.17
3134.93
3140.74
3183.50
3234.90
3163.76
3153.84
3141.55
3128.36
3122.97
3121.46
3117.69
3105.79
3087.76
3075.00
3111.33
3109.41
3108.15
3101.58
3102.09
3078.94
3075.64
3043.41
3096.46
3101.13
3105.66
3097.93
3147.23
3121.63
3128.16
3135.56
3137.15
3140.02
3142.49
3362.95
3185.50
3185.50
3188.50
3186.75
3183.00
3149.33
3178.95
3176.83
3149.20
3149.42
3146.56
3135.09
3131.36
3131.22
3130.11
3103.49
3159.34
3158.50
3156.00
3152.86
3151.85
3149.00
3147.00
3143.50
3117.43
3110.92
3109.02
3109.14
3121.20
3123.37
3124.64
3125.93
3126.82
3146.50
3148.50
3150.00
3150.00
3149.50
3149.00
3148.00
3145.87
3145.60
3147.40
3153.50
3157.50
3160.58
3164.50
3167.12
3173.01
3155.84
3153.19
3147.70
3184.00
3155.14
3153.93
3144.35
3181.50
3178.50
3177.00
3175.50
3131.62
3218.29
3169.26
3166.66
3132.29
3135.05
3131.33
3127.16
3122.68
3102.97
3110.17
3110.31
3116.54
3138.00
3123.81
3172.05
3138.79
3142.96
3146.08
3169.50
3193.33
3149.80
3149.42
3148.78
3178.92
3193.94
3125.89
3162.25
3145.32
3144.15
3143.95
3142.57
3138.53
3132.40
3131.46
3130.51
3156.81
3156.59
3159.23
3161.17
3164.00
3164.79
3164.29
3163.78
3158.00
3154.50
3149.00
3118.23
3117.53
3115.30
3086.60
3111.93
3141.50
3144.00
3146.48
3148.50
3153.07
3156.50
3158.50
3158.52
3161.50
3144.93
3145.11
3145.02
3144.22
3141.90
3135.20
3127.01
3044.88
3000.37
3019.94
3036.93
3025.56
2992.54
3007.94
3081.32
3023.75
3031.18
3073.53
3075.86
3081.91
3083.08
3102.89
3107.22
3129.00
3113.42
3134.00
3115.62
3135.55
3138.50
3142.50
3147.50
3114.65
3116.75
3137.50
3134.50
3108.94
3133.50
3133.50
3134.50
3135.05
3137.50
3137.30
3138.47
3138.94
3139.00
3104.44
3142.00
3103.47
3105.88
3105.53
3104.76
3101.05
3095.40
3092.48
3089.28
3066.23
3069.26
3063.00
3060.72
3063.97
3091.76
3093.50
3110.00
3080.42
3096.46
3118.00
3125.50
3128.00
3100.58
3106.62
3102.60
3122.14
3126.51
3132.40
3133.38
3124.85
3160.00
3162.00
3161.50
3161.50
3161.50
3161.03
3161.00
3160.50
3128.00
3127.03
3126.05
3157.22
3161.00
3162.00
3162.50
3134.77
3137.48
3197.48
3213.64
3016.47
3150.41
3150.05
3150.05
3151.61
3179.50
3179.00
3149.05
3177.00
3146.12
3145.85
3145.18
3148.07
3152.42
3184.00
3190.00
3161.73
3160.35
3160.34
3198.50
3201.00
3150.68
3147.22
3142.90
3204.50
3204.50
3204.50
3143.86
3140.35
3203.50
3135.58
3131.39
3145.21
3196.00
3194.50
3147.93
3149.97
3152.59
3192.00
3192.00
3192.50
3193.00
3160.76
3161.74
3161.74
3161.74
3195.00
3195.00
3194.00
3192.00
3189.00
3188.50
3188.38
3189.34
3160.90
3163.16
3174.50
3183.75
3182.05
3188.35
3189.35
3189.92
3203.96
3208.30
3219.42
3222.69
3224.55
3221.18
3221.18
3220.20
3220.47
3219.48
3219.73
3218.75
3215.89
3216.76
3210.25
3181.00
3155.00
3227.00
3134.43
3126.85
3226.00
3226.00
3227.00
3161.16
3168.62
3171.91
3183.88
3190.52
3194.39
3210.88
3200.00
3233.70
3245.27
3259.74
3290.35
3189.82
3255.54
3274.25
3284.12
3287.85
3286.05
3275.59
3272.56
3279.92
3345.50
3347.00
3346.05
3348.50
3349.50
3350.50
3304.71
3303.67
3304.63
3304.63
3304.63
3352.00
3352.00
3352.00
3352.00
3354.00
3356.00
3319.95
3319.47
3356.00
3356.00
3356.34
3356.50
3356.00
3356.00
3356.00
3356.00
3355.50
3354.56
3268.33
3346.00
3346.00
3348.00
3351.00
3351.50
3351.50
3365.52
3371.23
3376.42
3380.66
3379.15
3374.19
3366.62
3370.53
3370.07
3413.93
3361.04
3360.86
3413.81
3413.50
3368.49
3403.73
3401.27
3363.79
3362.42
3391.35
3388.94
3388.12
3388.50
3360.02
3387.00
3388.25
3391.59
3402.20
3392.62
3394.08
3403.97
3410.50
3411.50
3412.00
3412.00
3415.81
3390.09
3390.07
3392.57
3427.00
3393.79
3428.89
3428.72
3429.62
3430.00
3391.08
3391.08
3391.55
3392.95
3392.95
3428.15
3429.00
3429.50
3431.50
3433.50
3441.50
3441.50
3441.50
3440.00
3375.21
3431.91
3387.88
3425.11
3424.27
3420.05
3419.33
3422.74
3409.78
3379.71
3364.32
3396.06
3393.50
3392.78
3389.71
3392.52
3392.50
3341.40
3341.68
3381.06
3381.61
3339.83
3340.43
3338.78
3378.50
3377.50
3374.00
3331.97
3328.65
3335.54
3375.40
3373.50
3374.08
3374.55
3375.55
3374.55
3371.52
3367.54
3453.25
3356.28
3348.70
3343.43
3341.31
3335.98
3328.89
3323.11
3315.52
3309.57
3309.06
3306.50
3299.50
3298.00
3297.50
3298.00
3141.08
3299.00
3299.50
3299.50
3299.50
3299.00
3235.86
3296.50
3243.50
3296.00
3292.50
3289.73
3282.78
3271.37
3269.33
3210.88
3262.00
3242.22
3242.03
3240.47
3237.67
3264.93
3269.14
3267.76
3272.00
3237.59
3264.81
3265.70
3264.34
3238.19
3236.78
3240.96
3237.67
3273.16
3274.55
3279.18
3278.65
3279.63
3285.55
3282.88
3278.89
3433.41
3325.56
3106.46
2018.27
1974.64
2530.03
3142.70
3254.30
3331.35
3172.58
3241.00
3240.50
3184.52
3242.50
3246.00
3253.67
3263.24
3265.94
3269.06
3275.22
3278.25
3281.38
3269.56
3318.64
3262.90
3262.06
3283.33
3245.35
3341.23
3306.50
3303.00
3300.50
3297.50
3294.50
3291.50
3288.50
3285.00
3283.79
3282.00
3276.00
3274.00
3274.57
3278.00
3281.64
3288.03
3290.50
3291.50
3293.00
3293.00
3292.50
3292.00
3287.00
3287.84
3285.92
3283.50
3282.50
3278.50
3128.81
3273.50
3272.00
3110.56
3241.08
3204.81
3299.38
3266.50
3266.50
3266.50
3268.17
3272.50
3273.50
3274.00
3274.50
3275.00
3276.50
3279.00
3286.50
3295.82
3300.00
3301.50
3309.48
3317.95
3297.83
3334.73
3335.71
3400.03
3414.61
3491.37
3384.83
3314.84
3333.50
3377.76
3321.00
3415.92
3314.98
3312.00
3311.50
3336.86
3298.76
3284.57
3239.96
3240.50
3235.24
3219.61
3252.63
3271.62
3254.93
3223.61
3263.42
3286.33
3286.74
3286.03
3286.77
3454.55
3322.73
3362.24
3328.00
3365.50
3311.16
3331.36
3286.33
3306.61
3430.96
3330.02
3330.32
3324.81
3324.48
3292.90
3320.00
3319.00
3288.05
3281.00
3281.00
3279.42
3281.00
3320.16
3328.50
3330.90
3329.06
3290.36
3333.50
3336.50
3341.96
3343.75
3345.50
3341.15
3343.29
3345.21
3345.71
3349.00
3308.82
3320.86
3297.79
3365.00
3305.34
3306.21
3340.54
3361.63
3385.37
3389.56
3391.60
3392.47
3373.07
3405.55
3369.77
3369.10
3367.21
3368.21
3410.00
3406.30
3340.59
3370.71
3372.38
3334.11
3394.56
3380.88
3404.15
3424.89
3425.84
3424.57
3430.00
3434.63
3442.50
3457.50
3463.00
3465.74
3466.59
3466.69
3467.24
3467.84
3467.50
3467.50
3467.50
3466.00
3466.00
3465.50
3465.00
3526.69
3465.00
3468.00
3473.00
3481.00
3479.37
3480.40
3481.81
3476.37
3482.71
3488.00
3489.98
3500.82
3507.79
3510.00
3508.93
3508.10
3508.00
3508.00
3508.00
3447.43
3512.00
3514.50
3513.03
3512.50
3512.52
3531.00
3503.83
3526.47
3521.87
3590.57
3544.67
3520.33
3578.68
3548.70
3590.50
3551.40
3463.42
3548.69
3488.27
3547.75
3608.00
3521.59
3376.15
3621.82
3622.63
3623.50
3585.68
3625.32
3627.61
3578.41
3579.93
3638.43
3639.00
3643.00
3589.00
3647.59
3651.50
3655.00
3622.19
3592.94
3621.02
3651.88
3675.31
3673.81
3650.81
3638.09
3640.48
3676.20
3690.26
3665.04
3720.00
3724.50
3729.00
3736.00
3647.53
3737.50
3737.50
3737.00
3534.26
3734.50
3734.00
3734.00
3734.00
3733.00
3734.50
3739.33
3746.50
3750.05
3754.31
3756.53
3754.35
3763.97
3742.74
3778.00
3785.05
3728.41
3859.38
3812.27
3841.70
3829.08
3798.19
3842.06
3817.09
3450.78
3474.92
2999.71
3062.91
3364.62
3436.41
3592.86
3849.99
3788.20
3704.81
3821.88
3983.22
3870.89
3943.67
3911.18
3889.91
3691.52
3889.56
3920.71
3963.34
3950.06
3898.90
3894.38
3965.00
3936.35
3960.85
3991.82
3942.79
3973.08
3999.75
4020.67
4070.06
4125.74
4083.39
4036.21
4120.22
4022.28
4030.62
4001.56
3996.71
3730.08
3797.82
3869.28
4009.18
3861.77
3548.91
3706.22
4057.00
4003.10
4049.80
4054.85
3700.64
4123.17
4002.31
3302.20
3543.67
3828.56
3813.07
4187.50
4182.63
3475.30
3852.94
4219.65
4218.45
4218.54
4177.78
4217.45
4099.34
4214.36
4066.89
4095.07
4136.38
4124.79
4271.59
4281.20
4290.20
4284.65
4317.77
4323.49
4316.02
4307.56
3635.44
3571.43
4074.66
4246.35
3420.44
4378.16
4420.02
4527.11
4479.79
4468.65
4179.78
4338.49
4130.66
4479.18
4472.89
4528.66
4530.73
4464.78
4528.72
4531.67
4537.00
4539.33
4540.50
4541.50
4543.00
4545.50
4546.50
4547.50
4548.00
4548.50
4552.50
4553.50
4556.50
4562.12
4569.67
4576.00
4577.55
4582.89
4598.18
4580.36
4590.15
4325.12
4660.34
4502.80
4513.75
4163.94
4273.89
4374.62
4274.14
4446.63
4641.26
4533.93
3667.74
3459.42
4686.70
4688.61
4679.00
4334.21
4526.04
4684.50
4584.58
4333.17
4581.41
4713.50
4717.00
4719.75
4735.01
4733.23
4725.16
4731.59
4738.32
4749.00
4758.50
4766.50
4769.00
4769.00
4770.50
4776.50
4781.62
4798.86
4722.07
4825.67
4826.28
4827.50
4829.40
4835.57
4845.47
4849.13
4852.00
4859.00
4861.50
4861.00
4861.00
4870.71
4874.75
4878.18
4880.28
4882.17
4882.18
4884.95
4890.50
4925.92
4931.28
4920.83
4928.98
4932.59
4933.11
4934.06
4935.08
4936.00
4939.45
4942.00
4943.00
4942.50
4941.50
4939.50
4983.29
4935.50
4935.00
4936.00
4937.50
4992.55
4940.50
4942.50
4964.59
4953.79
4945.00
4944.50
4944.00
4944.00
4943.00
4946.00
4947.00
4950.50
4956.50
4958.00
4959.00
4861.12
4916.84
4966.79
4976.50
4982.20
4984.50
4985.50
5000.39
4994.80
4992.89
4996.07
4994.53
4994.09
4993.53
4998.61
4992.35
4994.43
4990.30
4989.24
4988.81
4987.76
4985.26
4985.26
4985.16
4984.50
4983.89
4988.04
4988.59
4986.91
4984.48
4979.84
4976.28
4973.42
4972.63
4972.82
4967.70
4961.07
4950.00
4946.37
4947.45
4948.29
4950.70
4946.38
4945.51
4946.11
4873.88
4884.02
4931.22
4930.15
4929.69
4928.05
4922.50
4819.76
4906.07
4771.00
4881.38
4876.70
4870.97
4828.55
4812.07
4806.61
4761.24
4758.87
4764.45
4742.12
4724.25
4750.52
4784.17
4814.00
4813.00
4808.00
4803.00
4798.00
4705.61
4780.00
4779.50
4775.00
4771.00
4764.00
4618.05
4057.90
4008.36
2674.27
2173.60
2145.86
2336.23
2437.97
2679.51
3143.15
3619.33
4226.45
4381.65
3972.01
4124.57
4360.76
4527.00
4526.06
4534.86
4703.67
4667.48
4632.63
4653.92
4647.69
4632.05
4576.55
4521.09
4546.73
4463.32
4527.83
4566.50
4535.13
4342.68
4554.15
4561.07
4115.47
4528.00
4555.34
4516.50
4343.43
4042.67
4229.30
4467.74
4327.02
5103.36
4580.18
4499.78
4487.08
4517.36
4459.71
4435.92
4405.35
4239.15
4394.37
4259.71
4018.60
4351.12
4364.88
4302.59
4258.15
4183.20
4288.50
4285.50
4297.13
4138.65
4043.94
4177.66
4274.50
4275.00
4275.50
4274.50
4273.00
4272.50
4267.25
4271.45
4247.64
4248.00
4250.60
4231.94
4210.98
4179.55
4172.67
4140.00
4165.93
4160.12
4157.62
4142.91
4130.50
4141.68
4133.72
4129.60
4106.81
4105.96
4119.97
4102.00
4115.04
4073.56
3604.43
4026.68
4130.66
3821.63
3989.47
4034.33
4108.42
4028.31
4018.30
3971.81
3921.00
3845.53
3945.15
3891.28
3954.15
3948.51
3940.16
3959.81
3930.19
3922.75
3918.50
3911.67
3904.00
3902.00
3899.50
3898.00
3895.94
3881.05
3878.15
3874.66
3866.00
3860.85
3857.50
3861.99
3844.08
3840.30
3835.64
3823.90
3819.56
3814.00
3809.00
3799.13
3797.56
3793.73
3790.50
3788.50
3830.55
3786.57
3785.59
3784.04
3769.58
3757.37
3748.57
3737.95
3732.35
3729.53
3726.99
3723.18
3716.03
3703.76
3699.00
3693.50
3691.50
3690.50
3690.56
3690.75
3691.75
3688.04
3679.00
3676.09
3674.54
3673.51
3672.16
3671.14
3669.21
3660.40
3652.27
3643.06
3634.07
3624.47
3623.00
3622.50
3617.96
3614.56
3612.09
3607.34
3533.45
3520.06
3575.38
3571.00
3564.00
3540.80
3554.00
3551.00
3548.00
3541.66
3506.86
3521.76
3514.64
3509.35
3503.50
3494.46
3489.41
3486.08
3482.70
3481.46
3465.34
3465.11
3437.65
3457.29
3454.50
3455.00
3457.50
3459.00
3465.74
3465.00
3467.50
3471.61
3481.00
3484.00
3488.32
3494.00
3501.29
3502.16
3501.85
3418.63
3499.54
3493.34
3487.45
3484.09
3468.84
3466.36
3462.40
3460.14
3457.55
3454.57
3452.70
3434.50
3433.50
3432.50
3432.50
3432.00
3431.50
3430.00
3425.50
3423.00
3420.50
3419.00
3418.00
3416.00
3417.00
3418.00
3417.45
3418.50
3416.25
3418.50
3419.50
3422.50
3424.00
3424.00
3423.00
3422.00
3420.00
3413.05
3405.66
3407.65
3404.56
3398.83
3396.60
3388.20
3373.38
3357.56
3344.83
3343.10
3341.57
3336.46
3330.02
3322.88
3317.00
3317.00
3317.00
3316.00
3316.50
3319.00
3321.00
3322.50
3329.34
3329.93
3333.16
3338.12
3339.76
3341.03
3341.63
3343.63
3345.00
3346.89
3349.00
3349.00
3340.50
3333.00
3325.00
3321.63
3316.64
3317.00
3315.70
3314.36
3312.07
3305.74
3256.66
3014.52
3249.05
3034.63
3280.67
3277.38
3275.28
3272.91
3267.62
3266.75
3267.00
3266.00
3265.50
3265.50
3263.50
3258.00
3255.00
3249.50
3252.63
3299.50
3299.50
3299.50
3299.50
3299.50
3299.50
3299.50
3299.50
3299.50
3299.50
3299.50
3299.50
3299.50
3299.50
3299.50
3299.50
3299.50
3299.50
3299.50
3299.50
3299.50
3299.50
3299.50
3299.50
3299.50
3299.50
3299.50
3299.50
3299.50
3299.50
3299.50
3299.50
3299.50
3299.50
3299.50
3299.50
3299.50
3299.50
3299.50
3299.50
3299.50
3299.50
3299.50
3299.50
3299.50
3299.50
3299.50
3299.50
3299.50
3299.50
3299.50
3299.50
3299.50
3299.50
3299.50
3299.50
3299.50
3299.50
3299.50
3299.50
3299.50
3299.50
3299.50
3299.50
3299.50
3299.50
3299.50
3299.50
3299.50
3299.50
3299.50
