 63.00  6377.9857  46.55   7.98    100
 1951 04 15 07 30 00
 15/04/1951, 07:30:00, RES=0.2500  APOD FN = TRI
 2884.946 2929.863 0.0500194575     898
  0.59275
  0.58304
  0.58110
  0.58226
  0.58980
  0.58476
  0.60074
  0.59158
  0.59279
  0.59215
  0.59873
  0.58994
  0.58496
  0.58172
  0.57757
  0.57117
  0.57263
  0.57388
  0.57463
  0.55718
  0.56307
  0.56167
  0.53611
  0.52422
  0.52283
  0.52353
  0.52270
  0.50415
  0.50687
  0.50464
  0.49889
  0.49625
  0.50741
  0.51395
  0.51765
  0.52863
  0.54097
  0.54285
  0.54856
  0.54935
  0.55575
  0.55758
  0.53656
  0.54376
  0.54227
  0.55001
  0.54797
  0.53341
  0.53564
  0.53598
  0.53395
  0.53430
  0.53245
  0.52342
  0.50514
  0.50383
  0.48816
  0.48727
  0.48638
  0.47504
  0.45109
  0.43761
  0.43212
  0.40764
  0.40162
  0.40246
  0.37147
  0.35010
  0.32990
  0.31259
  0.29594
  0.27322
  0.23595
  0.23391
  0.17652
  0.14920
  0.14385
  0.13048
  0.10742
  0.10023
  0.07844
  0.04757
  0.04427
  0.02419
  0.01950
  0.01748
  0.01313
  0.00389
  0.00455
  0.00840
  0.01688
  0.04214
  0.05774
  0.07505
  0.16512
  0.12436
  0.15037
  0.15838
  0.22371
  0.23108
  0.26355
  0.28259
  0.30707
  0.34689
  0.35287
  0.38177
  0.39767
  0.41492
  0.42218
  0.44382
  0.47195
  0.48507
  0.48063
  0.48028
  0.50011
  0.50302
  0.50326
  0.53418
  0.53329
  0.52728
  0.54325
  0.55236
  0.55545
  0.57416
  0.57186
  0.56696
  0.56607
  0.56289
  0.56040
  0.56357
  0.55557
  0.55719
  0.55555
  0.55351
  0.54137
  0.52293
  0.52096
  0.52187
  0.52401
  0.52505
  0.52244
  0.52336
  0.54646
  0.54447
  0.56057
  0.56185
  0.56179
  0.58186
  0.58068
  0.59883
  0.59511
  0.58401
  0.59791
  0.60474
  0.60518
  0.60330
  0.60182
  0.60180
  0.61770
  0.61664
  0.61564
  0.62022
  0.60743
  0.60883
  0.61150
  0.61979
  0.61901
  0.62142
  0.61133
  0.60109
  0.60394
  0.59749
  0.60076
  0.62158
  0.62584
  0.63208
  0.63477
  0.63760
  0.63128
  0.62072
  0.62928
  0.62049
  0.62374
  0.61926
  0.61185
  0.60652
  0.60195
  0.59179
  0.57871
  0.57387
  0.57530
  0.55853
  0.55566
  0.55785
  0.55773
  0.56836
  0.58296
  0.59321
  0.60562
  0.61189
  0.61333
  0.62057
  0.61478
  0.61138
  0.60566
  0.60826
  0.59864
  0.61176
  0.62281
  0.63090
  0.63699
  0.63654
  0.63421
  0.63286
  0.63402
  0.63596
  0.64045
  0.63730
  0.63594
  0.63922
  0.64748
  0.64668
  0.64407
  0.63907
  0.64079
  0.64974
  0.64864
  0.64578
  0.66832
  0.67499
  0.65075
  0.64097
  0.63757
  0.63559
  0.63639
  0.63256
  0.62954
  0.62437
  0.61705
  0.61567
  0.60629
  0.60024
  0.59129
  0.57949
  0.57279
  0.57847
  0.57721
  0.58343
  0.58440
  0.59820
  0.60566
  0.60267
  0.62205
  0.61977
  0.63146
  0.63504
  0.63801
  0.63671
  0.63948
  0.63955
  0.65053
  0.65304
  0.65518
  0.66117
  0.65661
  0.65428
  0.64065
  0.63659
  0.64420
  0.64591
  0.64117
  0.64153
  0.64938
  0.65130
  0.64935
  0.64666
  0.63731
  0.63646
  0.62999
  0.62864
  0.63018
  0.63179
  0.63819
  0.63709
  0.63782
  0.64271
  0.63777
  0.63349
  0.63330
  0.62925
  0.63088
  0.62873
  0.63183
  0.62348
  0.62171
  0.61105
  0.60721
  0.60941
  0.59042
  0.57852
  0.58188
  0.58464
  0.58794
  0.58529
  0.58477
  0.59054
  0.59987
  0.60165
  0.61635
  0.62143
  0.62723
  0.63600
  0.64073
  0.63246
  0.63677
  0.64039
  0.64137
  0.63896
  0.63161
  0.64903
  0.64459
  0.63484
  0.63405
  0.62802
  0.63086
  0.61168
  0.59839
  0.60700
  0.60570
  0.59661
  0.61462
  0.61359
  0.61770
  0.62267
  0.61745
  0.61487
  0.61870
  0.61764
  0.61494
  0.61183
  0.60146
  0.59377
  0.59913
  0.59623
  0.58736
  0.59664
  0.59773
  0.59945
  0.59197
  0.58186
  0.58081
  0.59337
  0.58368
  0.58310
  0.58074
  0.57051
  0.56029
  0.55336
  0.55528
  0.54700
  0.54010
  0.55155
  0.55171
  0.54819
  0.54646
  0.55249
  0.58220
  0.58571
  0.59509
  0.58916
  0.58516
  0.61590
  0.63323
  0.62768
  0.63012
  0.63372
  0.64137
  0.64043
  0.63689
  0.63682
  0.63256
  0.63286
  0.62964
  0.63858
  0.64404
  0.64923
  0.63827
  0.65072
  0.65259
  0.65207
  0.64925
  0.65186
  0.65389
  0.64324
  0.63730
  0.63461
  0.63488
  0.63379
  0.63436
  0.63152
  0.63007
  0.63040
  0.61793
  0.62522
  0.62861
  0.63539
  0.63308
  0.63499
  0.62566
  0.61993
  0.61859
  0.61428
  0.61914
  0.62143
  0.60468
  0.60080
  0.60204
  0.61390
  0.61383
  0.61677
  0.61844
  0.63115
  0.63464
  0.66332
  0.65811
  0.65495
  0.65495
  0.65237
  0.67510
  0.67592
  0.67268
  0.65887
  0.67191
  0.67579
  0.65477
  0.65641
  0.65696
  0.64951
  0.64564
  0.64424
  0.64463
  0.65134
  0.63800
  0.62729
  0.61896
  0.62468
  0.62621
  0.62707
  0.63321
  0.63013
  0.62178
  0.62974
  0.64015
  0.63653
  0.63284
  0.63366
  0.63561
  0.65240
  0.65012
  0.65743
  0.66289
  0.65282
  0.62830
  0.61936
  0.61967
  0.61664
  0.61390
  0.60915
  0.61055
  0.60491
  0.61462
  0.61494
  0.61976
  0.62419
  0.62243
  0.62417
  0.62447
  0.62691
  0.64105
  0.63846
  0.63952
  0.63869
  0.63773
  0.64300
  0.62186
  0.61427
  0.61076
  0.61352
  0.60757
  0.61365
  0.60554
  0.59963
  0.59619
  0.60113
  0.60456
  0.62136
  0.62207
  0.61593
  0.62073
  0.64868
  0.65015
  0.64997
  0.64207
  0.64059
  0.64672
  0.64638
  0.64769
  0.64425
  0.65617
  0.65640
  0.65503
  0.65403
  0.65551
  0.65525
  0.65038
  0.65145
  0.65183
  0.63584
  0.63751
  0.63877
  0.63530
  0.63045
  0.62961
  0.63538
  0.62360
  0.62676
  0.63874
  0.64150
  0.65263
  0.66476
  0.66890
  0.66451
  0.67237
  0.67680
  0.67168
  0.67089
  0.67663
  0.67274
  0.67226
  0.67847
  0.67739
  0.67530
  0.67433
  0.68123
  0.67542
  0.67199
  0.68865
  0.69226
  0.68980
  0.66747
  0.67708
  0.67918
  0.67141
  0.66448
  0.66758
  0.67185
  0.67413
  0.66568
  0.66480
  0.66794
  0.66858
  0.66485
  0.66237
  0.65497
  0.64380
  0.63826
  0.64052
  0.64065
  0.63493
  0.63717
  0.63340
  0.62189
  0.62041
  0.61571
  0.61577
  0.63552
  0.63490
  0.60724
  0.60686
  0.62807
  0.65301
  0.65140
  0.65044
  0.64261
  0.64717
  0.65674
  0.65871
  0.66552
  0.67202
  0.66996
  0.67012
  0.67418
  0.66785
  0.67116
  0.67164
  0.66600
  0.66674
  0.67967
  0.66580
  0.66103
  0.66455
  0.69233
  0.66050
  0.66876
  0.67213
  0.67250
  0.67305
  0.67265
  0.67289
  0.67202
  0.67726
  0.67771
  0.68239
  0.68280
  0.68225
  0.68293
  0.68298
  0.67543
  0.68455
  0.68870
  0.67275
  0.67377
  0.68112
  0.67475
  0.67061
  0.66023
  0.65841
  0.64619
  0.63738
  0.63928
  0.65202
  0.65430
  0.65433
  0.65566
  0.65553
  0.67146
  0.67907
  0.66925
  0.66130
  0.65763
  0.65570
  0.66027
  0.65687
  0.65966
  0.65869
  0.66100
  0.67113
  0.66404
  0.65958
  0.65908
  0.65308
  0.64502
  0.64652
  0.65007
  0.65488
  0.64356
  0.64023
  0.64250
  0.66668
  0.67088
  0.65459
  0.64699
  0.65537
  0.66334
  0.66428
  0.65508
  0.65344
  0.65834
  0.66334
  0.66712
  0.66226
  0.66859
  0.66019
  0.66174
  0.66224
  0.66091
  0.66168
  0.66860
  0.66557
  0.67005
  0.67090
  0.66110
  0.65736
  0.66008
  0.64696
  0.64621
  0.65112
  0.64898
  0.64491
  0.64439
  0.64660
  0.65764
  0.65724
  0.65988
  0.65537
  0.65729
  0.66861
  0.67096
  0.66183
  0.65929
  0.66336
  0.67183
  0.67709
  0.67207
  0.66565
  0.67137
  0.67593
  0.67407
  0.66053
  0.66056
  0.67936
  0.67445
  0.66050
  0.66035
  0.66291
  0.66329
  0.66319
  0.66058
  0.66434
  0.66223
  0.67021
  0.65354
  0.65251
  0.65700
  0.67051
  0.64459
  0.63383
  0.64921
  0.65493
  0.65740
  0.65967
  0.66080
  0.64554
  0.63766
  0.63665
  0.62369
  0.62094
  0.61443
  0.61390
  0.61406
  0.60304
  0.60835
  0.59757
  0.60209
  0.60287
  0.60209
  0.59274
  0.58815
  0.58183
  0.58631
  0.58214
  0.57330
  0.57485
  0.57251
  0.55093
  0.53482
  0.52776
  0.50426
  0.49591
  0.47174
  0.47199
  0.45711
  0.42874
  0.39847
  0.35093
  0.31400
  0.29120
  0.25712
  0.24337
  0.20008
  0.17544
  0.17213
  0.12439
  0.09424
  0.07930
  0.07731
  0.07896
  0.07692
  0.07146
  0.06632
  0.07372
  0.07604
  0.10003
  0.12013
  0.15249
  0.18777
  0.21180
  0.23724
  0.29826
  0.29142
  0.32839
  0.35876
  0.38913
  0.40465
  0.41193
  0.42266
  0.43869
  0.46575
  0.47208
  0.51503
  0.51053
  0.51060
  0.54111
  0.54739
  0.55087
  0.55774
  0.56388
  0.58866
  0.60753
  0.62593
  0.63942
  0.63217
  0.61956
  0.61773
  0.61961
  0.62475
  0.62474
  0.63467
  0.63514
  0.65155
  0.65734
  0.65621
  0.65174
  0.64055
  0.64065
  0.64603
  0.64081
  0.64658
  0.64522
  0.64294
  0.64302
  0.65406
  0.65945
  0.65684
  0.65455
  0.67236
  0.67433
  0.67159
  0.66006
  0.66212
  0.65430
  0.64526
  0.64917
  0.64753
  0.64315
  0.64643
  0.64977
  0.65202
  0.65442
  0.65774
  0.65529
  0.65309
  0.65348
  0.66388
  0.67186
  0.67468
  0.67703
  0.68096
  0.68392
  0.68461
  0.68784
  0.68312
  0.68539
  0.68877
  0.66930
  0.66491
  0.66535
  0.67709
  0.68159
  0.67782
  0.68234
  0.68977
  0.69774
  0.68671
  0.68552
  0.68932
  0.70770
  0.70802
  0.70412
  0.70334
  0.70750
  0.70667
  0.70757
  0.70796
  0.69264
  0.69148
  0.68883
  0.68324
  0.69261
  0.68751
  0.68924
  0.69242
  0.68760
  0.68464
  0.68407
  0.68121
  0.68235
  0.68381