3112.31
3117.74
3121.88
3114.39
3119.61
3128.93
3137.07
3145.25
3146.53
3149.30
3155.81
3163.85
3093.67
3100.60
3165.27
3163.19
3162.74
3162.50
3159.69
3160.95
3155.40
3150.44
3159.14
2995.25
3060.36
3077.88
3152.20
3155.67
3151.86
3152.00
3154.83
3152.50
3154.44
3154.44
3151.67
3145.67
3142.22
3134.00
3132.32
3132.96
3064.33
3125.89
3124.38
3127.56
3128.00
3127.29
3135.14
3134.27
3136.04
3144.50
3140.31
3143.87
3103.50
3158.18
3152.75
3148.93
3147.75
3148.89
3141.12
3116.57
3077.24
3118.24
3149.29
3091.15
3086.68
3093.50
3093.12
3079.95
3084.31
3093.55
3093.82
3098.10
3098.46
3104.00
3108.17
3122.38
3121.48
3112.04
3124.00
3123.73
3112.36
3124.56
3127.36
3128.40
3124.50
3116.31
3120.26
3121.46
3119.07
3120.90
3118.03
3116.00
3115.83
3116.33
3116.72
3119.35
3122.38
3120.57
3125.00
3127.83
3121.14
3120.50
3122.82
3112.25
3109.94
3107.80
3106.71
3097.59
3098.50
3099.84
3099.25
3099.57
3092.00
3106.12
3108.30
3109.25
3109.35
3108.18
3111.77
3117.74
3120.65
3125.14
3127.54
2985.00
3134.96
3138.56
3148.16
3144.72
3145.91
3143.81
3149.92
3147.04
3091.04
3143.25
3147.50
3146.00
3137.18
3142.12
3140.32
3142.71
3147.68
3152.78
3148.32
3143.25
3153.47
3151.78
3160.47
3169.91
3167.50
3170.09
3167.79
3165.58
3166.54
3167.62
3166.00
3164.05
3165.18
3169.57
3171.14
3166.86
3165.47
3165.07
3168.26
3174.39
3179.41
3177.60
3183.20
3185.17
3189.86
3186.70
3187.89
3187.75
3188.80
3187.58
3190.10
3189.78
3189.00
3190.29
3187.29
3181.22
3182.11
3178.50
3179.69
3179.36
3181.20
3167.71
3175.67
3175.80
3177.47
3065.55
3178.17
3178.77
3181.45
3180.07
3178.45
3180.13
3184.67
3175.81
3175.95
3175.23
3173.62
3175.81
3169.71
3174.06
3182.17
3175.86
3181.39
3195.82
3196.85
3214.06
3216.50
3218.47
3231.15
3236.19
3234.41
3230.50
3236.46
3236.09
3234.81
3230.17
3228.39
3229.50
3213.17
3216.50
3211.71
3212.00
3207.00
3207.00
3212.00
3212.25
3212.75
3215.00
3213.29
3216.67
3214.00
3216.67
3219.62
3215.50
3218.44
3220.00
3219.17
3223.50
3252.81
3265.35
3218.27
3241.51
3297.25
3302.33
3312.25
3325.00
3322.00
3325.33
3324.50
3330.17
3329.70
3333.00
3337.33
3334.73
3333.70
3335.75
3337.67
3338.00
3336.18
3339.00
3337.64
3333.00
3348.50
3334.50
3332.62
3339.30
3340.08
3338.25
3339.19
3345.56
3345.08
3339.74
3336.88
3337.89
3341.62
3339.79
3340.45
3336.64
3332.33
3333.00
3330.71
3333.00
3340.00
3340.00
3336.11
3329.75
3337.50
3337.31
3339.43
3339.50
3340.67
3342.33
3395.70
3393.73
3398.00
3399.93
3399.27
3401.00
3405.20
3399.00
3392.00
3396.61
3393.67
3390.83
3396.11
3390.60
3389.86
3385.50
3387.00
3385.50
3389.40
3389.40
3390.83
3390.29
3376.29
3391.50
3394.09
3396.43
3395.36
3395.33
3394.89
3404.00
3408.16
3421.42
3405.88
3409.92
3411.14
3415.63
3407.58
3409.70
3411.12
3414.89
3417.90
3414.54
3411.00
3414.62
3415.35
3416.80
3419.86
3405.50
3415.78
3425.56
3427.00
3426.71
3425.80
3423.25
3417.75
3422.90
3420.10
3415.92
3418.89
3418.50
3415.62
3387.71
3386.38
3387.87
3383.00
3375.12
3377.67
3372.40
3374.17
3374.83
3375.75
3370.82
3371.00
3362.08
3364.90
3364.74
3364.53
3365.71
3367.08
3361.67
3356.77
3353.90
3356.36
3355.38
3355.42
3357.00
3353.85
3352.00
3354.29
3366.00
3354.14
3352.95
3350.06
3343.09
3351.95
3324.94
3313.22
3316.71
3310.41
3297.47
3284.79
3298.62
3287.38
3285.27
3280.60
3282.14
3281.93
3281.22
3282.62
3280.80
3281.38
3281.71
3284.20
3283.33
3277.50
3280.12
3278.17
3276.00
3272.55
3269.89
3276.93
3275.00
3266.89
3272.57
3266.91
3259.00
3243.30
3251.31
3247.19
3266.50
3252.57
3262.62
3258.00
3263.20
3251.50
3248.64
3251.21
3247.76
3251.00
3256.50
3255.50
3251.90
3262.27
3259.21
3261.17
3267.50
3266.60
3270.67
3272.67
3270.50
3190.85
3268.70
3045.84
3235.33
2796.00
3227.86
3227.33
3228.00
3222.50
3225.50
3225.91
3222.50
3228.64
3233.56
3231.11
3229.69
3229.56
3242.36
3232.55
3246.29
3231.33
3276.00
3289.15
3295.81
3302.45
3306.83
3303.31
3300.08
3294.00
3296.85
3288.64
3288.96
3286.74
3282.12
3274.89
3273.11
3272.00
3260.89
3265.86
3266.29
3271.71
3275.54
3274.61
3278.57
3278.69
3277.82
3278.89
3279.10
3279.20
3277.67
3272.58
3267.06
3270.72
3263.22
3263.17
3259.56
3259.27
3253.43
3252.25
3251.20
3249.60
3248.88
3249.33
3253.20
3252.75
3252.33
3259.67
3259.19
3259.00
3264.00
3260.00
3267.36
3267.67
3263.20
3264.90
3267.50
3264.75
3264.00
3272.11
3279.00
3305.75
3322.87
3316.10
3323.18
3336.31
3331.52
3322.64
3318.00
3314.59
3302.11
3298.42
3301.41
3298.65
3298.00
3297.17
3298.73
3295.05
3294.16
3293.84
3291.11
3300.12
3298.71
3300.25
3300.75
3295.79
3291.58
3297.64
3298.53
3300.80
3296.32
3304.06
3305.36
3301.94
3297.46
3303.83
3307.05
3307.00
3310.43
3311.00
3311.60
3298.82
3299.56
3299.19
3303.47
3302.09
3303.90
3304.25
3304.89
3304.85
3302.42
3301.50
3300.72
3305.38
3305.92
3307.50
3319.00
3304.10
3308.78
3327.47
3328.53
3321.44
3324.00
3314.00
3318.67
3325.00
3335.42
3339.83
3337.25
3343.17
3247.08
3350.28
3359.14
3356.05
3360.04
3375.52
3375.47
3382.13
3380.58
3397.15
3397.62
3397.71
3396.00
3396.23
3394.88
3393.40
3397.00
3395.79
3396.00
3395.53
3399.00
3403.00
3407.42
3410.60
3405.90
3400.00
3400.09
3405.90
3407.00
3434.55
3443.94
3457.50
3450.26
3448.38
3451.71
3454.90
3453.70
3456.20
3453.39
3450.61
3449.61
3450.35
3451.78
3455.57
3454.62
3449.00
3449.00
3447.50
3453.89
3453.69
3463.65
3454.00
3453.29
3455.33
3453.62
3472.89
3485.45
3222.50
3330.10
3487.67
3486.78
3486.60
3491.20
3489.75
3490.67
3488.12
3487.50
3488.67
3501.11
3496.73
3532.43
3505.86
3528.88
3542.51
3566.82
3567.33
3565.25
3492.95
3571.39
3354.36
3589.50
3594.00
3593.33
3340.00
3592.00
3595.27
3599.09
3612.75
3611.60
3622.00
3608.85
3607.75
3613.00
3614.44
3615.08
3625.40
3624.71
3625.67
3630.75
3528.00
3511.00
3629.00
3623.75
3630.00
3631.46
3639.00
3630.74
3648.05
3694.67
3714.75
3696.90
3703.00
3702.21
3709.28
3722.91
3723.08
3721.33
3722.00
3277.86
3730.00
3723.00
3719.67
3719.00
3721.20
3721.31
3718.54
3716.83
3720.00
3721.40
3718.55
3716.33
3715.20
3726.75
3718.83
3733.00
3710.80
3687.07
3689.57
3769.71
3775.60
3779.67
3794.61
3781.00
3816.26
3816.45
3834.06
3835.27
3824.75
3856.00
3863.09
3213.33
3719.15
3871.44
3883.62
3870.60
3895.33
3891.45
3903.74
3900.84
3915.43
3920.53
3920.10
3928.59
3862.47
3945.18
3936.00
3949.23
3950.67
3947.29
3948.64
3949.75
3967.67
3984.85
3957.23
3990.04
3986.55
3996.00
4001.85
4017.50
4029.06
4037.10
4039.46
4047.87
4053.39
4054.34
4058.67
3939.12
4077.47
3983.77
4084.44
4087.73
4094.28
3971.56
4007.91
3997.63
4124.07
4032.08
4118.17
4103.62
4125.98
4154.45
4128.29
4195.56
4185.16
4211.00
4252.97
4206.42
4107.95
4229.00
4242.42
4243.45
4243.22
4246.00
4246.22
4245.14
4247.75
4248.21
4251.89
4253.90
4249.50
4250.30
4252.18
4247.55
4248.36
4250.47
4247.69
4247.58
4325.56
4358.85
4364.26
4373.75
4407.04
4353.39
4430.81
4435.98
4461.12
4459.29
4467.73
4453.33
4457.24
4489.52
4491.42
4494.57
4511.09
4519.90
4518.27
4516.92
4519.44
4524.56
4528.17
4527.67
4526.57
4528.43
4529.80
4530.11
4535.00
4533.80
4534.76
4534.94
4537.38
4540.36
4543.55
4547.46
4545.00
4547.12
4575.94
4571.21
4582.12
4591.20
4590.38
4603.68
4609.08
4609.15
4612.29
4623.67
4641.92
4639.31
4646.79
4650.47
4651.05
4653.67
4653.67
4661.70
4652.25
4669.00
4668.90
4674.50
4666.83
4668.67
4671.29
4672.11
4695.14
4522.33
4714.81
4717.25
4712.50
4716.27
4736.14
4730.50
4732.00
4742.89
4740.00
4749.54
4758.15
4751.14
4833.25
4765.06
4790.74
4805.51
4807.92
4815.69
4837.77
4845.40
4841.70
4838.29
4837.31
4844.00
4847.92
4847.70
4846.58
4847.00
4846.62
4849.25
4847.57
4848.33
4846.00
4859.14
4877.91
4872.08
4880.79
4893.20
4907.84
4910.88
4911.00
4921.72
4921.97
4921.00
4923.68
4925.22
4928.42
4928.67
4927.14
4931.83
4924.46
4920.60
4919.88
4922.42
4921.29
4925.22
4926.38
4927.70
4929.00
4930.57
4930.08
4932.17
4928.67
4932.33
4932.58
4931.20
4933.81
4936.00
4932.27
4936.26
4943.27
4944.61
4945.88
4942.91
4942.22
4961.92
4964.62
4968.38
4970.94
4973.63
4971.14
4975.32
4975.00
4980.93
4984.33
4987.27
4983.00
4974.00
4967.00
4973.21
4968.19
4974.75
4980.93
4977.85
4972.17
4974.75
4970.91
4969.24
4971.64
4971.20
4972.92
4980.16
4973.23
4969.43
4963.67
4967.94
4967.80
4959.82
4961.75
4957.50
4936.75
4940.53
4939.58
4940.00
4934.06
4936.25
4935.63
4936.76
4937.53
4935.52
4921.07
4927.04
4920.85
4914.65
4909.40
4916.23
4897.17
4885.62
4880.64
4860.86
4853.84
4854.43
4850.49
4844.83
4836.26
4834.11
4829.73
4822.42
4805.25
4808.00
4806.51
4806.54
4805.06
4789.21
4783.26
4765.04
4770.25
4816.00
4759.56
4761.36
4748.60
4750.67
4746.43
4793.67
4771.29
3002.59
2615.25
2933.28
3137.84
3500.83
4430.21
4364.53
4645.08
4372.70
4774.00
4699.00
4466.75
4694.36
4689.33
4438.71
4682.81
4649.98
4649.81
4647.31
4640.25
4597.90
4592.56
4589.80
4570.16
4572.23
4557.66
4541.73
4537.59
4513.25
4519.83
4519.52
4254.40
4511.60
4515.14
4504.83
4502.91
4498.69
4494.32
4489.75
4493.38
4493.00
4492.09
4488.00
4486.50
4487.00
4485.50
4392.26
4400.68
4387.75
4253.43
4313.40
4322.22
4336.85
4317.69
4282.06
4272.28
4276.64
4259.68
4263.00
4263.18
4253.15
4256.32
4260.29
4010.00
3873.75
3983.35
4262.94
4258.80
4266.00
4266.38
4266.80
4269.62
4265.12
4255.60
4187.00
4144.29
4155.38
4157.56
4134.40
4126.75
4127.60
4117.10
4120.00
4123.55
4119.42
4121.70
4096.43
4084.05
4096.60
4000.07
4066.45
4066.08
4060.47
4050.07
4028.07
4019.27
4022.33
4022.44
4042.67
4004.40
4010.70
3987.20
3975.96
3977.73
3949.75
3948.19
3928.71
3922.00
3899.39
3893.53
3893.00
3893.74
3888.53
3885.82
3887.00
3885.80
3885.33
3882.00
3885.45
3881.63
3874.87
3860.15
3858.67
3853.57
3832.81
3826.75
3786.00
3801.78
3802.94
3800.08
3623.91
3787.00
3786.33
3780.50
3780.33
3781.55
3777.13
3777.00
3773.57
3777.42
3774.60
3771.75
3769.50
3733.64
3704.31
3724.04
3716.82
3652.77
3617.38
3694.21
3692.50
3695.57
3681.73
3677.62
3676.18
3686.75
3679.27
3678.13
3671.28
3672.68
3661.59
3658.31
3664.96
3656.69
3656.40
3660.43
3640.40
3635.89
3626.67
3622.50
3619.44
3612.60
3607.29
3623.60
3625.67
3623.83
3588.16
3584.79
3572.64
3563.98
3561.00
3492.07
3557.50
3544.75
3501.00
2971.33
2972.67
3499.50
3502.00
3502.33
3492.40
3484.42
3477.47
3479.94
3465.36
3463.03
3465.71
3363.53
3366.53
3459.09
3459.62
3457.21
3455.69
3453.10
3456.73
3458.72
3461.54
3463.78
3469.15
3472.14
3465.35
3478.14
3473.75
3479.00
3484.88
3486.33
3483.82
3481.81
3481.64
3477.32
3476.60
3468.18
3450.26
3473.22
3441.08
3433.58
3430.73
3417.29
3417.93
3413.16
3409.00
3416.19
3413.85
3277.64
3251.00
3410.72
3406.93
3405.88
3403.87
3320.67
3407.00
3403.88
3401.56
3405.00
3398.23
3396.50
3397.59
3403.17
3401.14
3402.25
3407.27
3405.40
3408.14
3400.72
3400.89
3404.43
3396.19
3395.54
3400.00
3395.92
3392.40
3376.83
3336.22
3324.75
3338.27
3310.43
3298.08
3303.33
3302.67
3301.80
3296.27
3300.47
3298.56
3297.44
3299.29
3305.17
3306.00
3306.12
3310.73
3309.71
3309.88
3312.71
3310.20
3312.00
3325.07
3331.29
3335.20
3337.45
3333.75
3333.05
3317.09
3304.78
3320.75
3309.67
3294.38
3298.04
3299.54
3286.44
3286.00
3274.73
3270.44
3265.18
3267.56
3265.40
3249.00
3255.00
3242.60
3249.64
3247.50
3246.58
3244.17
3246.00
3247.00
3243.17
3241.00
3240.21
3251.00
3250.60
3235.86
3239.56
3236.67
3243.40
3240.25
3227.50
3207.67
3188.00
3183.00
3183.83
3184.83
3172.29
3176.83
3179.79
3182.47
3177.29
3176.65
3175.13
3178.36
3070.67
3177.54
3180.67
3182.94
3183.88
3183.67
3185.46
3184.53
3183.36
3184.55
3190.25
3189.83
3190.50
3188.60
3189.75
3193.00
3194.33
3196.00
3203.20
3200.00
3203.33
3200.00
3208.00
3204.00
3205.67
3208.38
3202.62
3206.10
3205.00
3205.11
3202.80
3198.00
3195.33
3202.69
3201.70
3195.57
3209.32
3212.42
3208.92
3350.87
3211.25
3213.20
3212.40
3232.00
3225.00
3232.17
3228.71
3226.50
3228.00
3225.00
3223.00
3223.00
3218.54
3220.68
3218.82
3206.00
3206.38
3205.33
3205.55
3208.54
3210.11
3203.22
3206.60
3213.33
3210.66
3213.96
3214.61
3217.73
3221.22
3221.27
3236.21
3234.60
3239.25
3236.48
3237.10
3238.89
3235.89
3234.22
3233.05
3233.79
3229.19
3230.05
3231.62
3230.64
3232.00
3230.78
3230.70
3230.78
3231.31
3230.15
3232.80
3231.69
3232.00
3232.24
3234.50
3235.72
3235.55
3236.17
3241.83
3247.67
3246.67
3245.50
3249.20
3241.00
3241.94
3249.27
3258.11
3243.60
3237.67
3242.38
3242.00
3240.40
3244.00
3242.38
3265.36
3258.08
3262.89
3261.50
3270.56
3284.00
3280.67
3296.00
3301.29
3305.48
3316.45
3314.88
3311.29
3337.83
3339.11
3327.42
3339.58
3340.00
3338.60
3338.77
3351.29
3354.00
3355.00
3349.17
3345.00
3343.82
3349.21
3346.82
3347.45
3343.57
3342.62
3340.00
3336.88
3341.00
3338.68
3342.16
3342.14
3347.07
3341.00
3338.21
3342.18
3344.00
3343.31
3341.88
3341.06
3347.12
3340.71
3339.14
3335.00
3334.50
3334.00
3334.50
3337.00
3335.75
3335.00
3332.50
3329.33
3333.57
3332.10
3332.11
3329.89
3329.00
3322.25
3322.00
3337.10
3337.50
3337.00
3339.60
3340.33
3334.78
3333.40
3337.75
3342.50
3358.95
3227.18
3360.83
3357.78
3356.39
3353.93
3358.83
3345.88
3341.88
3337.44
3336.59
3312.67
3305.00
3372.43
3298.10
3284.94
3282.50
3285.25
3280.29
3278.48
3270.73
3253.47
3262.43
3250.00
3249.71
3255.91
3264.60
3270.18
3270.94
3270.06
3271.48
3271.17
3273.89
3270.80
3180.87
3276.27
3270.64
3190.82
3279.08
3275.82
3258.13
3252.10
3244.60
3236.22
3218.00
3215.62
3220.14
3214.67
3218.38
3214.92
3214.87
3215.67
3217.72
3214.00
3215.55
3216.38
3216.08
3214.62
3216.83
3217.90
3217.08
3216.00
3215.92
3219.60
3216.87
3216.27
3216.08
3218.12
3217.83
3204.10
3168.33
3220.00
3206.42
3143.50
3145.50
3149.56
3148.86
3149.88
3153.00
3153.09
3155.43
3158.00
3158.75
3160.86
3160.83
2981.29
3159.25
3159.47
3156.75
3158.95
3154.70
3153.50
3152.74
3154.20
3154.85
3150.40
3143.40
3107.83
3096.81
3096.90
3096.52
3095.88
3097.36
3099.07
3099.94
3101.82
3104.38
3102.80
3102.71
3111.25
3111.76
3111.59
3109.64
3109.43
3116.43
3113.87
3117.20
3137.45
3143.13
3146.40
3146.69
3148.87
3150.08
3152.89
3146.25
3141.92
3124.54
3124.53
3120.07
3116.51
3114.56
3079.97
3112.40
3115.00
3102.42
2988.75
3089.64
3086.73
3086.50
3084.50
3083.57
3083.33
3080.90
3067.80
3069.12
3065.56
3071.11
3076.90
3082.57
3082.80
3086.40
3084.11
3072.92
3082.25
3081.00
3078.00
3067.56
3058.87
3202.60
3067.19
3068.06
3083.17
3075.46
3069.54
3070.43
3080.75
3078.69
3085.43
3093.33
3093.89
3089.43
3088.78
3090.57
3091.25
3092.57
3098.69
3316.67
3087.70
3086.00
3083.00
3079.00
3084.50
3090.08
3095.67
3089.70
3090.17
3086.29
3085.67
3087.50
3094.71
3093.70
3090.80
3092.73
3093.53
3073.30
3046.87
3054.36
3048.90
3042.80
3041.07
3040.04
3037.71
3036.09
3033.73
3034.40
3035.79
2976.95
3041.65
3041.88
3040.00
3041.06
3043.43
3043.62
3043.33
3046.11
3052.47
3054.38
3056.30
3053.36
3050.29
3051.75
3046.54
3052.48
3041.24
3053.14
3042.32
3038.24
3031.43
3025.57
3026.50
3029.10
3030.18
3026.75
3029.86
3032.10
3040.86
3047.00
3043.11
3040.17
3045.35
3052.37
3059.27
3059.50
3072.40
3047.79
3059.56
3072.50
3075.57
3076.17
3084.67
3081.00
3085.21
3081.58
3076.21
3073.72
3068.27
3064.74
3065.09
3062.30
3061.81
3064.56
3068.00
3070.38
3067.32
3068.44
3068.20
3065.44
3059.45
3059.59
3056.72
3057.53
3046.12
3043.00
3038.11
3032.75
3029.15
3033.60
3034.45
3033.83
3031.75
3029.87
3034.50
3033.28
3036.09
3032.59
3032.00
3038.05
3036.70
3034.17
3040.27
3038.75
3035.25
3031.17
3032.56
3036.83
3035.90
3031.61
3031.80
3028.30
3024.17
3005.44
3021.33
3023.25
3029.83
3032.60
3031.00
3028.25
3027.67
3028.27
3027.33
3035.00
3060.11
3057.35
3063.04
3078.48
3073.08
3087.40
3088.88
3080.77
3098.33
3100.75
3000.42
2950.25
2997.21
3092.38
3096.12
3097.45
3092.11
3093.24
3091.45
3088.27
3073.92
3075.93
3071.06
3072.60
3082.50
3076.60
3084.33
3090.57
3088.13
3097.74
3095.90
3097.59
3107.64
3103.75
3103.00
3116.36
3118.00
3102.75
3117.50
3115.96
3103.24
3104.67
3106.54
3107.00
3100.77
3097.20
3093.44
3092.22
3071.87
3063.44
3051.62
3040.86
3033.00
3031.95
3026.89
3030.81
3028.50
3031.67
3027.79
3018.00
3018.12
3020.22
3015.67
3012.83
3013.38
3022.83
3014.38
3012.62
3016.55
3019.14
3016.23
3015.36
3011.73
3011.20
3007.93
3006.12
3004.85
3003.20
2991.65
2999.60
2991.75
2994.71
2993.52
2993.07
2993.13
2991.24
2983.00
2981.44
2986.75
2985.83
2987.38
2985.48
2985.71
2986.72
2986.60
2988.00
2982.38
2981.33
2978.88
2970.44
2972.70
2976.80
2976.10
2977.29
2975.09
2977.58
2982.00
2979.12
2979.50
2983.92
2983.70
2986.83
2994.56
3007.05
2997.22
3002.46
3026.18
3033.77
3039.14
3032.79
3040.76
3044.22
2994.95
3043.14
2995.38
2982.70
2951.57
2980.29
3031.50
3030.50
3017.59
3005.93
3004.23
3003.05
3001.08
2995.95
3003.54
3004.10
3003.37
3006.79
3000.47
3020.39
3021.56
3031.36
3029.30
3041.25
3036.40
3043.50
3043.17
3036.75
3030.00
3031.12
3028.19
3031.80
3033.23
3020.80
3021.00
3024.00
3023.00
3018.83
3020.57
3016.62
3019.00
3029.17
3026.00
3023.80
3039.00
3035.11
3043.24
3024.59
3034.93
3055.24
3058.54
2941.22
3073.38
3064.75
3066.18
3060.82
3058.46
3060.35
3058.65
3052.44
3057.26
3052.93
3054.58
3057.88
3067.88
3075.29
3070.09
3060.62
3071.26
3079.19
3072.50
3083.15
3086.52
3090.77
3091.48
3090.35
3086.21
3089.00
3077.00
3079.50
3080.60
3071.14
3093.38
3101.41
3100.35
3101.40
3106.27
3115.00
3102.50
3107.38
3068.20
3136.53
3127.46
3121.71
3119.70
3136.91
3141.73
3145.40
3151.20
3157.94
3160.45
3162.94
3163.42
3158.00
3164.00
3162.93
3169.56
3170.88
3172.52
3178.43
3173.48
3173.85
3175.89
3178.20
3181.00
3182.33
3177.00
3183.67
3178.00
3178.95
3182.57
3181.15
3172.78
3173.61
3172.29
3173.71
3173.12
3172.74
3174.44
3175.40
3175.14
3172.42
3182.00
3181.00
3223.81
3207.38
3226.55
3227.83
3230.04
3234.20
3240.08
3247.50
3253.15
3254.45
3255.07
3194.70
3190.50
3244.14
3167.56
3249.86
3234.77
3199.45
3235.47
3235.73
3232.48
3229.60
3224.10
3222.94
3232.31
3230.03
3223.86
3226.45
3220.33
3228.70
3229.95
3232.87
3230.78
3231.67
3230.27
3230.17
3229.09
3227.00
3226.19
3224.85
3222.88
3221.41
3214.44
3210.40
3216.31
3214.33
3195.57
3196.25
3181.63
3168.17
3164.67
3159.33
3156.33
3157.00
3150.67
3151.50
3158.60
3150.67
3149.15
3149.54
3143.60
3060.47
3140.25
3138.67
3144.20
3131.50
3125.58
3136.60
3142.00
3121.10
3113.38
3111.21
3109.69
3108.07
3105.79
3029.88
3099.07
3097.88
2995.17
3096.08
3090.17
3078.12
3079.90
3075.74
3070.00
3070.92
3069.71
3066.86
3057.74
3055.50
3057.86
3056.83
3055.69
3058.36
3060.73
3061.12
3062.25
3064.11
3067.00
3062.69
3061.62
3058.17
3052.92
3054.89
3053.82
3050.25
2975.75
3038.10
3033.17
3031.00
3028.00
3030.00
3030.33
3030.79
3032.50
3031.38
3028.22
3033.18
3036.50
3038.96
3040.35
3047.42
3042.50
3040.30
3046.43
3049.23
3052.55
3059.32
3058.77
3059.83
3056.67
3061.00
3055.40
3056.50
3058.93
3059.57
3060.35
3066.33
3059.88
3060.00
3060.33
3059.40
3060.30
3067.50
3068.80
3064.12
3084.55
3089.83
3092.00
3083.57
3078.00
3081.00
3074.93
3066.60
3074.17
2944.56
2974.00
3067.00
2967.08
3072.14
3067.20
3069.78
3080.90
3081.65
3075.50
3088.00
2956.67
3093.10
3099.43
3100.12
3102.81
3102.94
3219.22
3101.29
3100.50
3082.86
3078.39
3071.08
3094.39
3059.09
3064.48
3058.76
3038.58
3041.12
3037.76
3040.30
3036.79
3032.17
3021.67
3028.82
3031.27
3029.93
3026.79
3026.20
2938.64
3018.60
2960.48
3003.92
3004.00
3002.64
2999.00
3000.44
2999.17
2997.91
2998.22
3001.26
2998.43
2992.86
2989.15
2983.05
2994.50
2977.55
2976.42
2854.78
2854.67
2975.64
2984.09
2979.22
2981.27
2986.94
2988.00
2985.86
2987.33
2986.00
2985.67
2980.64
2979.76
2982.31
2980.00
2978.45
2977.43
2980.00
2980.32
2987.83
2981.38
2986.69
2986.46
2988.00
2992.58
2994.79
2994.95
2994.11
2992.31
2992.07
2988.53
2987.79
2986.55
2987.00
2991.80
2992.40
2994.56
2998.30
2994.18
2996.08
2993.15
2992.67
2992.20
2994.75
2992.86
2988.58
2989.50
2984.16
2977.79
2987.17
2980.36
2975.09
2981.64
2975.20
2983.92
2984.47
2984.12
2987.75
2985.60
2982.48
2975.58
2979.43
2980.55
2979.90
2972.23
2977.53
2972.54
2968.30
2968.40
2966.43
2967.00
2962.50
2965.83
2966.40
2968.60
2973.25
2973.12
2971.54
2975.90
2979.00
2980.29
2982.50
2981.06
2978.26
2983.00
2986.00
2989.04
2983.05
2988.62
2986.12
2980.70
2982.53
2981.24
2975.91
2979.55
2978.71
2974.93
2976.31
2975.67
2972.89
2978.08
2976.33
2971.45
2966.95
2971.47
2970.33
2967.62
2967.00
2962.38
2955.20
2949.73
2947.40
2946.14
2945.83
2960.50
2941.55
2938.09
2942.50
2938.56
2934.85
2935.70
2940.29
2935.50
2941.38
2948.67
2951.53
2958.00
2951.00
2952.55
2958.04
2951.93
2958.42
2957.67
2962.73
2962.69
2963.00
2956.89
2954.88
2956.06
2955.67
2955.44
2955.00
2963.46
2968.73
2966.93
2962.69
2974.38
2972.67
2974.44
2976.60
2980.22
2979.00
2977.71
2974.42
2972.00
2970.29
2966.50
2969.38
2968.00
2962.62
2958.38
2958.00
2951.62
2950.79
2950.00
2945.43
2950.44
2945.00
2939.04
2941.93
2929.56
2931.11
2931.43
2929.00
2934.29
2934.37
2935.50
2937.18
2939.00
2942.69
2943.50
2942.50
2942.50
2944.55
2944.38
2946.57
2946.86
2948.33
2952.33
2952.60
2949.17
2954.25
2955.00
2951.50
2958.00
2928.30
2933.87
2916.21
2903.20
2893.95
2881.72
2883.23
2880.47
2876.28
2869.49
2860.15
2867.80
2854.25
2848.44
2850.54
2859.43
2854.93
2854.59
2858.69
2876.08
2887.30
2894.19
2904.03
2927.92
2920.90
2918.40
2924.33
2925.00
2934.71
2937.00
2876.31
2944.17
2948.32
2943.87
2949.50
2953.00
2951.14
2959.42
2962.75
2964.07
2970.10
2963.82
2966.67
2971.00
2972.11
2969.73
2967.64
2972.17
2971.11
2974.65
2976.55
2976.57
2978.29
2977.40
2990.00
2993.44
2989.57
2995.10
2989.20
2993.14
2999.29
2990.00
2990.00
2982.85
2983.65
2983.44
2977.80
2968.20
2968.80
2973.86
2977.71
2976.57
2981.00
2982.22
2983.83
2980.00
2983.80
2981.11
2986.44
2982.25
2985.08
2985.73
2985.31
2993.67
2992.45
2993.73
2992.69
2994.29
2993.77
2992.46
2998.91
2997.00
3002.70
3003.42
3002.22
3001.83
3001.21
3002.42
3003.55
3002.90
3002.50
3003.91
3014.64
3006.00
3008.80
3016.29
3018.71
3022.25
3019.00
3017.62
3021.11
3019.43
3021.00
3024.12
3022.80
3037.57
3039.06
3043.07
3042.07
3044.42
3042.37
3042.52
3039.74
3040.81
3045.04
3046.17
3027.40
3049.33
3046.96
3042.79
3044.20
3044.76
3046.42
3053.33
3062.25
3061.38
3066.40
3071.87
3072.00
3074.93
3073.26
3076.00
3084.00
3083.25
3085.88
3084.60
3084.33
3090.00
3087.62
3092.82
3092.83
3089.71
3095.40
3095.00
3095.08
3100.33
3103.41
3108.84
3110.92
3112.42
3112.67
3115.42
3111.61
3116.56
3123.29
3124.29
3129.20
3135.62
3139.73
3133.71
3141.47
3143.75
3147.79
3144.80
3158.50
3160.50
3165.00
3164.04
3171.06
3173.71
3172.29
3175.00
3177.60
3180.25
3183.00
3182.29
3182.00
3181.75
3181.60
3179.80
3181.67
3177.40
3172.31
3159.67
3164.93
3163.71
3166.96
3164.07
3162.97
3161.55
3168.89
3160.71
3162.55
3166.74
3169.39
3169.26
3168.76
3177.29
3168.62
3172.94
3162.50
3158.90
3161.97
3160.92
3151.20
3147.53
3144.00
3145.06
3150.83
3147.00
3146.00
3148.06
3148.22
3152.57
3155.38
3153.71
3147.28
3148.89
3148.10
3145.00
3149.00
3146.60
3144.00
3123.80
3123.30
3116.56
3113.72
3110.90
3104.00
3108.19
3104.75
3101.50
3110.86
3096.60
3090.78
3087.25
3078.50
3065.20
3068.00
3070.64
3068.75
3070.00
3065.75
3078.00
3079.00
3082.00
3079.56
3087.44
3088.50
3092.40
3094.38
3091.07
3023.70
3084.86
3087.92
3092.47
3082.45
3086.91
3088.50
3043.35
3037.73
3041.58
2963.24
3025.93
3028.45
3022.64
3024.29
3025.50
3026.31
3037.58
3037.27
3036.79
3037.79
3039.06
3041.58
3039.22
3034.30
3033.50
3033.08
3024.54
3014.61
2757.82
3015.42
3011.14
3085.57
2946.82
2992.79
2996.64
2996.26
2998.38
2995.78
3002.06
3001.87
2995.14
2992.81
2989.44
2989.81
2994.81
2994.95
2983.55
2982.00
2978.31
2985.38
2983.78
2982.80
2980.65
2980.25
2978.38
2978.05
2973.40
2976.00
2969.69
2964.85
2967.64
2965.67
2979.00
2972.77
2972.18
2978.77
2973.06
2974.87
2979.33
2983.08
2987.06
2983.16
2987.50
2983.60
2980.88
2978.92
2970.60
2980.70
2977.62
2978.14
2971.27
2971.67
2968.92
2968.71
2969.38
2971.36
2971.14
2969.00
2964.67
2971.78
2968.93
2972.93
2972.11
2972.25
2967.12
2982.00
2970.62
2958.00
2969.05
2980.50
2958.56
2956.94
2936.54
2924.26
2927.67
2931.51
2925.07
2920.69
2927.32
2924.68
2928.62
2922.94
2923.46
2929.57
2915.75
2930.00
2935.06
2935.44
2932.32
2928.83
2929.86
2925.47
2927.18
2923.78
2924.88
2919.96
2915.44
2911.67
2909.60
2903.50
2903.50
2898.00
2898.00
2903.00
2901.00
2902.00
2902.00
2905.14
2908.10
2912.70
3064.68
2913.13
2916.47
2917.37
2917.42
2917.91
2917.29
2921.29
2919.33
2914.20
2913.14
2916.50
2919.27
2916.11
2925.40
2921.17
2928.40
2929.40
2922.90
2922.94
2924.71
2924.45
2926.13
2926.23
2941.42
2945.24
2930.93
2936.24
2951.36
2967.70
2974.11
2970.50
2971.73
2972.75
2981.15
2981.00
2982.95
2980.47
2980.50
2981.00
2979.33
2980.69
2976.73
2963.25
2971.41
2960.47
2968.57
2968.14
2957.69
2965.17
2958.00
2953.60
2955.89
2952.62
2951.75
2956.50
2958.29
2954.00
2954.40
2961.00
2960.50
2961.00
2950.25
2936.03
2936.28
2936.60
2936.07
2952.17
2951.09
2955.49
2950.19
2946.41
2961.38
2963.88
2966.06
2972.90
2977.00
2971.33
2973.30
2974.64
2977.00
2976.26
2973.07
2964.90
2965.69
2962.74
2969.38
2958.57
2953.87
2949.38
2946.67
2945.44
2940.40
2945.00
2945.00
2940.62
2940.00
2938.69
2940.18
2934.55
2934.25
2934.09
2932.83
2938.05
2932.86
2931.82
2932.41
2937.12
2936.18
2933.54
2935.00
2934.71
2931.00
2935.00
2937.62
2939.83
2939.50
2937.31
2937.09
2943.33
2943.40
2942.50
2943.60
2942.29
2940.25
2939.82
2941.80
2940.11
2948.75
2949.00
2948.55
2952.88
2952.70
2951.36
2944.67
2964.29
2972.83
2977.85
2978.89
2978.20
2977.09
2978.75
2976.82
2978.08
2980.38
2979.21
2982.50
2980.57
2974.83
2968.00
2975.80
2976.73
2982.71
2980.89
2983.13
2984.45
2985.11
2991.08
2991.20
2997.22
3001.50
3001.82
3003.18
3002.14
3004.83
2999.50
3000.11
3000.42
3001.27
3001.33
3002.75
3000.00
3002.44
3008.67
3006.70
3009.90
3012.60
3013.71
3005.55
2995.60
2996.27
2995.79
2995.33
3002.85
3000.69
3000.62
3001.31
3001.00
3002.50
3000.50
3003.46
2996.00
2996.00
3000.91
2998.64
2996.78
3002.17
2995.60
2995.56
2994.73
2993.29
2994.70
2992.90
2992.75
2986.31
2984.50
2976.50
2987.00
2974.08
2971.29
2967.43
2964.30
2975.43
2973.47
2967.73
2970.09
2964.30
2973.07
2975.35
2980.32
2982.84
2983.76
2978.90
2982.89
2982.36
2979.93
2982.74
2979.33
2980.26
2980.20
2974.14
2973.29
2974.75
2976.67
2976.54
2974.44
2970.89
2969.93
2971.63
2968.08
2968.33
2961.18
2956.43
2955.38
2956.55
2957.82
2958.92
2965.83
2968.82
2976.77
2973.31
2966.55
2974.58
2975.91
2980.25
2987.14
2986.67
2987.57
2990.00
2990.25
2994.86
2994.00
2989.67
2991.22
2993.00
2990.27
2990.00
2991.54
2989.00
2990.00
2990.60
2989.75
2988.11
2990.86
2988.33
2994.38
2992.09
2994.90
3000.83
2997.12
2990.82
3007.50
3004.22
3004.75
3008.50
3004.00
3003.00
3003.27
3001.12
3004.00
2999.88
2999.58
2995.86
2994.62
2996.53
2992.75
2996.27
3000.20
2994.37
2998.48
3002.00
3000.15
3012.83
3010.93
3011.37
3012.74
3005.25
3006.17
3002.33
3005.08
3010.18
3009.09
3002.50
3003.67
2992.50
2988.50
2995.75
2993.50
2993.57
2995.50
2995.86
2993.36
2994.10
2998.17
3003.00
3007.00
3016.00
3009.00
3017.53
3021.00
3021.76
3021.81
3023.59
3022.12
3024.38
3022.50
3024.55
3028.13
3027.39
3028.80
3021.08
3017.00
3019.33
3017.40
3023.43
3030.10
3035.64
3033.94
3033.71
3035.91
3035.83
3040.36
3047.38
3061.00
3074.12
3076.00
2932.12
3078.20
3078.67
3073.56
3075.40
3079.55
3073.10
3075.80
3077.00
3070.75
3074.00
3068.11
3070.20
3070.56
3065.60
3061.50
3062.83
3066.17
3071.33
3064.43
3062.00
3065.33
3078.80
3070.60
3088.36
3100.36
3108.40
3107.80
3124.55
3126.02
3134.00
3140.00
3149.24
3153.79
3166.00
3001.88
3023.00
3163.55
2850.25
3164.67
3164.60
3166.89
3192.30
3184.46
3160.70
3160.42
3159.50
3160.29
3001.75
3156.20
3154.57
3152.75
3152.00
3153.17
3154.71
3152.18
3153.40
3152.27
3150.44
3153.56
3149.50
3149.89
3147.80
3023.20
3148.38
3144.33
3144.25
3142.00
3143.44
3123.68
3125.12
3042.36
3048.56
3133.00
3133.25
3132.42
3133.86
3137.08
3136.94
3133.93
3135.20
3135.64
3133.00
3139.50
3142.20
3142.50
3141.67
3141.00
3141.57
3142.83
3148.92
3148.61
3147.34
3140.58
3142.67
3143.85
3143.04
3141.23
3143.50
3158.63
3175.21
3174.79
3169.17
3157.45
3159.31
3155.45
3156.29
3161.91
3134.31
3128.00
3120.42
3123.29
3110.86
3093.25
3088.60
3085.00
3082.33
3089.12
3087.80
3086.40
3096.83
3096.25
3095.71
3097.00
3097.14
3099.86
3100.68
3109.70
3110.67
3111.00
3102.50
3003.67
3002.36
3095.45
3090.00
3089.38
3090.62
3088.83
3083.89
3063.28
3053.52
3062.44
3044.29
3048.81
3040.50
3037.45
3020.29
3018.21
2922.25
3012.38
3017.08
3018.29
3018.83
3016.53
3028.27
3036.21
3047.55
3058.04
3053.08
3056.79
3045.78
3053.38
3045.40
3031.88
3029.67
3010.00
3005.78
3003.18
2997.12
2985.67
2985.17
2987.25
2986.00
2983.50
2984.86
2983.73
2977.07
2980.91
2991.10
2974.71
2981.20
2963.43
2954.14
2952.67
2944.85
2943.21
2944.85
2950.57
2967.43
2976.25
2983.62
2980.62
2977.30
2983.16
2984.75
2986.45
2985.50
2987.23
2992.23
2998.88
3000.18
2997.17
2996.67
2993.50
2997.82
2987.37
2979.21
2979.93
2983.67
2981.65
2981.07
2980.57
2976.43
2975.17
2974.44
2977.00
2974.27
2978.30
2975.00
2976.00
2971.60
2961.50
2968.44
2817.00
2967.25
2968.50
2966.44
2966.00
2963.62
2955.71
2966.00
2963.25
2948.91
2948.50
2966.00
2967.57
2968.14
2967.78
2964.83
2966.67
2964.17
2973.00
2971.50
2997.20
3002.69
3015.33
2951.72
3259.27
2944.29
3004.00
3003.40
3004.67
3006.00
2992.50
2996.18
2996.60
2998.50
2961.29
2954.26
2948.89
2870.60
2842.82
2941.54
2941.27
2938.76
2939.47
2939.35
2937.76
2948.33
2949.64
2951.29
2952.57
2956.00
2955.25
2954.00
2954.29
2951.50
2951.40
2953.75
2958.64
2961.30
2960.92
2965.23
2964.73
2976.75
2974.88
2990.52
2979.96
2993.00
2989.54
2985.29
2986.37
2990.00
2986.00
2984.14
2987.71
2990.35
2986.62
2983.44
2986.24
2984.43
2990.42
2988.48
2997.32
3006.78
3009.80
3007.50
3014.67
3012.71
3010.50
3006.71
3007.00
3009.00
3008.17
3002.22
3002.33
3002.28
3000.46
2998.54
2999.76
2998.00
2996.05
2996.94
3000.38
2996.64
2994.91
3002.43
3142.19
2999.93
2998.25
3001.71
3024.60
3024.33
3059.80
3059.50
3061.25
3059.00
3060.67
3066.86
3062.57
3074.89
3063.43
3078.12
3202.50
3100.90
3105.62
3108.88
3108.83
3053.90
3105.81
3107.68
3100.10
3099.81
3097.62
3085.84
3063.91
3083.60
3063.00
3058.88
3057.45
3059.62
3059.80
3060.44
3061.23
3058.50
3071.50
3077.85
3077.75
3106.58
3096.94
3105.50
3099.80
3103.84
3105.93
3103.92
3109.35
3113.21
3114.21
3110.33
3105.03
3109.96
3106.52
3104.48
3097.96
3106.37
3095.88
3081.25
3069.76
3051.81
3049.70
3049.75
3049.50
3045.50
3042.27
3039.44
3038.43
3040.80
3052.67
3053.29
3052.00
3056.57
3055.00
3053.55
3055.83
3053.00
3045.93
3045.33
3041.72
3044.56
3041.05
3042.94
3045.70
3039.00
3028.84
3021.11
3010.80
3017.75
3019.05
3016.89
3015.47
3016.00
3014.50
3018.94
3024.53
3024.36
3028.30
3027.29
3030.06
3033.38
3034.21
2952.29
3037.00
3037.60
3041.43
3040.83
3046.27
3045.42
3040.55
3057.50
3045.26
3045.20
3051.69
3054.94
3061.00
3053.19
3046.75
3048.95
3049.52
3048.64
3047.58
3045.97
3044.15
3039.00
3034.73
3031.85
3035.08
3036.88
3041.92
3043.75
3032.43
3037.13
3034.18
3029.81
3039.14
3038.69
3043.33
3043.71
3040.23
3040.67
3037.18
3038.23
3046.14
3043.15
3040.86
3041.88
3045.55
3046.62
3044.07
3053.50
3050.86
3055.12
3045.71
3054.69
3053.15
3055.50
3055.20
3053.67
3058.25
3062.80
3060.12
3060.00
3059.25
3058.55
3058.14
3057.50
3067.00
3065.00
3084.44
3087.82
3089.69
3091.22
3086.75
3095.50
3107.24
3108.32
3109.19
3110.28
3112.28
3114.29
3115.47
3116.79
3115.06
3117.77
3120.33
3115.60
3118.67
3110.27
3108.17
3094.56
3112.33
3106.86
3102.91
3102.27
3100.00
3096.29
3097.29
3098.25
3093.71
3098.58
3101.27
3102.88
3101.40
3104.79
3108.05
3107.35
3110.55
3033.69
3108.38
3109.20
3111.16
3116.54
3120.44
3120.65
3119.88
3136.36
3135.67
3142.71
3142.56
3141.00
3138.93
3135.62
3129.53
3127.25
3127.62
3115.86
3115.73
3105.90
3121.79
3106.43
3093.95
3093.74
3094.87
3093.50
3095.50
3098.07
2973.44
3105.35
3099.06
3103.00
3106.56
3109.30
3109.96
3112.53
3100.19
3105.57
3102.62
3103.96
3095.46
3108.00
3094.12
3090.94
3091.36
3093.87
3097.55
3104.00
3102.10
3106.24
3113.68
3109.13
3121.13
3126.09
3127.38
3139.28
3076.21
3149.72
3152.00
3153.80
3152.08
3153.00
3034.90
3161.20
3154.67
3160.56
3158.18
3153.40
3152.00
3151.05
3151.88
3155.67
3154.86
3157.22
3154.00
3157.08
3158.53
3155.96
3157.62
3156.32
3164.00
3154.62
3159.26
3157.95
3151.67
3149.33
3105.91
3107.40
3103.67
3100.84
3107.10
3116.73
3120.25
3123.81
3121.79
3127.73
3134.93
3147.27
3148.08
3146.26
3149.33
3158.08
3155.15
3156.65
3155.86
3152.35
3156.47
3148.00
3149.12
3150.89
3146.89
3147.00
3150.33
3148.83
3144.36
3151.17
3045.33
3153.25
3147.00
3102.48
3157.61
3156.45
3156.62
3167.61
3169.30
3162.60
3168.21
3178.50
3169.33
3186.12
3192.90
3190.24
3188.79
3186.30
3187.54
3198.17
3202.31
3211.55
3210.86
3217.29
3219.16
3223.06
3217.77
3221.00
3220.68
3229.00
3228.73
3236.00
3238.20
3244.83
3248.86
3253.62
3248.29
3241.71
3244.60
3242.78
3242.86
3239.33
3237.17
3238.20
3238.50
3237.33
3235.17
3237.07
3229.30
3224.75
3232.45
3236.00
3238.69
3237.21
3236.81
3240.23
3238.83
3237.29
3235.33
3247.38
3243.50
3278.46
3280.40
3288.05
3288.85
3291.83
3291.53
3288.40
3289.44
3294.64
3291.55
3282.33
3284.67
3287.50
3283.43
3247.16
3251.19
3267.08
3271.67
3264.30
3256.62
3189.17
3245.27
3190.67
3246.12
3252.70
3252.25
3248.06
3248.55
3244.93
3248.07
3251.53
3247.69
3247.11
3248.46
3247.08
3248.57
3180.39
3251.31
3258.58
3255.87
3257.20
3261.44
3262.90
3265.00
3261.07
3264.29
3259.16
3257.36
3253.91
3253.86
3255.50
3262.00
3258.80
3262.00
3262.20
3270.29
3268.33
3265.64
3264.75
3264.60
3264.71
3264.85
3263.54
3259.44
3265.50
3263.91
3259.60
3231.76
3228.15
3216.35
3205.70
3212.73
3189.62
3148.33
3152.50
3171.83
3154.25
3047.71
3154.44
3153.60
3151.94
3145.00
3143.38
3138.50
3137.50
3143.70
3144.71
3142.14
3141.18
3151.57
3133.00
3116.70
3116.52
3140.88
3108.39
3103.84
3106.71
3119.20
3116.29
3111.31
3111.75
3107.06
3108.61
3114.90
3115.21
3024.92
2913.17
3014.75
3121.25
3122.73
2996.89
3136.67
3130.00
3137.00
3145.00
3145.46
3145.54
3142.53
3142.65
3143.31
3143.57
3137.89
3141.15
3144.20
3142.55
3142.85
3146.33
3141.50
3082.58
3083.07
3149.28
3066.39
3186.56
3052.67
3045.70
3036.52
3029.39
3020.95
3022.08
3018.56
3011.18
3017.29
3007.91
2991.07
2992.00
2990.27
2988.83
2988.00
2990.62
2991.00
2996.53
2996.50
2995.84
3008.56
3006.48
2993.68
2999.22
3022.87
3026.50
3031.62
3025.56
3011.83
2999.44
3001.00
3004.19
3007.79
3003.37
3004.16
2999.66
3000.89
2994.20
2988.92
2994.50
2994.12
2991.67
2991.25
2994.53
2993.38
2987.42
2981.72
2976.67
2989.53
2979.30
2974.84
2981.35
2977.79
2956.38
2956.70
2950.37
2966.12
2964.70
2967.60
2839.25
2972.12
2967.17
2959.20
2852.44
2968.92
2966.83
2970.56
2968.38
2960.71
2957.29
2964.20
2973.00
2972.21
2971.86
2972.71
2985.00
2976.15
2977.79
2979.80
2981.05
2981.16
2979.53
2979.86
2979.47
2977.33
2974.42
2976.21
2979.76
2976.20
2978.41
2976.33
2984.36
2987.00
2986.82
2990.38
2993.50
2992.46
2989.31
2992.88
2997.10
2996.67
2996.83
2991.31
2994.67
2991.72
2995.75
2993.20
2992.67
2990.46
2992.92
2988.86
2989.37
2987.73
2987.10
2991.86
2993.88
2995.56
2997.50
2992.62
3003.00
3003.90
3002.38
3004.33
3010.79
3014.67
2998.64
2994.25
2992.54
2987.73
2985.21
2979.81
2983.52
2974.17
2983.77
2979.38
2974.44
2969.00
2968.58
2968.75
2971.58
2974.20
2969.18
2973.33
2963.10
2951.94
2953.74
2957.00
2957.21
2949.00
2966.45
2932.29
2938.26
2947.36
2934.06
2934.80
2929.17
2929.62
2924.06
2940.65
2945.83
2945.69
2947.30
2961.03
2959.28
2966.60
2965.60
2976.33
2978.00
2978.27
2975.15
2975.21
2972.63
2978.53
2982.25
2974.10
2968.71
2963.00
2953.35
2935.95
2932.52
2945.07
2936.35
2930.54
2930.70
2930.25
2919.79
2926.90
2928.38
2929.44
2932.50
2933.25
2930.06
2927.05
2930.71
2928.08
2932.43
2933.43
2932.23
2932.65
2932.19
2927.89
2926.80
2924.58
2926.18
2931.67
2936.15
2928.00
2938.61
2944.48
2943.88
2949.09
2949.50
2939.87
2940.57
2939.62
2935.62
2939.73
2941.17
2936.53
2934.17
2940.00
2932.36
2931.50
2930.58
2926.72
2928.62
2932.93
2934.36
2933.38
2927.42
2930.00
2941.38
2928.00
2925.59
2926.29
2926.31
2930.75
2919.50
2919.50
2923.67
2920.00
2924.30
2923.67
2925.56
2933.89
2945.64
2951.88
2959.53
2961.48
2967.07
2966.83
2967.47
2978.24
2975.00
2978.09
2979.58
2984.48
2980.42
2982.78
2978.26
2978.90
2975.64
2976.00
2974.00
2976.26
2978.50
2977.56
2981.85
2990.33
2986.72
2981.12
2995.87
2997.86
2997.08
2999.06
2998.88
2996.08
3000.11
3003.86
2991.18
2985.89
2978.62
2978.25
2985.86
2982.64
2982.86
2985.36
2981.67
2985.19
2987.05
2991.20
2993.27
2992.40
2993.15
2989.55
2990.90
2989.10
2987.50
2989.40
2990.50
2988.54
2988.15
2987.50
2974.38
2973.25
2983.46
2984.60
2985.60
2992.00
2993.38
2994.48
2992.31
2987.75
2997.65
2996.48
2994.80
2999.50
3004.00
3009.00
3002.42
3001.93
3001.56
3002.00
3002.56
3001.21
2996.83
3001.05
2994.61
2996.50
2987.75
2993.58
3000.25
2992.67
2997.08
2997.69
2997.50
3004.20
2997.50
3000.00
3029.00
3041.91
3040.09
3047.00
3045.64
2989.45
2984.84
3044.18
3038.44
3038.68
3039.31
3051.09
3045.33
3030.09
3035.32
3027.52
3024.56
3015.22
3008.79
3010.57
3008.35
3010.88
3015.37
3017.28
3022.43
3024.67
3015.70
3011.52
3014.77
3015.06
3005.65
3009.95
3004.81
2971.86
2991.55
2984.95
2981.21
2984.27
2985.70
2983.60
2977.22
2982.07
2982.38
2982.50
2986.40
2989.00
2990.90
2991.43
2995.94
2995.50
2996.65
2996.82
2996.06
2989.09
2989.41
2990.31
2991.55
2990.89
2989.07
2985.53
2985.54
2985.60
2984.75
2984.45
2985.82
2984.62
2986.64
2985.00
2983.12
2985.71
2988.00
2988.80
2955.78
3011.21
3014.94
3014.91
3020.75
3028.10
3033.11
2993.77
3039.50
3037.70
3034.10
3037.29
3032.29
3034.09
3033.00
3033.50
3034.23
2970.89
3032.38
3031.71
3032.60
3031.75
3031.00
3031.36
3030.28
3037.23
3038.44
3036.08
3045.86
3048.04
3044.44
3045.62
3048.69
3050.08
3050.80
3051.44
3051.42
3052.94
3052.78
3045.44
3053.50
2989.79
3047.50
3047.33
3046.11
3039.50
3038.56
3035.88
3035.50
3031.92
3028.43
3031.75
3031.90
3028.40
3027.20
3029.33
3032.60
3026.71
3039.60
2794.70
2613.93
2575.99
2955.46
3077.64
3070.67
3077.50
3078.25
3078.33
3078.00
3080.30
3084.80
3080.88
3081.09
3087.17
3091.14
3091.45
3091.88
3093.30
3093.04
3092.33
3091.38
3094.50
3093.56
3101.27
3098.57
3097.08
3084.83
3088.00
3087.62
3091.43
3095.82
3087.45
3087.92
3087.33
3092.67
3089.40
3089.39
3089.77
3090.05
3089.62
3084.16
3085.50
2972.54
2964.23
3052.00
3047.00
3058.62
3052.94
3042.64
3044.11
3052.23
3053.05
3051.50
3049.17
3050.53
3052.29
3049.75
3054.00
3050.23
3052.76
3054.44
3046.38
3046.45
3044.57
3043.30
3042.41
3039.56
3039.79
3044.04
3045.07
3041.00
3041.79
3042.64
3045.29
3040.07
3039.81
3042.64
3042.45
3037.71
3031.38
3007.12
2988.15
2993.47
2998.00
2999.80
2994.33
2994.82
2997.62
2997.12
3002.91
3003.67
3000.67
2999.09
2992.78
2989.36
2988.92
2989.90
2997.38
2986.62
2993.40
2988.00
2927.32
2954.28
2842.00
2935.95
2937.18
2890.88
2935.04
2920.31
2925.16
2904.80
2907.62
2896.23
2862.38
2832.22
2824.64
2885.00
2889.04
2898.00
2898.42
2908.59
2907.32
2916.54
2917.43
2918.27
2909.50
2915.78
2940.43
2942.32
2899.85
2945.86
2931.09
2927.76
2922.61
2910.50
2922.81
2925.69
2916.31
2913.00
2911.26
2904.00
2912.65
2914.40
2917.27
2918.24
2922.62
2931.22
2922.93
2927.42
2932.23
2930.86
2932.75
2937.50
2940.71
2939.17
2930.75
2934.31
2918.63
2897.59
2911.38
2893.59
2899.40
2903.13
2881.88
2886.43
2864.25
2866.29
2859.09
2854.38
2856.27
2850.67
2850.30
2848.33
2849.80
2855.25
2855.50
2856.50
2855.80
2864.57
2863.17
2863.25
2855.00
2863.80
2865.00
2863.91
2859.00
2863.67
2864.68
2864.17
2861.69
2868.75
2869.36
2869.41
2869.41
2876.23
2888.14
2898.58
2909.00
2910.92
2911.31
2910.25
2910.00
2914.16
2910.20
2914.67
2912.60
2900.06
2903.00
2899.85
2872.09
2873.77
2873.50
2867.97
2869.14
2860.75
2854.77
2850.89
2851.56
2848.94
2851.08
2850.29
2854.59
2856.73
2864.31
2877.30
2868.27
2866.00
2856.90
2857.46
2897.64
2895.58
2907.71
2917.20
2924.64
2924.22
2923.16
2926.85
2924.88
2922.08
2924.47
2927.89
2922.75
2918.39
2910.00
2920.95
2924.81
2917.62
2913.27
2914.73
2913.67
2917.45
2918.92
2920.54
2917.94
2915.12
2914.31
2917.50
2912.40
2920.23
2908.50
2915.90
2916.27
2921.31
2918.18
2924.64
2922.35
2939.75
2937.54
2940.33
2935.06
2952.65
2950.36
2957.62
2955.07
2960.46
2964.12
2961.00
2957.64
2952.00
2951.50
2942.04
2951.94
2939.22
2941.67
2938.62
2949.00
2939.90
2937.75
2935.24
2938.15
2956.50
2956.38
2957.75
2957.00
2961.50
2960.55
2955.50
2960.50
2965.67
2967.44
2966.43
2954.75
2958.18
2954.65
2954.68
2950.21
2946.64
2950.25
2932.89
2938.55
2933.61
2934.48
2933.50
2934.00
2931.82
3100.47
2933.80
2936.00
2959.37
2955.67
2948.25
2956.00
2961.13
2963.85
2976.05
2981.70
2981.00
2981.60
2979.67
2977.00
2980.56
2983.83
2992.54
2995.00
3003.80
3016.24
3009.81
3021.11
3027.13
3022.43
3019.00
3037.62
3036.67
3030.83
3034.07
3034.46
3040.73
3038.78
3037.68
3036.05
3031.20
3029.20
3018.96
3029.95
3024.62
3018.03
3021.54
3021.73
3013.27
3008.77
3003.31
3004.55
3005.17
3008.43
3007.86
3005.77
3010.25
3010.89
3010.71
3018.67
3016.79
3015.55
3017.00
3016.15
3016.92
3028.07
3021.19
3013.50
3014.00
3014.50
3010.08
3010.50
3005.14
2994.85
2991.76
2986.06
2991.13
2988.68
2992.45
2992.90
2987.46
2991.35
2994.50
2993.50
2988.96
2986.81
2988.47
2991.07
2988.62
2996.75
2995.43
2991.93
3000.92
3002.00
3000.86
3002.00
3009.67
3002.27
3011.00
3008.88
3001.62
3002.43
3005.00
3028.94
3030.38
3032.47
3030.93
3029.43
3027.17
3030.88
3027.16
3023.87
3011.20
3019.00
3007.11
2997.05
2993.39
2986.00
2993.83
2881.00
2983.20
2975.10
2973.78
2974.06
2901.13
2969.27
2971.36
2969.12
2966.94
2966.56
2966.92
2969.56
2975.08
2967.56
2976.82
2979.00
2980.67
2991.71
2980.62
2993.41
2989.44
2997.93
3000.64
3007.32
3006.22
3006.00
3006.38
2997.31
2991.28
2989.81
2992.29
2989.53
2987.73
2988.12
2989.73
2986.17
2984.86
2982.67
2985.15
2988.15
2991.24
2993.31
2992.85
2992.08
2992.56
2987.38
2987.14
2984.40
2985.75
2984.60
2983.56
2976.38
2977.50
2978.83
2968.44
2968.65
2956.03
2966.08
2942.58
2938.72
2930.35
2930.43
2933.17
2930.61
2930.67
2927.71
2928.33
2929.29
2934.38
2937.50
2937.83
2941.30
2939.33
2940.50
2941.00
2941.73
2936.72
2933.71
2933.31
2929.38
2924.46
2920.08
2927.30
2939.22
2914.78
2909.67
2901.00
2898.60
2898.29
2896.62
2897.56
2895.11
2891.45
2897.33
2905.44
2907.17
2906.13
2904.00
2863.52
2911.79
2874.10
2718.20
2931.78
2929.33
2846.67
2851.58
2858.31
2880.41
2953.50
2975.72
2995.82
2999.09
2997.00
2998.31
2999.59
3003.50
2997.54
3009.71
3015.22
3015.94
3016.65
3019.35
2952.94
3019.62
2975.54
2915.80
3030.75
3033.07
3031.75
3039.00
3039.00
3039.25
3034.80
3038.38
3040.00
3043.43
3044.60
3040.75
3037.82
3032.57
3029.60
3031.25
3033.05
3033.18
3033.86
3033.82
3041.96
3040.15
3041.78
3043.37
3038.06
3045.44
3046.93
3042.81
3048.70
3050.29
3055.09
3050.77
3050.13
3047.14
3051.42
3052.00
3054.17
3061.20
3059.50
3063.80
3065.50
2924.62
3002.47
3070.40
3077.67
3105.88
3080.25
3076.57
3078.88
3063.55
3055.25
3059.36
3060.26
3060.67
3062.56
3062.38
3058.61
3056.20
3061.57
3058.25
3065.28
3078.27
3072.67
3073.64
3076.86
3081.85
3080.36
3088.13
3091.17
3086.50
3082.30
3041.23
3077.92
3076.52
3072.85
3069.13
3073.55
3064.38
3052.11
3050.29
3048.85
3048.43
3043.93
3044.17
3048.67
3049.73
3049.73
3048.67
3048.73
3050.62
3051.22
3051.00
3053.00
3048.17
3049.28
3047.00
3043.50
3039.00
3037.00
3037.50
3039.22
3039.62
3033.20
3033.53
3030.85
3034.00
3031.88
3031.22
3027.50
3007.83
3023.53
3019.15
3005.73
3007.65
3007.62
3019.00
3030.78
3034.09
3020.00
3035.08
3039.53
3034.33
3038.00
3026.09
3022.79
3023.79
3027.61
3025.12
3025.07
3024.75
3027.12
3024.42
3025.17
3024.62
3025.29
3022.29
3019.18
3019.64
3019.43
3015.25
3013.13
3019.40
3020.10
3018.89
3020.38
3014.20
3012.64
3018.20
3019.19
3018.70
3024.15
3018.17
3015.71
3018.79
3023.50
3025.56
3023.62
3021.21
3013.44
3011.00
2996.86
2996.19
2987.49
2995.87
2982.34
2976.57
2984.42
2970.03
2965.10
2962.44
2963.33
2966.33
2959.69
2962.00
2967.00
2966.50
2968.64
2968.21
2974.60
2974.50
2973.00
2968.89
2976.67
2973.55
2986.07
2991.22
2996.33
2992.06
2973.00
2977.18
2972.94
2970.60
2972.24
2971.24
2975.84
2970.40
2964.64
2962.59
2963.50
2963.38
2964.60
2966.91
2969.33
2973.86
2976.00
2973.00
2976.00
2975.33
2980.31
2979.07
2980.35
2981.46
2984.00
2979.13
2980.60
2976.44
2976.90
2974.39
2974.76
2969.88
2964.00
2963.50
2954.33
2956.33
2958.43
2959.75
2960.29
2960.14
2963.50
2964.00
2963.00
2961.50
2986.03
2995.10
3010.39
3019.60
3025.00
3132.30
3023.76
3032.48
3032.53
3028.86
3034.07
3038.67
3036.67
3041.56
3044.88
3039.50
3045.14
3050.83
3057.20
3064.93
3053.00
3056.33
3064.80
3069.50
3069.07
3072.78
3069.35
3070.00
3059.64
3061.90
3057.96
3055.18
3054.00
3056.50
3064.43
3050.60
3052.38
3053.20
3047.40
3050.77
3052.00
3056.60
3067.61
3069.27
3069.68
3076.91
3076.31
3071.53
3072.58
3073.08
3074.50
3071.97
3067.90
3065.80
3065.10
3061.94
3058.87
3061.77
3058.62
3050.67
3052.00
3051.69
3050.40
3053.57
2985.50
3066.29
3068.25
2953.80
3066.40
3071.62
3070.00
3076.88
3078.38
3076.75
3080.50
3089.62
3084.43
3087.15
3092.71
3091.93
3097.00
3096.36
3099.00
3095.18
3099.69
3098.60
3097.75
2501.50
3100.67
2901.67
3102.50
3102.18
3104.00
3112.33
3107.09
3111.30
3107.83
3121.00
3115.00
3111.50
3107.60
3109.80
3034.07
3118.00
3005.27
2997.64
3044.47
3104.95
2998.58
3092.27
3103.00
3096.92
3103.25
3099.14
3099.88
3085.39
3077.50
2963.91
2952.60
2834.60
3166.00
3199.24
3049.69
3045.50
3033.67
3034.60
3039.50
3031.08
3027.45
3029.55
3028.50
3021.84
3010.41
3020.60
3017.29
3011.61
3007.58
3001.35
3022.00
3025.67
3026.26
3027.00
3029.41
3033.00
3034.12
3037.17
3034.09
3036.11
3045.25
3048.82
3047.59
3045.61
3046.82
3047.91
3043.24
3046.14
3044.56
3037.86
3030.50
3038.79
3036.00
3030.07
3032.27
3030.38
3015.80
2986.11
3030.47
3026.47
3020.62
2980.38
2971.04
2966.94
2961.19
2940.33
2938.83
2939.50
2942.38
2940.36
2936.46
2934.67
2933.43
2934.78
2943.00
2937.80
2936.82
2940.75
2939.25
2937.67
2940.20
2936.43
2938.33
2928.33
2933.00
2941.91
2938.22
2940.88
2941.36
2936.11
2937.11
2938.29
2940.00
2954.36
2963.21
2959.93
2961.47
2959.93
2957.33
2960.17
2964.00
2968.50
2967.33
2965.00
2971.11
2970.39
2974.42
2973.37
2971.45
2968.36
2967.50
2967.88
2964.78
2962.18
2962.75
2961.25
2961.60
2958.07
2948.90
2952.23
2948.56
2946.90
2947.00
2948.44
2947.10
2947.40
2950.09
2947.62
2949.89
2947.67
2947.60
2949.17
2948.89
2953.25
2952.29
2951.50
2953.36
2951.31
2949.33
2948.44
2948.69
2951.92
2944.91
2948.93
2949.65
2944.24
2942.94
2939.67
2934.12
2945.48
2952.05
2949.12
2953.69
2958.91
2960.45
2961.11
2964.11
2955.12
2958.32
2956.35
2955.79
2962.00
2958.07
2954.20
2943.33
2917.65
2930.64
2918.33
2914.00
2907.24
2912.25
2918.75
2913.83
2916.05
2920.59
2917.64
2923.60
2917.32
2917.08
2918.03
2922.93
2921.07
2922.42
2923.95
2923.31
2922.85
2924.44
2916.38
2922.36
2919.25
2921.09
2920.60
2920.52
2922.40
2925.43
2913.50
2925.60
2922.44
2923.40
2927.26
2925.04
2924.00
2926.16
2925.81
2931.71
2928.50
2924.93
2926.65
2926.69
2919.65
2915.00
2917.50
2914.11
2917.80
2920.83
2923.73
2923.50
2923.70
2924.08
2921.67
2917.00
2914.25
2915.83
2921.57
2922.29
2920.75
2922.62
2930.38
2926.85
2927.37
2934.96
2932.72
2938.23
2931.64
2937.00
2960.83
2958.67
2958.50
2939.43
2938.80
2931.94
2934.15
2952.50
2933.65
2934.25
2937.43
2930.16
2923.52
2920.30
2919.28
2923.21
2919.36
2920.36
2922.16
2920.90
2927.86
2941.12
2946.85
2937.00
2946.56
2942.34
2960.65
2967.91
2961.82
2971.69
2974.55
2984.58
2980.85
2982.86
2983.17
2987.88
2989.62
2989.04
2983.74
2986.79
2982.05
2974.00
2978.05
2978.28
2977.58
2974.36
2976.11
2974.78
2972.50
2973.60
2970.43
2968.58
2968.80
2968.70
2970.00
2977.00
2978.64
2979.65
2982.67
2980.70
2981.08
2980.64
2984.56
2982.27
2984.11
2984.79
2984.76
2988.50
2989.55
2994.00
2984.46
2984.40
2988.80
2996.00
3003.67
3009.67
3014.00
3006.43
2852.71
3043.40
3021.19
2995.40
2793.60
3017.50
3015.60
3015.14
3017.91
3000.50
3002.50
3005.17
3001.07
2995.20
2997.43
2999.90
2988.77
2990.94
2984.29
2981.30
2984.07
2983.88
2982.92
2984.08
2988.40
2991.67
2990.44
2995.50
2993.88
2997.44
3017.04
3008.38
3023.00
3021.42
3025.50
3035.55
3032.41
3037.33
3037.88
3037.31
3032.24
3033.95
3027.50
3011.48
3009.86
3008.38
2997.97
2993.04
2993.60
2983.38
2974.60
2974.50
2974.79
2974.33
2973.55
2973.70
2972.73
2966.55
2964.56
2962.33
2966.00
2959.50
2964.00
2972.29
2969.59
2974.18
2971.69
2966.89
2961.92
2957.60
2958.20
2956.83
2945.56
2943.80
2937.50
2929.92
2939.15
2940.16
2923.31
2923.07
2914.44
2910.00
2906.93
2896.67
2896.56
2897.83
2896.79
2891.67
2892.10
2891.12
2890.29
2884.00
2877.80
2884.15
2889.43
2883.40
2878.35
2876.82
2877.28
2879.75
2878.62
2874.88
2874.00
2892.12
2891.40
2891.25
2894.71
2894.82
2898.50
2896.94
2893.00
2892.48
2883.07
2878.52
2883.44
2882.80
2875.35
2874.89
2871.07
2867.40
2867.96
2866.87
2860.22
2861.75
2862.05
2869.18
2871.25
2866.46
2859.44
2853.73
2848.29
2846.47
2853.11
2852.62
2854.43
2851.57
2859.36
2857.00
2855.00
2855.94
2866.77
2865.46
2863.78
2867.25
2870.50
2869.88
2882.19
2905.17
2907.38
2905.59
2904.00
2826.50
2875.50
2876.71
2879.86
2876.27
2870.89
2871.64
2869.50
2869.40
2872.36
2864.08
2859.54
2851.22
2854.71
2854.25
2854.12
2847.64
2847.43
2855.22
2850.95
2855.26
2852.47
2855.31
2863.78
2861.87
2878.40
2866.54
2864.67
2867.50
2873.67
2874.09
2872.90
2872.50
2873.67
2875.60
2875.70
2874.08
2871.53
2862.37
2860.52
2862.21
2858.46
2864.54
2856.14
2858.32
2850.65
2847.87
2845.11
2843.44
2849.20
2848.47
2846.15
2848.88
2838.00
2849.64
2850.23
2849.94
2851.87
2853.93
2852.12
2851.90
2851.54
2852.00
2852.31
2848.80
2850.44
2844.71
2847.50
2851.57
2854.20
2860.00
2868.57
2856.18
2858.75
2858.45
2858.55
2859.67
2860.75
2861.50
2865.50
2863.11
2864.33
2856.80
2860.25
2862.00
2862.00
2858.80
2858.00
2849.00
2841.09
2838.57
2837.92
2828.67
2837.08
2827.33
2825.60
2840.95
2848.65
2856.05
2849.69
2853.57
2852.43
2851.13
2857.82
2861.85
2863.06
2863.80
2863.07
2858.07
2852.50
2868.39
2871.38
2869.71
2868.90
2874.50
2877.23
2870.33
2861.85
2852.70
2857.36
2856.52
2858.29
2847.39
2849.11
2832.09
2835.57
2824.00
2816.38
2815.62
2806.10
2808.47
2807.72
2804.75
2803.69
2805.00
2807.17
2804.82
2804.83
2806.27
2804.31
2802.70
2806.00
2810.05
2811.44
2812.22
2812.75
2807.70
2813.80
2817.30
2736.57
2749.25
2705.33
2864.50
2872.53
2875.67
2884.95
2882.54
2882.48
2891.20
2886.18
2891.38
2893.12
2888.04
2883.14
2870.06
2862.73
2868.08
2866.53
2866.24
2860.56
2852.96
2850.31
2849.75
2852.85
2853.14
2847.11
2849.25
2849.00
2848.77
2850.89
2848.00
2842.31
2843.56
2840.67
2841.67
2846.22
2840.00
2848.88
2856.50
2854.95
2854.92
2858.48
2858.81
2866.71
2870.73
2872.92
2880.20
2874.43
2875.41
2892.83
2892.57
2891.00
2892.59
2885.36
2904.57
2902.45
2901.38
2902.86
2892.10
2887.30
2886.96
2885.56
2886.35
2883.31
2879.35
2878.00
2875.85
3025.60
2880.73
3096.55
2885.75
2882.29
2878.04
2877.91
2880.25
2880.92
2875.52
2869.35
2866.43
2869.33
2864.07
2862.72
2861.16
2860.63
2859.97
2859.08
2862.43
2858.39
2859.66
2858.09
2862.14
2872.30
2878.50
2879.00
2880.50
2880.40
2880.00
2881.00
2888.50
2881.67
2889.60
2890.44
2888.77
2889.67
2892.44
2890.31
2889.43
2900.53
2904.38
2897.79
2887.33
2890.36
2894.56
2891.55
2887.04
2890.62
2893.26
2894.76
2887.62
2889.26
2890.06
2884.61
2881.65
2881.69
2876.22
2868.88
2866.20
2865.00
2862.17
2870.38
2870.75
2869.18
2869.13
2879.00
2879.64
2888.08
2887.50
2888.38
2888.00
2891.20
2891.40
2896.00
2899.23
2897.50
2899.20
2883.62
2884.40
2898.00
2881.62
2876.00
2876.17
2873.70
2871.62
2873.33
2883.25
2895.32
2899.22
2908.53
2903.74
2917.14
2919.65
2919.12
2925.27
2922.83
2920.63
2920.36
2912.95
2922.77
2924.30
2921.92
2924.81
2918.80
2922.55
2928.00
2935.67
2934.64
2958.71
2951.00
2958.94
2935.44
2970.81
2964.62
2957.77
2972.72
2976.33
2971.93
2972.90
2970.45
2976.17
2975.11
2976.50
2976.88
2975.31
2976.70
2973.73
2975.11
2973.40
2968.50
2977.12
2975.64
2970.10
2968.10
2965.38
2958.62
2960.20
2961.17
2960.00
2965.60
2967.70
2967.50
2973.88
2972.93
2965.47
2971.76
2964.53
2963.94
2981.86
2986.93
2989.75
2983.77
2985.23
2986.88
2986.83
2984.86
2986.62
2984.10
2989.40
2985.71
2980.67
2981.88
2984.62
2977.71
2972.11
2978.32
2979.25
2979.13
2979.09
2977.62
2978.67
2977.33
2979.23
2982.93
2983.13
2980.05
2987.39
2989.06
2992.00
2996.40
2997.83
3006.00
3006.67
3007.75
3006.50
3008.00
3019.06
3018.92
3027.83
3025.74
3029.46
3033.37
3026.81
3029.41
3035.00
3032.67
3030.25
3028.10
3027.44
3031.50
3029.44
3030.58
3037.26
3039.43
3036.22
3040.04
3030.24
3041.12
3040.81
3042.79
3049.27
3050.85
3046.31
3046.60
3047.29
3046.27
3048.11
3043.30
3046.11
3048.17
3044.38
3049.00
3060.33
3079.33
3036.75
3049.00
1834.87
1845.92
2167.90
3173.50
3006.90
3019.30
2985.24
2985.25
2982.33
2983.85
2983.56
2980.44
2974.86
2975.14
2977.55
2980.88
2982.50
2982.41
2985.81
2983.69
2992.69
2989.09
2990.25
2990.08
3022.87
3026.00
3054.73
3073.29
3073.00
3070.33
3076.14
3076.29
3073.00
3072.50
3073.57
3079.25
3073.86
3073.00
3073.00
3074.22
3081.33
3078.33
3078.18
3074.12
3079.00
3080.29
3050.47
3080.29
3074.50
3073.00
3071.00
3041.83
3007.33
2994.95
2982.83
2983.37
2948.10
2945.17
2957.75
2944.04
2937.53
2943.05
2922.09
2920.05
2919.90
2918.90
2928.72
2926.50
2929.67
2928.29
2926.12
2929.00
2933.44
2934.80
2936.50
2936.50
2935.17
2935.00
2934.17
2933.45
2932.00
2936.81
2934.64
2936.12
2934.75
2937.17
2934.71
2938.78
2941.25
2936.33
2938.00
2937.25
2936.33
2935.89
2948.38
2961.50
2962.33
2959.70
2965.25
2959.07
2964.62
2963.12
2962.00
2962.00
2959.93
2961.65
2950.73
2947.13
2956.18
2945.53
2940.24
2924.25
2920.47
2929.06
2924.47
2925.59
2924.64
2920.06
2916.96
2919.89
2914.17
2916.05
2914.39
2913.27
2912.73
2907.83
2907.33
2909.42
2912.25
2913.83
2910.14
2911.23
2911.44
2914.38
2915.33
2910.30
2906.00
2910.13
2903.82
2889.30
2888.32
2896.00
2881.62
2904.21
2906.90
2877.14
2868.00
2866.75
2865.00
2866.27
2865.29
2863.67
2868.29
2871.00
2874.82
2868.80
2874.00
2874.33
2873.71
2875.11
2875.30
2874.64
2875.91
2871.78
2875.17
2874.00
2877.00
2880.33
2891.56
2890.73
2877.83
2877.67
2879.40
2873.06
2875.27
2874.77
2869.71
2873.08
2880.20
2873.67
2874.00
2864.12
2859.00
2838.73
2866.90
2867.75
2869.36
2862.00
2857.50
2867.11
2857.12
2856.55
2877.50
2873.14
2875.00
2879.40
2883.23
2884.50
2885.58
2882.86
2881.00
2885.00
2882.90
2880.67
2879.45
2880.09
2878.14
2877.73
2872.43
2871.07
2871.50
2868.80
2867.91
2863.90
2865.00
2869.40
2866.40
2863.71
2865.09
2869.50
2870.00
2870.27
2873.50
2875.83
2872.50
2873.83
2873.25
2875.60
2876.88
2884.25
2883.30
2887.77
2891.00
2890.70
2889.78
2894.36
2895.80
2889.75
2890.56
2887.33
2886.69
2838.75
2890.62
2882.23
2885.43
2863.43
2861.27
2851.06
2845.08
2846.92
2840.75
2843.00
2841.61
2842.31
2844.30
2842.05
2855.71
2851.00
2860.08
2865.89
2882.19
2888.39
2883.14
2886.35
2874.53
2883.15
2895.51
2894.70
2903.33
2906.50
2901.31
2902.62
2902.00
2903.43
2908.09
2899.33
2901.87
2904.00
2903.67
2903.94
2909.94
2902.20
2905.71
2905.67
2902.00
2899.70
2892.33
2882.90
2906.09
2876.00
2866.07
2864.93
2827.42
2834.19
2793.45
2824.60
2807.58
2804.77
2754.67
2747.84
2775.49
2859.80
2748.22
2878.00
2900.22
2900.40
2901.88
2901.67
2905.54
2908.26
2906.08
2906.74
2906.83
2905.11
2903.81
2897.18
2904.00
2905.12
2904.06
2897.33
2897.75
2879.08
2865.00
2866.00
2866.00
2871.75
2869.50
2870.40
2868.31
2866.10
2862.29
2869.33
2865.90
2871.00
2872.06
2868.44
2867.83
2878.43
2868.25
2869.33
2869.24
2870.76
2867.29
2871.44
2860.67
2862.20
2863.00
2856.33
2858.33
2856.45
2861.00
2865.93
2863.82
2865.56
2865.14
2862.00
2866.35
2877.26
2873.25
2883.28
2877.29
2875.00
2873.88
2874.84
2866.80
2867.32
2861.44
2861.40
2861.50
2862.50
2862.50
2864.00
2864.00
2866.80
2869.50
2869.62
2870.20
2866.81
2864.00
2865.32
2864.38
2868.00
2862.50
2870.50
2870.18
2868.79
2869.69
2866.60
2860.00
2862.67
2865.67
2869.50
2870.73
2862.25
2861.00
2864.18
2858.12
2851.80
2853.18
2856.60
2852.27
2850.77
2848.50
2850.88
2850.50
2850.85
2852.86
2858.60
2856.36
2853.83
2854.56
2850.22
2844.47
2844.72
2841.60
2839.69
2836.10
2830.10
2835.78
2843.42
2843.50
2846.22
2844.89
2835.20
2839.07
2830.71
2824.47
2824.58
2820.09
2822.00
2828.61
2832.70
2827.81
2836.91
2839.88
2839.50
2841.33
2844.83
2843.58
2832.05
2835.25
2837.92
2836.55
2831.64
2836.20
2839.13
2832.71
2841.41
2840.37
2838.00
2843.12
2843.06
2841.00
2840.31
2836.12
2834.40
2827.50
2824.50
2828.75
2828.82
2829.50
2830.94
2827.38
2830.47
2829.67
2829.64
2834.94
2834.25
2846.93
2861.83
2863.20
2866.50
2867.27
2865.17
2871.40
2870.35
2865.05
2850.54
2858.05
2852.69
2846.38
2845.35
2838.62
2836.26
2839.53
2831.43
2831.55
2827.10
2825.14
2830.11
2829.29
2825.58
2829.00
2825.40
2823.92
2816.40
2815.67
2816.50
2817.67
2817.00
2817.50
2816.00
2814.60
2811.23
2811.73
2807.75
2813.89
2810.80
2815.40
2845.35
2867.00
2859.88
2866.50
2871.00
2870.73
2869.57
2873.50
2872.00
2872.83
2878.29
2870.54
2867.24
2859.65
2863.29
2861.58
2856.07
2850.77
2846.96
2849.00
2846.69
2828.17
2821.71
2841.09
2830.96
2832.06
2840.10
2835.06
2846.60
2850.58
2849.17
2850.09
2863.33
2860.20
2851.21
2856.17
2861.33
2858.90
2860.67
2865.00
2864.86
2865.10
2865.60
2870.36
2868.43
2877.10
2874.00
2874.33
2875.67
2876.78
2875.55
2872.00
2872.50
2874.06
2873.88
2877.23
2876.27
2897.70
2905.95
2916.14
2917.67
2916.11
2915.71
2918.00
2902.21
2898.38
2903.40
2901.91
2906.00
2913.65
2914.44
2911.70
2919.50
2917.00
2922.56
2921.17
2928.00
2929.88
2944.40
2950.21
2954.27
2966.48
2992.24
3096.00
2835.64
2955.91
2982.89
2979.67
2988.77
2983.00
2980.50
2976.50
2976.00
2977.57
2972.20
2976.00
2978.00
2975.50
2974.75
2971.75
2973.00
2972.00
2972.78
2972.80
2971.54
2968.60
2970.44
2969.40
2970.62
2968.17
2968.33
2963.50
2962.00
2927.97
2931.83
2940.46
2925.08
2916.76
2915.40
2912.87
2913.86
2916.89
2916.38
2915.92
2920.67
2930.00
2924.67
2925.08
2927.83
2927.67
2929.57
2926.11
2929.86
2925.50
2930.00
2931.00
2924.55
2923.00
2922.94
2912.18
2920.83
2921.15
2920.36
2921.40
2917.78
2923.35
2915.39
2918.78
2915.00
2917.18
2925.46
2926.73
2927.70
2925.27
2923.44
2925.75
2919.71
2922.82
2920.78
2921.88
2913.57
2912.85
2913.40
2913.22
2911.33
2910.33
2891.00
2889.25
2875.93
2870.88
2870.25
2869.17
2868.69
2867.57
2864.80
2865.79
2867.80
2867.36
2863.88
2849.27
2850.73
2832.78
2828.09
2827.79
2830.44
2843.93
2846.57
2861.67
2869.54
2861.37
2874.07
2872.75
2877.52
2889.24
2897.96
2899.45
2903.14
2907.73
2902.12
2904.25
2904.53
2904.94
2899.69
2878.09
2885.62
2892.19
2904.22
2905.46
2902.58
2905.75
2906.83
2914.17
2906.29
2904.21
2908.00
2917.06
2922.50
2929.23
2936.00
2926.50
2920.50
2918.75
2919.00
2917.50
2922.67
2922.50
2919.00
2921.00
2920.00
2922.00
2916.64
2922.67
2915.55
2917.18
2918.00
2912.33
2884.78
2897.36
2897.93
2894.06
2896.50
2910.25
2905.85
2911.06
2917.00
2917.00
2915.67
2917.12
2915.42
2917.67
2919.67
2916.55
2914.00
2913.60
2909.67
2909.50
2910.40
2909.57
2911.88
2906.90
2906.83
2907.76
2901.69
2904.50
2906.67
2906.28
2903.75
2900.45
2905.00
2908.50
2910.95
2910.82
2914.67
2912.18
2915.81
2911.50
2906.75
2906.50
2906.33
2905.38
2908.50
2902.71
2901.43
2896.00
2898.75
2880.75
2903.54
2892.40
2895.57
2883.45
2865.33
2870.31
2871.00
2865.20
2869.57
2876.71
2874.00
2871.67
2871.55
2874.64
2878.67
2881.25
2883.87
2892.62
2896.14
2896.18
2893.95
2897.65
2898.53
2906.20
2912.60
2902.67
2908.69
2908.00
2906.56
2908.05
2905.15
2912.56
2908.68
2904.79
2904.35
2906.73
2904.64
2904.11
2904.82
2906.67
2909.60
2909.69
2909.92
2913.64
2912.52
2912.42
2916.40
2921.22
2921.53
2929.83
2923.47
2932.74
2928.50
2928.65
2927.86
2932.13
2937.45
2938.89
2944.23
2943.86
2953.00
2951.50
2950.33
2954.80
2959.44
2956.13
2957.53
2959.47
2956.91
2955.33
2949.57
2951.50
2953.90
2957.88
2949.12
2949.19
2947.12
2941.50
2941.43
2943.29
2942.00
2952.25
2949.40
2941.00
2936.43
2939.25
2938.00
2933.62
2932.88
2928.11
2927.81
2924.64
2924.69
2922.83
2923.43
2920.67
2921.50
2910.36
2909.12
2927.61
2917.05
2929.62
2939.43
2943.93
2946.00
2957.00
2958.50
2960.25
2959.14
2960.00
2964.17
2960.40
2958.08
2960.40
2961.44
2963.36
2963.56
2967.00
2969.00
2971.15
2970.08
2972.33
2970.41
2970.04
2965.33
2973.70
2965.10
2966.17
2966.43
2966.95
2958.47
2961.86
2955.88
2936.06
2927.20
2926.00
2924.69
2925.50
2915.22
2906.27
2879.50
2873.43
2873.83
2877.09
2879.00
2885.64
2889.50
2873.12
2872.40
2873.67
2872.46
2868.47
2869.67
2870.33
2865.43
2867.31
2876.86
2892.67
2899.00
2906.32
2911.00
2909.75
2918.48
2923.74
2926.62
2935.10
2934.00
2934.25
2931.29
2947.70
2946.53
2940.94
2941.80
2945.11
2949.07
2954.67
2948.53
2949.19
2948.82
2945.36
2944.10
2943.67
2933.17
2928.94
2916.60
2923.08
2924.36
2919.50
2916.56
2913.94
2914.12
2905.50
2904.50
2904.00
2901.67
2899.00
2897.86
2896.15
2893.83
2885.00
2894.50
2880.20
2881.25
2881.27
2881.29
2882.85
2891.00
2884.75
2896.00
2897.39
2893.20
2898.92
2909.55
2910.53
2911.39
2914.94
2918.31
2918.83
2922.32
2925.50
2924.78
2926.43
2926.40
2920.83
2922.20
2909.67
2925.17
2930.33
2932.76
2947.23
2935.67
2927.38
2928.00
2924.80
2915.29
2919.67
2908.45
2916.43
2915.47
2912.25
2912.00
2918.36
2907.43
2912.09
2911.86
2905.09
2908.17
2907.47
2911.82
2898.75
2909.53
2898.50
2896.17
2888.00
2889.00
2867.75
2897.00
2893.67
2860.81
2845.00
2850.30
2861.92
2863.68
2887.80
2884.25
2880.70
2885.26
2893.31
2896.00
2902.12
2907.25
2905.79
2900.79
2903.78
2897.79
2904.07
2899.57
2896.36
2880.43
2884.00
2877.00
2878.62
2886.50
2877.45
2879.69
2879.43
2877.06
2876.13
2881.11
2879.61
2882.50
2881.68
2887.75
2898.00
2899.08
2904.67
2906.09
2899.47
2912.21
2910.00
2912.00
2913.60
2914.50
2912.60
2897.91
2902.91
2905.08
2907.14
2902.38
2901.31
2901.10
2897.33
2894.86
2896.00
2900.75
2900.29
2898.80
2898.00
2900.29
2898.73
2899.64
2895.75
2898.57
2901.53
2902.44
2903.64
2905.29
2905.43
2906.50
2903.07
2901.00
2904.35
2904.67
2902.69
2902.13
2902.88
2903.82
2901.40
2902.47
2905.44
2903.19
2901.57
2899.56
2901.69
2893.00
2885.19
2885.65
2893.79
2884.97
2883.10
2886.23
2876.47
2872.28
2871.15
2877.59
2880.22
2879.58
2875.94
2879.56
2879.16
2882.06
2872.27
2889.06
2892.00
2881.22
2889.20
2873.00
2900.14
2896.16
2895.11
2898.75
2891.83
2873.20
2891.38
2889.38
2879.17
2866.00
2878.00
2875.00
2869.50
2874.44
2869.00
2865.33
2859.33
2872.68
2864.43
2871.00
2872.33
2866.36
2872.84
2873.42
2882.10
2878.78
2881.00
2885.80
2880.62
2882.00
2899.20
2903.21
2956.87
2985.70
2925.00
2928.86
2926.62
2917.20
2915.50
2914.25
2918.70
2919.06
2919.00
2915.00
2911.87
2907.75
2909.22
2905.16
2901.94
2891.00
2899.69
2901.73
2902.26
2906.43
2913.64
2915.06
2922.63
2928.14
2919.68
2928.82
2931.89
2944.07
2947.89
2947.50
2947.30
2947.67
2952.17
2951.91
2953.09
2950.25
2952.70
2948.79
2950.17
2957.24
2953.25
2954.43
2948.27
2950.00
2951.04
2954.55
2939.50
2939.56
2934.69
2933.22
2933.63
2934.19
2936.91
2935.45
2937.63
2937.33
2931.48
2928.16
2934.95
2942.21
2945.05
2947.46
2941.42
2944.57
2940.91
2941.04
2940.63
2937.71
2941.17
2944.63
2947.19
2953.80
2956.25
2957.50
2955.75
2952.57
2956.88
2954.28
2950.83
2951.90
2954.27
2954.21
2952.80
2954.50
2955.80
2951.25
2956.00
2955.43
2963.20
2965.50
2970.00
2967.50
2963.33
2961.17
2962.37
2964.85
2961.57
2948.92
2948.19
2948.81
2954.29
2943.05
2945.15
2938.64
2931.52
2922.63
2923.19
2922.14
2924.11
2912.75
2909.77
2913.89
2911.05
2910.88
2914.12
2912.88
2913.67
2914.07
2915.69
2917.44
2917.68
2913.94
2910.00
2919.17
2918.00
2915.39
2913.79
2897.33
2909.19
2906.00
2907.25
2904.18
2907.44
2904.43
2903.50
2907.08
2908.08
2906.12
2907.83
2909.57
2914.94
2916.20
2922.65
2925.27
2920.47
2922.12
2922.88
2925.45
2927.00
2921.00
2921.50
2925.71
2917.95
2915.24
2914.04
2919.14
2914.41
2914.53
2911.64
2907.22
2900.44
2895.57
2889.62
2890.50
2887.36
2878.53
2879.00
2879.54
2872.69
2869.57
2868.78
2863.83
2867.10
2870.79
2869.72
2870.20
2876.47
2872.14
2879.93
2888.18
2889.86
2891.55
2893.64
2895.50
2894.00
2888.33
2897.82
2900.93
2903.00
2902.36
2903.80
2901.94
2904.75
2904.37
2906.43
2907.10
2912.71
2914.50
2910.00
2915.89
2913.00
2908.93
2905.93
2907.27
2905.27
2905.33
2905.28
2903.69
2901.00
2895.20
2892.50
2894.50
2897.00
2894.00
2893.80
2885.43
2889.33
2894.00
2886.60
2877.59
2873.25
2869.40
2856.00
2859.60
2862.07
2865.86
2859.44
2858.50
2857.80
2855.67
2859.88
2857.57
2852.14
2847.14
2852.00
2852.82
2850.80
2844.64
2845.40
2850.21
2857.55
2861.83
2868.65
2867.86
2871.87
2873.56
2891.36
2878.67
2885.47
2896.06
2899.86
2896.39
2896.86
2894.56
2886.20
2886.40
2888.89
2880.00
2882.83
2885.90
2879.75
2874.69
2874.92
2880.47
2870.67
2871.00
2867.94
2873.11
2863.90
2867.33
2861.50
2852.41
2854.50
2853.53
2856.19
2856.47
2856.25
2848.14
2865.65
2864.60
2862.06
2861.50
2862.24
2862.33
2871.00
2865.06
2863.88
2860.61
2856.31
2859.27
2863.83
2862.33
2861.43
2864.20
2879.12
2878.17
2901.00
2905.00
2905.67
2905.00
2909.50
2907.00
2904.07
2908.77
2903.07
2912.38
2908.58
2906.04
2906.85
2903.77
2904.91
2902.33
2903.38
2902.69
2906.90
2868.47
2896.86
2892.33
2850.13
2850.40
2842.62
2845.53
2845.67
2843.83
2844.54
2847.10
2844.38
2846.14
2847.42
2852.43
2858.91
2862.14
2861.82
2859.48
2867.22
2868.36
2860.47
2871.70
2875.57
2873.11
2871.20
2890.36
2896.09
2899.76
2905.11
2907.31
2908.33
2906.66
2910.08
2907.27
2909.89
2906.56
2907.13
2907.35
2904.38
2903.50
2905.00
2903.43
2901.27
2907.71
2905.57
2901.87
2907.27
2904.17
2901.70
2902.87
2895.00
2894.50
2873.24
2869.69
2897.50
2890.89
2890.33
2897.20
2895.62
2895.91
2899.12
2898.25
2898.20
2899.75
2896.33
2894.00
2894.38
2896.12
2895.00
2895.67
2898.11
2897.75
2893.80
2897.14
2893.70
2894.43
2900.88
2900.22
2904.88
2908.50
2904.87
2904.36
2905.95
2905.45
2904.00
2910.05
2906.65
2902.79
2901.84
2898.33
2893.11
2893.00
2892.50
2892.25
2890.00
2891.00
2892.00
2894.89
2900.36
2897.00
2902.25
2903.61
2902.70
2901.50
2902.29
2899.67
2907.00
2899.64
2895.40
2897.00
2891.44
2890.17
2883.75
2876.70
2873.50
2872.43
2872.80
2874.50
2869.00
2872.75
2884.25
2905.38
2907.57
2887.78
2909.32
2912.60
2908.12
2922.86
2923.25
2930.86
2932.80
2936.50
2936.67
2934.67
2936.00
2932.80
2943.15
2932.33
2930.29
2929.36
2928.50
2930.67
2929.50
2931.00
2922.06
2925.25
2916.17
2917.75
2922.00
2917.44
2919.00
2915.91
2916.14
2896.43
2879.21
2858.64
2864.47
2865.00
2862.80
2862.64
2864.00
2867.93
2886.12
2873.56
2890.50
2875.09
2889.32
2898.15
2907.73
2917.42
2944.28
2964.60
2955.26
2949.16
2951.79
2956.85
2966.40
2985.47
2983.38
2988.70
2991.43
2991.67
2994.00
2991.67
2990.00
2985.40
2987.11
2989.18
2980.00
2987.91
2985.08
2984.33
2983.00
2951.70
2960.95
2954.00
2929.09
2929.67
2929.00
2927.20
2923.56
2924.62
2925.00
2924.54
2924.00
2924.33
2924.75
2920.00
2919.44
2922.67
2915.08
2915.94
2912.50
2914.89
2919.83
2915.50
2917.25
2914.88
2912.38
2912.04
2926.33
2909.85
2909.85
2914.18
2913.43
2908.22
2907.74
2907.67
2907.00
2908.20
2909.75
2906.75
2908.11
2906.91
2904.71
2904.17
2900.82
2896.73
2904.85
2905.69
2901.18
2896.93
2900.35
2904.83
2905.06
2906.94
2910.18
2910.75
2920.75
2934.04
2945.83
2951.17
2953.40
2959.74
2961.07
2957.42
2961.26
2963.11
2968.41
2970.77
2974.69
2974.83
2977.11
2978.12
2978.14
2980.40
2979.00
2985.00
2976.25
2983.21
2980.31
2984.56
2982.20
2979.80
2980.00
2981.00
2982.00
2893.95
2673.31
2723.29
2930.57
3070.73
3023.67
3029.33
3023.14
3022.30
3021.15
3020.07
3020.55
3019.24
3019.33
3021.21
3018.91
3016.29
3021.90
3032.04
3029.81
3032.35
3028.22
3036.82
3036.03
3039.48
3040.08
3046.23
3051.11
3050.30
3052.00
3055.60
3052.83
3047.50
3048.33
3051.86
3050.33
3051.78
3052.40
3052.25
3053.71
3054.29
3053.42
3049.50
3048.86
3047.07
3046.83
3045.50
3052.25
3050.43
3048.08
3051.50
3050.86
3051.00
3073.50
3077.46
3051.33
3053.33
3054.67
3090.19
3086.90
3091.05
3093.57
3092.85
3086.00
3092.09
3085.76
3086.25
3084.45
3075.19
3064.06
3067.80
3072.86
3058.08
3058.13
3057.24
3067.12
3071.67
3069.50
3077.23
3078.54
3088.80
3088.50
3089.14
3092.95
3096.08
3103.48
3109.22
3104.12
3111.00
3109.00
3109.40
3102.64
3100.79
3096.17
3094.53
3106.20
3104.46
3102.40
3082.36
3075.00
3083.94
3073.08
3071.67
3065.57
3069.62
3073.09
3077.50
3086.28
3089.95
3087.13
3086.78
3091.16
3098.40
3089.63
3073.12
3088.81
3089.25
3086.25
3078.95
3084.62
3088.83
3094.85
3096.77
3093.41
3092.80
3109.19
3105.21
3118.71
3117.33
3108.14
3118.70
3118.71
3121.56
3123.38
3121.78
3117.21
3123.47
3125.30
3129.67
3127.31
3120.00
3133.19
3132.59
3139.81
3146.94
3150.19
3152.43
3151.27
3151.12
3153.14
3151.33
3161.72
3162.21
3160.76
3155.14
3153.77
3153.07
3149.75
3147.59
3144.21
3144.86
3147.37
3146.24
3139.00
3140.25
3137.40
3133.09
3132.10
3132.27
3136.93
3139.00
3152.06
3142.21
3138.15
3138.65
3152.12
3147.68
3157.79
3162.36
3160.84
3167.00
3161.94
3165.10
3176.00
3169.33
3180.00
3179.30
3181.00
3183.11
3180.50
3182.42
3180.00
3178.81
3177.65
3175.52
3177.53
3175.74
3180.38
3175.12
3174.36
3158.44
3163.00
3171.42
3171.50
3165.33
3175.40
3172.60
3172.89
3173.75
3182.50
3202.00
3210.06
3209.79
3206.24
3207.20
3214.57
3215.83
3231.90
3246.15
3248.20
3247.86
3252.81
3256.38
3258.77
3254.71
3260.29
3273.50
3275.07
3277.31
3280.36
3289.00
3294.81
3301.50
3306.32
3301.30
3306.95
3313.55
3306.26
3314.42
3315.80
3315.33
3317.50
3323.00
3323.57
3326.77
3330.40
3323.88
3343.76
3355.74
3326.70
3341.00
3367.00
3371.40
3408.50
3370.33
3397.65
3415.81
3414.23
3420.90
3422.93
3424.92
3423.73
3424.07
3423.95
3424.33
3410.67
3415.29
3415.62
3416.35
3434.22
3449.12
3461.79
3467.38
3463.10
3468.48
3500.39
3498.23
3499.94
3503.43
3503.88
3505.11
3503.22
3506.55
3505.50
3502.53
3498.80
3496.78
3503.29
3498.00
3497.18
3497.26
3499.38
3501.89
3499.46
3500.88
3532.79
3543.93
3258.60
3568.33
3586.31
3629.38
3621.75
3494.00
3640.78
3546.29
3623.00
3558.54
3629.59
3628.70
3635.70
3632.04
3637.18
3649.48
3654.93
3657.62
3690.91
3728.24
3720.59
3727.05
3731.14
3737.16
3742.42
3734.78
3736.60
3736.47
3626.88
3582.58
3739.00
1909.00
3822.41
3881.00
3865.49
3852.93
3907.57
3928.48
3928.22
3970.00
3952.69
3968.59
3924.54
3980.35
3989.21
3984.50
3984.45
4012.83
4005.60
4021.50
4020.00
4041.77
4055.45
4026.08
4061.02
4097.20
4087.23
4100.72
4136.94
3983.14
4140.46
4056.50
4059.72
4069.29
4156.83
4012.73
4160.25
4052.89
4059.55
4176.73
4180.13
4194.85
4195.80
4202.24
4211.20
4214.40
4200.47
4210.17
4213.25
4220.06
4240.19
4215.30
4262.80
4283.43
4274.60
4286.41
4316.93
4315.85
4323.77
4331.88
4271.19
4356.55
4370.59
4370.89
4366.84
4382.16
4407.67
4408.94
4402.35
4417.69
4417.77
4429.80
4436.11
4432.33
4445.68
4437.86
4450.38
4462.16
4466.47
4474.08
4316.00
4393.97
4378.62
4401.54
4469.98
4462.21
4421.11
4494.17
4464.84
4444.65
4497.22
4503.51
4497.73
4513.81
4578.70
4595.13
4607.21
4619.81
4623.65
4627.06
4635.55
4649.76
4640.02
4656.29
4662.61
4689.22
4690.20
4732.33
4727.07
4707.27
4723.55
4730.11
4729.50
4731.23
4730.00
4739.20
4739.38
4740.00
4738.00
4737.30
4736.79
4739.62
4736.75
4740.12
4738.50
4746.33
4744.20
4744.33
4748.75
4742.90
4742.40
4741.38
4736.00
4745.00
4747.00
4735.10
4732.00
4735.83
4739.75
4738.56
4738.35
4739.37
4737.85
4735.43
4739.19
4740.28
4741.42
4744.11
4741.69
4746.67
4743.79
4751.75
4741.54
4745.29
4744.80
4749.00
4760.67
4761.17
4759.33
4762.00
4758.50
4757.67
4760.00
4767.67
4784.13
4783.57
4793.73
4800.00
4797.00
4792.76
4788.47
4790.80
4679.81
4656.89
4778.20
4781.96
4772.92
4775.63
4760.92
4754.33
4752.33
4756.25
4757.20
4754.22
4753.10
4757.50
4753.17
4755.55
4754.89
4755.17
4755.00
4755.50
4752.33
4747.29
4747.22
4747.82
4737.00
4745.67
4742.67
4748.64
4751.00
4691.00
4687.56
4687.67
4685.71
4672.33
4677.00
4671.92
4655.90
4647.17
4644.28
4629.40
4632.45
4640.00
4635.21
4624.45
4619.29
4618.53
4593.90
4608.58
4479.52
4481.61
4516.60
4512.27
4510.44
4514.59
4503.56
4512.91
4506.56
4509.57
4509.62
4500.42
4501.58
4506.20
4503.67
4479.00
4477.60
4499.85
4501.27
4503.88
4336.82
4333.82
4395.34
4385.98
4366.69
4332.00
4328.92
4331.40
4321.80
4322.10
4322.00
4322.67
4317.40
4314.12
4289.32
4285.25
4299.39
4284.79
4267.13
4267.80
4264.18
4251.83
4248.08
4228.90
4232.44
4237.86
4239.40
4237.50
2604.64
2887.40
3047.53
3370.27
3757.95
4047.05
4168.71
4168.00
4173.33
3823.20
4157.59
4142.40
4143.88
4116.78
4108.00
4093.08
4095.00
4068.59
4067.12
4061.26
4045.43
4046.80
4017.83
3999.07
3985.99
3982.74
3979.80
3952.04
3982.84
3935.31
3910.78
3897.59
3899.28
3893.57
3895.12
3878.23
3881.50
3869.92
3860.50
3856.33
3853.65
3853.73
3847.21
3842.14
3838.00
3842.00
3825.21
3832.87
3839.62
3774.61
3762.80
3758.35
3755.00
3749.38
3743.47
3739.63
3733.83
3735.20
3724.33
3721.00
3720.50
3714.11
3711.64
3710.00
3708.20
3706.24
3703.20
3702.33
3699.39
3700.63
3698.95
3690.73
3692.27
3688.69
3688.00
3686.90
3681.09
3682.58
3674.83
3684.07
3681.50
3680.19
3665.17
3681.00
3654.88
3647.20
3640.75
3629.50
3614.95
3605.33
3609.94
3607.30
3604.33
3705.12
3609.12
3587.41
3581.84
3561.90
3686.22
3553.05
3540.39
3637.20
3524.45
3522.50
3602.81
3519.54
3519.25
3512.57
3515.92
3514.91
3516.35
3518.85
3512.16
3436.83
3500.63
3507.92
3484.82
3509.32
3499.07
3512.80
3510.50
3434.69
3395.30
3400.79
3385.05
3358.62
3373.33
3368.08
3370.41
3363.68
3358.87
3358.60
3477.57
3354.52
3350.31
3367.16
3370.83
3371.43
3370.67
3373.21
3381.50
3377.89
3384.64
3385.67
3383.12
3384.62
3383.86
3378.88
3377.64
3380.50
3379.00
3371.00
3372.22
3371.33
3369.50
3368.00
3461.80
3330.57
3334.45
3334.61
3323.46
3303.42
3280.29
3272.80
3282.68
3279.41
3268.00
3265.47
3256.14
3259.04
3260.76
3262.78
3268.40
3261.20
3260.00
3268.50
3259.33
3262.91
3261.67
3265.36
3265.54
3264.54
3256.29
3252.50
3245.39
3250.71
3252.33
3249.91
3248.50
3247.29
3246.00
3241.40
3235.12
3234.33
3234.62
3230.90
3227.42
3223.10
3222.07
3225.31
3229.06
3217.67
3213.17
3219.83
3218.30
3211.78
3203.18
3202.74
3200.50
3209.70
3210.50
3177.87
3193.00
3183.41
3167.32
3161.79
3147.50
3109.30
3100.00
3133.56
3131.58
3053.31
3124.29
3107.69
3122.40
3117.33
3078.74
3067.10
3077.11
3087.00
3077.87
3042.73
3042.17
3040.67
3029.87
3046.10
3041.05
3027.70
3016.57
3020.56
3014.10
3008.72
2996.94
2993.08
2990.62
3332.15
2987.62
2983.00
2983.00
2980.40
2986.40
2972.18
2971.57
2968.23
2965.57
2958.32
2960.71
2961.87
2966.27
2963.24
2962.29
2963.79
2994.41
2996.35
2990.92
2997.78
3001.15
3015.14
3028.68
3028.42
3025.67
3035.57
3032.96
3033.09
3034.18
3029.65
3040.27
3044.00
3040.10
3040.45
3039.62
3038.53
3042.64
3046.77
3052.54
3053.67
3043.00
3038.28
3036.21
3035.53
3040.25
3033.48
3041.15
3037.67
3030.36
3034.00
3036.50
3034.56
3035.25
3033.22
3032.00
3030.00
3024.33
3016.20
3014.00
3016.64
3018.55
3017.82
3019.00
3019.44
3017.70
3021.29
3016.33
3019.50
3020.70
3017.65
3018.14
3017.85
3016.65
3018.58
3021.38
3016.00
3018.10
3005.56
2988.88
2988.71
2986.65
2986.55
2978.08
2979.83
2982.85
2982.50
2983.87
2988.45
2990.56
2990.12
2994.40
3271.38
2988.50
2988.00
2982.33
2987.85
2979.75
2985.07
2982.89
2973.76
2970.46
2961.42
2948.03
2934.75
2937.47
2936.53
2941.69
2927.38
2931.23
2931.87
2927.00
2923.79
2923.43
2928.00
2924.74
2922.22
2921.25
2915.08
2915.33
2912.00
2912.92
2911.87
2910.86
2910.00
2909.77
2907.91
2908.60
2919.75
2922.50
2914.57
2917.89
2920.92
2924.86
2921.82
2918.64
2920.94
2921.44
2921.71
2932.71
2934.75
2930.00
2928.00
2951.88
2961.50
2958.27
2966.25
2959.40
2986.27
2964.56
2968.50
2966.44
2968.00
2961.80
2966.30
2973.67
2970.00
2981.50
2976.17
2972.45
2970.75
2967.31
2970.29
2967.85
2964.14
2964.73
2967.57
2967.82
2956.82
2952.71
2954.50
2948.60
2951.00
2944.60
2947.67
2951.00
2952.00
2951.20
2949.50
2949.71
2950.71
2952.86
2955.29
2959.10
2966.10
2970.80
2969.55
2967.73
2968.28
2967.17
2966.68
2967.20
2957.43
2950.67
2949.00
2938.67
2947.00
2943.67
2941.44
2944.33
2951.71
2953.30
2954.67
2958.56
2956.88
2952.62
2953.27
2954.75
2947.20
2955.40
2954.40
2949.71
2944.27
2945.33
2941.75
2954.29
2961.21
2962.29
2957.18
2959.17
2960.42
2960.47
2960.54
2964.43
2962.67
2961.07
2957.89
2965.05
2961.41
2959.21
2960.73
2962.12
2960.22
2963.36
2956.78
2955.55
2956.88
2956.80
2954.94
2951.92
2939.64
2925.33
2931.60
2925.40
2921.50
2918.33
2917.17
2921.45
2914.57
2910.40
2912.55
2908.00
2908.41
2903.45
2904.18
2909.50
2909.83
2906.78
2904.58
2910.94
2908.08
2918.94
2911.36
2919.68
2916.64
2916.47
2912.11
2930.50
2930.20
2929.20
2929.75
2929.50
2928.60
2925.62
2918.70
2924.00
2923.87
2915.87
2920.00
2922.00
2923.00
2896.29
2886.62
2875.38
2869.17
2871.22
2870.00
2862.60
2864.75
2864.91
2862.86
2866.29
2866.00
2865.50
2862.67
2864.67
2861.50
2858.91
2863.25
2856.20
2850.00
2857.50
2860.33
2870.00
2856.80
2870.15
2870.00
2866.05
2869.93
2878.27
2869.00
2875.11
2886.58
2899.64
2908.00
2908.12
2907.50
2908.16
2907.16
2906.50
2904.75
2905.27
2901.35
2906.50
2911.40
2904.16
2902.41
2900.07
2894.88
2894.00
2896.00
2900.00
2899.69
2904.56
2895.45
2904.38
2904.43
2905.62
2907.57
2906.17
2906.88
2907.00
2927.92
2921.67
2927.67
2931.67
2950.19
2935.21
2946.38
2950.57
2954.47
2959.29
2799.00
2974.52
2952.18
2944.43
2953.16
2953.85
2957.54
2951.83
2953.43
2951.60
2946.80
2937.20
2935.88
2949.50
2947.50
2940.83
2933.00
2933.67
2934.83
2937.00
2941.00
2941.56
2946.00
2944.44
2946.68
2941.17
2961.00
2953.75
2951.83
2955.92
2954.75
2962.75
2962.00
2959.80
2962.35
2959.60
2958.07
2959.67
2956.56
2961.82
2962.37
2959.94
2956.50
2949.80
2947.00
2958.00
2953.42
2949.44
2948.25
2946.80
2949.45
2946.64
2952.58
2954.00
2948.14
2951.64
2935.62
2951.60
2936.47
2930.76
2936.12
2934.33
2939.00
2938.90
2934.50
2927.42
2931.15
2942.67
2949.86
2943.00
2931.85
2941.82
2920.55
2924.11
2924.87
2926.50
2920.36
2921.50
2923.22
2925.25
2925.09
2922.38
2924.33
2924.27
2924.75
2916.57
2920.37
2916.77
2913.50
2910.40
2908.92
2914.00
2913.80
2913.57
2909.50
2914.50
2920.00
2915.83
2915.14
2912.80
2915.17
2918.10
2921.80
2921.52
2922.27
2925.11
2925.00
2926.38
2926.75
2930.38
2928.25
2931.00
2929.62
2930.12
2928.27
2927.67
2924.71
2928.67
2932.56
2928.00
2927.25
2926.00
2925.75
2929.00
2929.12
2926.00
2929.09
2928.29
2927.22
2925.67
2927.56
2920.25
2916.00
2902.57
2898.63
2895.71
2894.40
2893.87
2890.94
2894.44
2888.27
2877.85
2884.73
2882.76
2884.52
2882.72
2873.44
2866.33
2867.83
2869.29
2866.83
2865.19
2864.79
2859.12
2860.40
2856.87
2855.60
2858.64
2860.57
2860.50
2862.12
2864.00
2854.50
2864.70
2865.00
2864.00
2842.50
2852.94
2855.85
2856.85
2851.66
2850.21
2853.00
2865.21
2839.22
2835.96
2838.25
2835.65
2835.88
2840.62
2842.46
2853.50
2845.33
2830.50
2850.50
2850.67
2838.05
2839.62
2837.73
2831.27
2833.92
2832.00
2819.05
2827.04
2825.71
2829.79
2835.08
2828.12
2830.88
2827.75
2822.27
2822.46
2820.45
2830.57
2830.50
2824.11
2829.11
2830.12
2831.00
2817.43
2815.64
2828.54
2829.00
2814.70
2818.00
2818.23
2818.93
2820.21
2823.35
2819.20
2821.62
2826.29
2833.33
2829.57
2833.80
2831.86
2837.40
2836.12
2836.82
2836.21
2836.05
2835.82
2838.94
2845.67
2830.50
2835.53
2827.60
2816.56
2825.67
2808.67
2800.16
2798.71
2799.65
2795.50
2801.29
2802.92
2812.39
2830.26
2835.07
2811.60
2816.00
2858.75
2855.00
2860.47
2866.88
2876.41
2881.23
2872.43
2869.22
2877.36
2881.36
2877.17
2880.91
2886.27
2880.31
2875.80
2879.25
2888.50
2893.70
2893.62
2889.50
2891.20
2904.05
2891.08
2894.57
2898.68
2897.58
2904.00
2897.16
2897.91
2899.12
2885.00
2883.05
2889.82
2889.54
2885.00
2883.62
2878.75
2875.94
2861.77
2862.00
2851.67
2848.31
2855.29
2852.50
2852.39
2853.13
2844.14
2840.88
2836.82
2835.20
2838.94
2838.63
2839.24
2832.80
2834.00
2838.94
2839.61
2834.86
2845.38
2843.60
2839.70
2845.55
2845.96
2847.64
2853.79
2852.15
2850.50
2853.18
2852.64
2850.81
2850.67
2844.30
2838.75
2842.57
2836.27
2833.75
2835.00
2836.18
2832.71
2833.86
2837.00
2834.08
2843.00
2835.71
2831.57
2831.25
2812.83
2797.44
2788.83
2785.53
2787.86
2786.82
2787.72
2787.29
2789.25
2780.47
2779.43
2784.91
2790.22
2787.82
2785.81
2792.56
2799.31
2797.31
2796.89
2792.92
2808.70
2808.52
2828.33
2829.11
2826.78
2823.71
2823.81
2828.91
2821.27
2805.00
2817.91
2827.12
2820.00
2824.93
2826.23
2833.04
2835.27
2832.94
2823.00
2828.19
2824.09
2836.56
2832.75
2833.21
2830.25
2814.25
2791.83
2797.21
2774.49
2773.43
2762.20
2763.03
2757.21
2757.42
2751.23
2748.06
2751.08
2755.40
2752.91
2756.31
2764.00
2763.83
2757.33
2756.73
2757.18
2754.15
2750.20
2755.32
2755.05
2754.29
2759.87
2761.14
2754.61
2755.41
2751.52
2761.17
2763.00
2764.36
2758.50
2770.82
2775.77
2776.40
2784.67
2781.64
2780.93
2777.75
2778.25
2779.92
2775.43
2768.04
2775.79
2770.07
2765.60
2764.89
2760.57
2761.50
2760.50
2757.00
2757.00
2755.80
2756.47
2757.61
2755.06
2756.94
2755.37
2753.13
2757.15
2757.00
2754.32
2756.00
2762.90
2762.90
2762.67
2759.20
2753.70
2759.56
2761.25
2760.64
2760.15
2756.73
2754.75
2757.14
2760.00
2758.50
2758.92
2753.70
2751.17
2749.80
2751.62
2749.38
2750.38
2746.87
2746.23
2753.33
2761.35
2756.11
2769.00
2782.00
2771.43
2755.50
2789.00
2782.43
2791.67
2793.25
2803.80
2803.79
2802.43
2803.33
2805.53
2806.06
2814.79
2811.45
2813.44
2814.47
2807.12
2808.40
2810.91
2807.46
2806.06
2807.85
2801.48
2803.37
2806.62
2801.25
2802.20
2805.33
2803.32
2815.81
2809.56
2819.92
2817.42
2838.20
2833.11
2840.44
2842.90
2833.85
2836.11
2835.72
2835.24
2833.41
2829.08
2824.18
2822.00
2815.00
2808.07
2808.58
2796.71
2803.07
2803.88
2801.79
2802.35
2804.00
2802.08
2810.45
2807.29
2809.17
2820.16
2821.89
2820.27
2822.15
2822.54
2819.75
2817.20
2816.33
2815.60
2814.36
2816.67
2821.00
2817.55
2820.94
2824.56
2814.50
2817.56
2809.86
2817.38
2811.74
2813.89
2804.80
2808.89
2804.50
2804.73
2802.65
2800.93
2805.27
2804.00
2805.50
2801.42
2803.78
2805.89
2807.05
2809.71
2811.80
2820.22
2810.92
2809.14
2816.00
2819.69
2823.50
2824.11
2825.56
2824.28
2824.40
2826.83
2829.58
2821.25
2821.29
2836.73
2837.00
2836.33
2829.00
2836.93
2824.60
2827.00
2829.12
2824.00
2823.89
2824.21
2826.27
2968.86
2835.73
2832.50
2833.55
2841.65
2840.67
2840.30
2841.50
2836.25
2840.07
2838.86
2840.45
2826.00
2839.82
2839.71
2840.75
2835.53
2834.38
2837.69
2839.07
2836.22
2836.36
2837.88
2838.80
2831.67
2834.11
2835.44
2832.38
2830.60
2832.33
2831.88
2831.43
2829.50
2831.83
