3299.50
3299.50
3299.50
3299.50
3299.50
3299.50
3299.50
3299.50
3299.50
3299.50
3299.50
3299.50
3299.50
3299.50
3299.50
3299.50
3299.50
3299.50
3299.50
3299.50
3299.50
3299.50
3299.50
3299.50
3299.50
3299.50
3299.50
3299.50
3299.50
3299.50
3299.50
3299.50
3299.50
3299.50
3299.50
3299.50
3299.50
3299.50
3299.50
3299.50
3299.50
3299.50
3299.50
3299.50
3299.50
3299.50
3299.50
3299.50
3299.50
3299.50
3299.50
3299.50
3299.50
3299.50
3299.50
3299.50
3299.50
3299.50
3299.50
3299.50
3299.50
3299.50
3299.50
3299.50
3299.50
3299.50
3299.50
3299.50
3299.50
3299.50
2884.80
2885.40
2886.04
2887.00
2887.15
2889.00
2890.00
2890.00
2889.90
2881.84
2878.31
2875.13
2869.90
2861.68
2857.85
2856.75
2851.13
2840.87
2834.81
2827.99
2826.73
2832.26
2832.65
2832.65
2833.18
2833.72
2837.68
2838.50
2845.35
2855.02
2863.70
2873.30
2878.50
2880.50
2882.00
2882.50
2882.50
2882.50
2882.06
2876.93
2875.50
2874.50
2873.36
2872.27
2871.13
2871.33
2870.81
2863.83
2860.50
2857.50
2856.50
2856.50
2856.00
2856.50
2857.00
2858.50
2860.00
2861.00
2862.00
2863.00
2864.50
2867.00
2868.00
2869.00
2870.50
2874.24
2873.84
2875.88
2877.00
2878.48
2879.96
2881.50
2882.50
2885.50
2882.00
2880.00
2873.42
2870.50
2869.00
2866.78
2864.00
2859.50
2855.77
2851.50
2850.00
2837.50
2836.00
2835.50
2836.00
2836.50
2903.22
2904.19
2838.50
2839.50
2848.50
2855.70
2861.58
2864.44
2872.83
2874.54
2876.87
2878.50
2880.23
2882.40
2884.50
2890.50
2893.00
2893.00
2893.00
2892.50
2892.50
2892.00
2892.85
2892.85
2894.00
2895.29
2896.50
2897.45
2898.50
2896.50
2894.93
2894.38
2890.56
2888.18
2883.00
2878.50
2873.00
2872.86
2858.98
2852.79
2815.63
2742.30
2716.52
2718.83
2721.97
2715.95
2731.48
2774.60
2775.32
2706.27
2689.69
2851.80
2857.78
2882.57
2885.59
2883.35
2882.77
2888.65
2897.39
2898.50
2899.00
2899.00
2894.07
2893.48
2890.62
2889.94
2887.14
2885.10
2884.00
2880.74
2874.15
2865.00
2862.50
2860.50
2860.50
2860.50
2861.00
2861.00
2861.50
2862.50
2865.22
2866.82
2868.13
2869.46
2869.65
2869.13
2869.50
2869.15
2867.51
2864.97
2864.64
2863.50
2861.50
2856.50
2853.00
2852.50
2851.00
2850.50
2850.00
2850.50
2854.50
2857.00
2857.50
2857.50
2859.00
2859.50
2878.69
2878.48
2880.02
2879.28
2877.00
2878.80
2872.03
2877.26
2871.93
2858.12
2855.42
2858.00
2858.79
2859.13
2855.50
2856.33
2856.00
2857.00
2856.42
2856.00
2855.50
2856.00
2856.24
2854.50
2854.00
2853.50
2854.66
2855.00
2856.00
2856.50
2859.97
2862.50
2863.48
2863.50
2863.50
2862.50
2861.50
2857.06
2860.38
2855.50
2854.00
2847.50
2847.00
2846.00
2845.00
2843.50
2843.00
2844.00
2844.00
2844.50
2844.50
2843.30
2841.32
2834.93
2840.00
2830.98
2828.40
2828.80
2833.21
2828.26
2822.85
2822.81
2826.36
2827.05
2826.87
2827.05
2823.80
2822.48
2820.66
2820.06
2817.39
2816.93
2815.70
2816.85
2820.64
2823.00
2824.08
2824.78
2828.50
2830.47
2828.42
2828.93
2828.93
2831.00
2831.00
2831.00
2829.50
2828.50
2828.50
2829.50
2831.18
2831.69
2876.09
2831.82
2833.84
2832.37
2831.84
2832.58
2831.92
2828.98
2825.90
2822.62
2817.03
2814.06
2815.50
2819.52
2823.00
2825.50
2827.17
2829.58
2832.74
2831.94
2828.90
2847.00
2832.87
2833.76
2832.15
2832.15
2860.50
2832.17
2857.50
2931.98
2850.50
2810.77
2842.57
2837.09
2833.47
2829.57
2825.05
2823.68
2821.03
2819.00
2819.00
2819.00
2819.00
2819.00
2818.50
2818.00
2816.83
2816.00
2813.00
2807.50
2806.00
2805.50
2805.00
2805.00
2804.50
2803.50
2809.44
2814.38
2816.75
2816.15
2812.36
2822.97
2833.98
2862.15
2887.20
2900.50
2953.95
2862.50
2864.07
2867.00
2868.00
2868.00
2866.36
2863.50
2859.00
2857.50
2855.50
2854.50
2853.00
2847.00
2842.00
2841.50
2831.87
2825.80
2823.41
2820.95
2821.39
2821.36
2823.90
2828.18
2830.50
2832.41
2835.03
2843.12
2844.27
2844.15
2846.00
2847.00
2853.50
2855.00
2857.00
2858.00
2858.50
2859.50
2860.50
2861.00
2864.00
2865.50
2869.00
2870.00
2870.00
2870.00
2870.50
2877.50
2880.47
2884.45
2886.00
2888.69
2888.92
2890.30
2895.50
2902.00
2902.41
2902.50
2902.50
2902.50
2902.00
2901.00
2900.00
2899.50
2901.50
2902.00
2903.50
2905.00
2907.00
2912.00
2916.00
2921.30
2933.50
2940.50
2943.50
2970.28
2877.06
2950.83
3155.84
3201.73
3579.31
2990.56
3303.79
2963.07
2579.24
2461.98
2977.59
2977.00
2976.50
2974.50
2971.50
2970.50
2969.50
2969.00
2968.00
2968.00
2967.50
2967.50
2968.00
2968.00
2966.50
2965.50
2964.50
2963.00
2958.50
2959.00
2959.00
2956.21
2943.76
2937.02
2933.37
2911.58
2979.33
2928.99
2893.11
2861.13
2907.00
2907.00
2907.00
2909.00
2911.50
2912.50
2913.50
2915.00
2915.50
2917.00
2923.00
2924.00
2924.50
2924.50
2924.50
2925.00
2924.50
2923.00
2917.50
2914.50
2914.00
2913.00
2913.00
2912.50
2912.50
2912.00
2912.00
2912.00
2913.50
2913.00
2913.50
2915.00
2916.31
2916.41
2915.50
2915.50
2913.50
2913.50
2913.00
2911.50
2910.50
2908.00
2907.50
2907.50
2900.75
2904.00
2893.56
2884.47
2878.48
2877.73
2871.57
2864.00
2862.50
2862.50
2857.77
2854.00
2840.45
2832.62
2832.41
2825.52
2824.13
2823.88
2847.03
2841.89
2841.38
2817.15
2822.59
2827.53
2833.37
2837.67
2851.49
2862.50
2868.05
2876.37
2882.59
2889.42
2892.50
2899.00
2899.50
2899.50
2899.50
2892.04
2887.89
2879.95
2874.93
2874.63
2874.41
2876.27
2879.62
2881.72
2886.50
2893.24
2900.05
2906.54
2916.38
2922.09
2928.73
2933.11
2935.72
2931.50
2925.59
2926.37
2924.17
2919.96
2920.00
2918.00
2917.00
2916.50
2915.50
2913.00
2910.50
2907.50
2907.50
2901.05
2899.73
2896.71
2890.12
2885.10
2882.50
2883.00
2886.00
2887.91
2894.10
2903.87
2909.00
2908.00
2905.50
2908.00
2908.47
2911.00
2910.50
2910.50
2908.50
2908.50
2907.50
2907.50
2906.00
2906.00
2901.97
2900.00
2899.50
2899.50
2896.82
2896.88
2899.50
2899.50
2899.50
2900.00
2900.00
2901.00
2901.00
2902.00
2903.00
2903.00
2902.50
2902.00
2900.00
2900.00
2899.50
2899.00
2896.50
2892.50
2890.12
2884.77
2881.75
2881.86
2880.79
2879.50
2876.06
2871.46
2863.50
2863.50
2863.50
2863.50
2865.00
2866.00
2867.00
2869.50
2871.00
2871.00
2872.00
2875.56
2882.00
2884.00
2887.00
2889.50
2894.50
2896.00
2897.50
2899.50
2900.50
2902.00
2902.50
2903.00
2902.50
2901.00
2899.50
2899.00
2898.50
2897.28
2893.28
2895.62
2896.67
2896.31
2897.75
2902.98
2905.00
2901.60
2905.50
2905.50
2906.00
2910.50
2914.00
2917.00
2921.19
2922.14
2922.41
2923.02
2924.71
2923.52
2925.49
2927.50
2930.50
2937.50
2939.50
2940.50
2940.75
2941.29
2948.26
2949.41
2949.68
2949.50
2950.00
2950.50
2950.00
2950.00
2950.00
2948.50
2948.00
2947.00
2945.50
2944.00
2942.50
2942.00
2942.50
2942.50
2942.00
2942.00
2937.00
2936.50
2935.00
2933.80
2930.50
2920.33
2912.00
2913.50
2912.50
2907.50
2906.50
2906.00
2905.45
2913.10
2924.80
2956.14
3012.90
3224.11
3208.97
2872.96
2654.17
2623.69
2975.35
2935.96
2943.00
2943.54
2945.97
2954.00
2954.00
2955.00
2955.50
2955.50
2955.50
3051.71
2957.50
3057.26
2962.50
2964.00
2964.50
2965.00
2965.50
2964.50
2960.50
2960.62
2959.50
2959.50
2954.91
2950.24
2946.43
2944.72
2941.23
2936.31
3010.81
2919.00
2918.00
2917.00
2980.64
2902.98
2893.00
2893.00
2933.04
2888.50
2888.00
2887.00
2886.50
2886.00
2880.72
2871.50
2864.00
2863.50
2863.00
2862.00
2861.50
2869.47
2883.22
2886.01
2892.60
2894.22
2898.99
2904.36
2908.38
2912.68
2923.00
2925.48
2933.34
2935.38
2936.32
2937.00
2936.50
2938.00
2939.00
2940.55
2940.50
2941.00
2941.00
2941.50
2941.08
2940.00
2939.00
2937.98
2937.45
2932.93
2927.50
2924.17
2919.00
2917.00
2912.50
2911.00
2909.50
2908.50
2905.50
2899.50
2899.00
2898.50
2895.85
2894.89
2892.79
2888.43
2886.17
2884.50
2881.50
2879.50
2879.00
2878.50
2954.19
2955.16
2948.06
2888.00
2892.33
2895.00
2939.96
2943.47
2902.39
2907.37
2909.50
2912.00
2965.35
2916.50
2917.00
2918.00
2917.00
2917.50
2917.00
2918.17
2925.19
2927.11
2930.17
2930.58
2932.93
2931.92
2928.96
2930.68
2930.22
2924.02
2922.88
2920.75
2921.92
2918.98
2916.95
2914.15
2911.00
2908.00
2906.00
2903.50
2904.00
2904.00
2904.00
2904.50
2904.00
2894.50
2891.06
2874.20
2862.96
2867.40
2863.70
2860.94
2861.59
2861.62
2858.50
2854.22
2892.30
2891.54
2895.76
2896.26
2898.31
2901.47
2906.70
2885.50
2890.84
2898.41
2901.68
2898.33
2894.38
2893.17
2891.00
2888.10
2888.00
2887.50
2884.00
2876.00
2873.50
2872.50
2872.00
2871.50
2871.50
2873.50
2874.00
2874.50
2876.00
2876.50
2878.00
2880.00
2887.44
2894.35
2903.50
2912.55
2914.06
2915.89
2918.50
2918.09
2919.75
2914.74
2909.94
2917.43
2909.64
2901.00
2906.79
2904.83
2903.58
2890.42
2890.00
2891.00
2889.33
2891.30
2891.52
2893.00
2893.50
2893.50
2893.50
2894.00
2895.00
2895.50
2897.50
2898.00
2899.50
2899.50
2900.00
2900.50
2900.50
2900.00
2898.50
2898.00
2898.00
2897.50
2897.50
2897.00
2897.00
2897.50
2897.50
2898.50
2898.50
2898.50
2892.02
2891.46
2888.67
2885.39
2884.36
2882.85
2881.65
2881.12
2874.10
2872.76
2872.19
2873.50
2873.50
2873.50
2872.50
2873.00
2872.50
2872.50
2872.63
2875.40
2878.02
2882.50
2884.53
2885.81
2888.00
2889.50
2892.00
2893.00
2891.00
2889.14
2888.19
2887.60
2887.10
2884.50
2880.50
2878.44
2876.00
2869.00
2867.50
2866.50
2865.50
2862.50
2863.00
2863.00
2865.08
2866.00
2867.00
2867.50
2869.50
2871.00
2877.50
2878.00
2879.50
2882.11
2882.11
2890.98
3039.55
2629.02
2200.22
2046.66
2919.50
2922.00
2919.50
2919.50
2915.50
2914.50
2913.00
2912.00
2910.00
2909.00
2907.50
2906.00
2903.00
2902.00
2900.00
2897.00
2896.50
2900.50
2904.50
2909.50
2912.50
2915.50
2917.50
2917.50
2920.50
2922.94
2974.91
2997.31
2941.00
2942.00
2942.50
2942.50
2943.00
2943.00
2945.00
2945.00
2946.00
2946.50
2948.00
2948.50
2948.50
2948.50
2947.50
2947.00
2946.50
2944.50
2934.50
2931.00
2928.00
2927.00
2926.00
2932.50
2934.02
2932.50
2930.58
2927.60
2930.24
2930.22
2928.69
2919.63
2931.61
2930.67
2926.92
2935.50
2935.50
2936.00
2937.00
2937.00
2939.50
2940.50
2942.00
2943.00
2943.00
2944.00
2944.62
2945.13
2946.06
2946.06
2945.35
2945.58
2949.23
2949.75
2950.50
2950.50
2952.30
2953.88
2955.82
2960.00
2962.50
2964.58
2967.00
2966.50
2964.00
2960.00
2959.00
2957.00
2950.50
2947.00
2946.00
2944.50
2942.50
2940.50
2935.00
2928.50
2925.50
2921.50
2916.00
2916.00
2915.00
2913.00
2911.50
2909.50
2909.00
2907.50
2906.00
2907.50
2908.00
2909.50
2911.00
2912.00
2912.50
2912.50
2985.47
2911.50
2909.50
2908.50
2906.00
2903.98
2901.00
2900.50
2898.78
2898.47
2899.00
2899.00
2900.00
2900.50
2901.00
2903.00
2906.00
2908.50
2912.50
2914.50
2915.50
2917.00
2917.50
2918.00
2920.50
2923.50
2923.50
2923.50
2919.50
2915.50
2914.00
2911.00
2910.92
2909.50
2908.50
2907.50
2901.40
2894.39
2888.40
2886.27
2885.26
2884.00
2881.24
2876.49
2872.50
2868.50
2867.50
2866.43
2865.50
2864.00
2866.50
2868.00
2869.00
2869.50
2921.72
2921.63
2876.50
2881.00
2885.50
2887.50
2888.00
2888.50
2889.00
2891.39
2895.35
2895.85
2898.00
2898.50
2898.50
2899.50
2900.50
2901.50
2904.50
2905.50
2907.00
2908.00
2908.00
2908.00
2907.50
2905.50
2904.50
2903.50
2902.00
2901.00
2900.00
2896.00
2894.50
2890.50
2888.00
2889.00
2890.00
2885.36
2885.14
2884.29
2884.14
2879.64
2872.51
2869.78
2867.90
2866.63
2866.00
2865.50
2861.62
2860.50
2860.00
2855.50
2854.50
2854.00
2852.50
2850.50
2847.00
2846.50
2846.00
2846.00
2847.50
2849.00
2850.00
2853.00
2855.26
2868.50
2871.84
2877.35
2881.00
2882.19
2884.70
2885.51
2886.81
2891.58
2891.00
2891.00
2889.62
2890.08
2887.40
2882.00
2881.50
2881.50
2881.50
2878.50
2874.50
2873.50
2872.00
2870.50
2869.05
2868.00
2866.00
2861.14
2852.87
2849.00
2846.50
2843.50
2847.93
2850.00
2849.00
2849.00
2851.00
2850.05
2852.00
2854.00
2859.00
2860.15
2861.03
2859.50
2859.00
2858.00
2858.00
2858.50
2865.80
2867.41
2860.13
2865.92
2870.63
2917.11
2981.54
2886.75
2901.50
2902.50
2902.50
2902.50
2903.50
2904.50
2904.50
2905.00
2905.00
2905.50
2904.50
2903.50
2898.30
2892.52
2895.33
2885.32
2880.45
2876.02
2869.29
2865.44
2860.59
2854.94
2843.50
2840.50
2840.00
2839.50
2839.50
2840.00
2840.50
2841.50
2845.00
2849.18
2854.00
2855.50
2856.50
2858.50
2860.00
2862.00
2863.50
2865.00
2870.50
2874.50
2879.00
2886.67
2895.00
2896.00
2896.50
2897.50
2898.00
2901.81
2901.50
2902.00
2902.00
2901.50
2901.00
2903.37
2903.50
2902.00
2900.00
2899.50
2900.00
2895.33
2889.61
2886.39
2886.39
2885.29
2884.51
2881.63
2877.68
2872.94
2870.54
2871.00
2874.00
2874.00
2879.73
2879.75
2884.14
2891.35
2891.48
2890.52
2890.80
2890.80
2890.73
2889.67
2888.21
2888.26
2888.26
2889.75
2892.50
2892.00
2892.00
2892.00
2891.50
2893.50
2898.00
2900.50
2901.00
2901.50
2901.50
2901.00
2901.00
2900.50
2900.50
2900.50
2901.00
2901.00
2899.50
2897.00
2890.00
2889.00
2888.00
2888.00
2888.00
2888.50
2890.50
2894.34
2896.50
2897.00
2897.50
2898.50
2898.00
2897.50
2897.50
2897.00
2897.50
2895.23
2892.55
2883.81
2881.11
2879.93
2878.58
2877.67
2874.86
2872.00
2872.00
2874.00
2875.52
2879.31
2866.27
2896.69
2900.15
2904.62
2905.50
2910.53
2915.73
2910.93
2929.67
2934.71
2940.50
2944.69
2945.26
2945.79
2945.26
2942.82
2941.50
2937.50
2932.00
2931.50
2927.50
2927.50
2927.00
2926.00
2920.50
2919.50
2919.00
2918.00
2909.08
2904.82
2893.08
2894.56
2888.06
2884.00
2876.00
2868.50
2863.50
2863.00
2863.50
2863.50
2864.50
2874.24
2879.95
2883.50
2885.03
2887.80
2891.38
2895.46
2902.48
2908.43
2937.50
2942.50
2935.49
2936.79
2938.77
2941.74
3001.00
2969.50
2975.72
2981.00
2986.50
2988.50
2989.00
2988.00
2986.00
2984.00
2983.50
2981.50
2975.50
2972.00
2969.50
2969.84
2960.72
2957.57
2952.50
2944.50
2940.02
2982.26
2928.45
2924.09
2922.00
2922.00
2922.00
2920.50
2920.00
2919.00
2918.00
2917.50
2917.50
2916.00
2882.58
2886.47
2888.91
2890.68
2900.55
2892.73
2878.09
2882.03
2898.99
2906.45
2911.00
2911.00
2907.50
2907.68
2907.50
2907.50
2907.00
2906.00
2905.00
2904.00
2903.50
2903.00
2902.50
2902.00
2900.50
2899.50
2899.00
2899.50
2900.00
2900.50
2901.00
2901.00
2903.16
2903.50
2903.50
2904.00
2915.12
2919.29
2920.90
2926.00
2933.50
2912.92
2950.50
2953.00
2929.63
2958.00
2957.43
2960.00
2962.50
2965.00
2967.00
2970.50
2976.00
2978.50
2980.00
2980.00
2977.97
2977.50
2977.50
2977.50
2978.00
2978.50
2979.50
2978.50
2981.16
2977.26
2936.52
3205.31
3529.90
3284.13
2962.49
2501.88
2233.34
2911.58
3017.85
3020.00
3019.00
3018.50
3018.50
3018.00
3018.00
3018.00
3018.00
3019.00
3019.50
3025.00
3029.50
3030.00
3031.00
3035.04
3037.76
3037.79
3039.88
3043.25
3047.62
3054.50
3054.50
3056.00
3056.00
3056.00
3055.00
3054.00
3052.50
3052.00
3052.50
3052.50
3052.00
3051.50
3050.50
3049.00
3047.50
3047.00
3047.00
3046.50
3046.50
3047.00
3047.50
3047.50
3047.50
3057.16
3065.54
3067.41
3072.37
3067.63
3073.69
3056.56
3080.06
3062.85
3087.94
3092.50
3092.50
3088.00
3082.00
3083.00
3056.00
3073.02
3065.85
3063.50
3040.56
3061.00
3058.50
3057.00
3057.00
3058.00
3060.50
3063.50
3067.12
3072.76
3077.27
3079.55
3083.09
3086.27
3091.00
3099.50
3105.50
3078.05
3076.77
3111.00
3106.95
3103.00
3098.50
3096.00
3092.50
3092.00
3090.50
3090.00
3086.00
3100.42
3099.76
3098.60
3070.00
3071.00
3018.15
3099.97
3030.89
3081.00
3082.50
3084.00
3086.00
3088.50
3088.50
3039.82
3086.50
3086.00
3085.00
3085.00
3084.50
3085.00
3086.50
3087.50
3088.00
3089.50
3095.50
3100.50
3104.00
3109.50
3112.50
3115.00
3116.00
3116.47
3117.00
3116.50
3086.93
3090.33
3100.18
3125.14
3126.50
3127.00
3128.00
3129.00
3131.50
3136.00
3137.50
3147.00
3148.50
3149.00
3151.00
3154.67
3157.50
3158.50
3158.50
3159.39
3118.53
3089.24
3122.53
3125.60
3120.15
3116.59
3115.61
3088.51
3142.00
3140.50
3135.79
3136.00
3133.00
3131.50
3086.86
3135.50
3117.86
3138.50
3138.50
3112.04
3157.36
3157.85
3159.96
3166.62
3137.97
3122.79
3121.61
3127.65
3131.14
3130.88
3130.40
3128.07
3179.00
3180.50
3181.00
3181.50
3179.50
3178.00
3175.12
3170.18
3144.95
3144.79
3144.05
3142.43
3168.89
3133.55
3134.14
3135.08
3167.80
3164.71
3167.11
3170.07
3176.08
3180.05
3185.64
3161.35
3146.98
3151.40
3068.11
3094.75
3175.19
3193.97
3140.11
3218.42
3178.01
3233.29
3230.84
3235.40
3267.70
3269.29
3271.19
3240.40
3273.50
3279.00
3283.00
3245.30
3261.67
3270.92
3274.96
3303.00
3276.80
3277.58
3308.00
3276.60
3271.48
3315.00
3315.50
3316.00
3318.00
3326.50
3334.40
3341.21
3344.00
3346.50
3349.04
3351.94
3363.21
3397.98
3406.95
3388.24
3408.50
3342.35
3350.75
3374.72
3352.04
3397.27
3423.73
3395.60
3394.72
3392.28
3421.72
3427.00
3410.85
3429.74
3434.27
3434.73
3460.27
3469.34
3474.75
3477.88
3505.50
3505.50
3506.00
3506.50
3507.00
3506.67
3540.39
3506.00
3484.00
3466.61
3451.71
3449.88
3455.16
3470.15
3479.57
3509.66
3506.00
3501.50
3530.38
3522.47
3553.31
3812.52
3559.75
3550.74
3247.36
3472.55
3484.54
3509.23
3553.30
3602.87
3609.92
3611.75
3633.02
3653.98
3671.98
3671.24
3673.56
3679.45
3682.21
3679.07
3645.22
3570.28
3637.25
3656.64
3700.05
3723.53
3759.32
3752.28
3773.01
3759.61
3764.88
3511.99
3783.28
3808.19
3810.43
3864.28
3200.67
3144.05
3927.05
3887.04
3893.93
3950.39
3913.35
3961.76
3926.19
3932.33
3977.25
4011.00
4020.02
3990.95
4028.53
3999.29
3997.06
3821.66
3307.26
3221.82
3253.80
3881.79
3787.91
4015.43
3912.12
3785.39
3655.39
4072.79
4161.49
4169.50
4172.50
3977.45
3987.24
4076.75
4069.71
4039.52
4103.23
4101.82
4151.10
4169.08
4054.89
4164.10
4229.04
3960.18
3531.62
3385.30
3664.58
3622.48
3743.20
3948.64
4225.17
4169.24
4187.66
4179.65
4351.10
4376.57
4370.18
4371.20
4374.54
4393.62
4410.25
4416.81
4382.86
4381.81
4393.17
4398.77
4402.06
4412.60
4412.00
4273.08
3878.10
3965.43
4203.87
3995.36
4396.67
4425.94
4431.88
4438.84
4432.51
4448.49
4446.70
4451.06
4449.89
4451.23
4464.81
4437.41
4158.88
4086.58
4269.30
3938.31
3969.81
3742.71
3619.93
3898.74
3856.87
3470.50
4467.42
4546.04
4703.55
4706.90
4715.63
4714.80
4718.83
4721.50
4735.00
4737.50
4739.00
4739.50
4656.32
4656.32
4654.27
4740.50
4742.00
4745.00
4745.50
4745.50
4746.00
4746.00
4746.00
4746.00
4609.76
4609.76
4609.76
4616.41
4745.50
4744.50
4659.20
4740.50
4739.00
4739.00
4739.00
4739.00
4739.50
4739.50
4740.00
4740.50
4741.00
4743.50
4747.00
4750.50
4752.00
4749.55
4751.00
4752.00
4750.50
4753.20
4763.41
4771.14
4772.52
4771.96
4772.90
4778.31
4785.66
4786.46
4787.53
4744.77
4687.95
4667.23
4674.17
4740.31
4789.98
4742.80
4743.49
4740.23
4736.67
4734.45
4732.48
4667.44
4770.59
4760.00
4758.00
4605.89
4605.89
4613.90
4621.19
4758.00
4758.00
4758.00
4757.50
4757.00
4756.50
4756.00
4752.50
4751.00
4747.00
4747.00
4742.43
4737.47
4726.95
4719.99
4713.67
4712.80
4582.02
4641.25
4692.43
4687.60
4679.26
4604.21
4532.99
4483.79
4469.74
4611.30
4509.89
3855.84
3643.26
3308.15
3579.86
3564.82
3449.90
4149.17
4179.58
4081.76
4530.20
4549.06
4561.32
4528.20
4534.67
4529.33
4521.15
4520.42
4514.83
4433.37
4218.40
4501.93
4493.90
4477.50
4472.91
4471.06
4440.35
4445.14
4422.55
4285.57
4329.87
4295.50
4238.30
4268.39
4316.66
4336.49
4306.32
4289.83
4326.00
4323.50
4352.03
4330.35
4258.46
4301.85
4290.28
4250.52
4287.83
4259.31
4256.53
4251.34
4269.73
4197.20
4205.02
4081.65
4234.06
4233.41
4232.84
4174.00
3334.20
4204.53
4234.75
4110.19
3803.10
3506.42
3292.53
3102.54
2569.65
2492.20
2198.78
1531.76
1552.35
1801.41
2296.67
3380.79
3466.64
3497.15
3550.60
3768.78
3720.98
3481.55
3578.34
3649.78
3716.88
3743.17
3612.80
3645.66
3584.97
3340.05
3475.57
3749.50
3898.61
3898.34
3892.48
3866.60
3821.23
3768.53
3829.78
3866.14
3859.50
3852.50
3851.39
3844.87
3838.00
3837.50
3837.40
3831.37
3827.60
3822.25
3789.54
3774.00
3731.19
3729.60
3754.56
3752.22
3747.73
3745.50
3734.75
3728.89
3721.97
3717.52
3716.00
3708.38
3778.46
3769.00
3709.50
3705.42
3661.40
3661.15
3699.00
3618.64
3696.50
3651.93
3694.50
3692.81
3688.00
3688.00
3684.00
3677.40
3671.21
3669.34
3668.19
3669.05
3671.33
3666.80
3663.14
3653.55
3599.43
3593.10
3593.95
3582.32
3633.94
3739.78
3605.36
3625.15
3502.36
3617.82
3575.61
3418.36
3433.18
3409.84
3483.83
3502.96
3400.79
3464.58
3531.60
3616.92
3520.76
3520.94
3518.11
3517.83
3518.50
3518.50
3517.00
3639.33
3499.42
3499.47
3488.20
3486.95
3480.91
3483.21
3457.40
3446.26
3401.82
3673.60
3072.15
3141.81
3100.26
3120.45
3244.59
3359.22
3333.95
3342.89
3357.11
3308.25
3352.50
3317.86
3337.51
3338.24
3359.50
3362.00
3365.50
3367.55
3375.62
3381.00
3381.50
3382.00
3382.00
3381.50
3380.50
3379.50
3378.50
3376.74
3369.75
3370.70
3365.48
3362.97
3360.00
3356.50
3145.14
2849.97
2956.65
3152.88
3236.46
3198.02
3147.21
3121.06
3194.36
3260.65
3262.69
3260.84
3271.91
3265.50
3263.00
3262.50
3383.31
3263.00
3267.00
3268.00
3267.50
3267.50
3267.00
3265.50
3265.00
3264.00
3261.50
3257.00
3247.11
3246.45
3245.87
3246.30
3245.22
3246.03
3241.90
3239.72
3235.50
3235.50
3235.00
3235.37
3320.60
3196.87
3199.29
3199.46
3221.00
3220.50
3218.50
3216.75
3214.73
3213.00
3211.12
3204.88
3200.85
3197.06
3168.95
3167.61
3220.19
3180.03
3128.26
3154.46
3068.24
3014.12
3115.61
3122.32
3147.43
3175.00
3221.89
3171.85
3115.79
3106.97
3080.37
3062.91
3075.33
3074.72
3061.59
3070.57
3057.62
3045.97
3045.14
3038.00
3035.27
3027.53
3068.38
2964.32
3037.00
3007.20
3006.00
2978.70
2929.81
2952.10
2964.16
2992.00
3070.13
2990.00
2987.00
2986.00
2979.50
2975.50
2973.50
2967.79
2942.27
2941.23
3008.49
2904.37
2960.50
2959.83
2961.69
2970.86
2971.51
2988.62
2993.34
2995.80
2999.00
3004.19
2999.03
3018.82
3007.91
3075.12
3082.47
3034.00
3034.00
3034.00
3034.50
3037.00
3036.76
3038.74
3040.63
3041.27
3043.38
3044.42
3048.46
3054.15
3078.27
3013.96
2973.75
2992.73
3014.70
3009.00
3015.81
2996.69
2999.53
3015.68
3042.08
3043.09
3068.93
3036.57
2994.18
2953.51
3022.26
3017.88
3018.00
3010.39
3012.56
3017.00
3015.61
3014.03
3016.00
3016.00
3018.00
3019.00
3019.00
3019.50
3019.00
3019.00
3013.46
3012.34
3012.57
3010.50
3005.18
3000.80
2993.95
2988.50
2987.00
2986.50
2958.03
2986.00
2985.00
2984.50
2986.00
2986.56
2992.00
2992.50
2994.50
2994.00
2991.82
2987.74
2987.17
2981.28
2983.00
2980.84
2978.00
2976.00
2897.56
2749.84
2839.89
2945.00
2982.77
2938.00
2937.00
2935.50
2934.50
2934.00
2931.77
2925.54
2926.00
2926.50
2986.89
2924.00
2921.50
2918.50
2915.50
2914.64
2915.50
2912.50
2912.00
2911.50
2912.00
2913.50
2915.50
2917.00
2918.00
2918.50
2919.50
2919.50
2920.00
2920.50
2921.50
2922.50
2923.00
2923.00
2929.34
2933.24
2931.38
2936.88
2940.04
2947.90
2952.70
2955.50
2960.50
2963.50
2974.88
2999.42
2979.36
2979.36
2966.50
2967.00
2970.50
2972.50
2972.50
2973.13
2973.00
2973.50
2971.50
2968.48
2967.00
2972.62
2960.15
2958.38
2957.48
2959.93
2955.30
2949.83
2944.55
2942.74
2942.55
2941.97
2944.48
2946.24
2948.52
2954.94
2957.05
2961.32
2962.32
2965.23
2966.54
2969.54
2970.95
2970.28
2966.50
2965.50
2972.17
2965.50
2964.56
2963.56
2959.81
2954.80
2942.75
2938.74
2941.95
2947.62
3027.57
2950.29
2943.87
2944.50
2945.00
2947.97
2954.86
2951.83
2950.45
2949.91
2948.85
2956.28
2948.33
2947.00
2946.50
2947.50
2949.00
2956.50
2960.48
2962.00
2962.50
2963.00
2963.50
2963.50
2963.50
2964.00
2964.00
2962.97
2963.00
2961.50
2960.50
2960.00
2959.50
2959.00
2959.00
2959.00
2958.00
2957.50
2957.50
2957.50
2952.36
2943.13
2933.12
2930.59
2931.12
2929.03
2928.78
2926.30
2925.12
2916.84
2911.00
2985.65
2909.00
2873.62
2908.00
2908.00
2908.50
2908.00
2908.00
2909.00
2912.00
2913.00
2914.50
2915.50
2917.00
2917.50
2918.50
2919.50
2922.00
2927.28
2932.00
2932.50
2931.00
2926.50
2921.40
2919.00
2915.50
2914.00
2910.14
2910.77
2908.28
2903.05
2898.74
2893.69
2834.51
2828.29
2827.60
2821.22
2756.68
2936.19
2801.62
2746.00
2867.00
2866.50
2865.50
2865.00
2863.44
2861.00
2860.50
2860.00
2859.50
2858.50
2859.00
2863.00
2864.00
2870.32
2876.16
2876.17
2879.00
2880.38
2881.70
2883.28
2885.82
2890.50
3135.56
2906.97
2908.97
2910.00
2910.00
2986.16
2908.50
2908.00
2907.50
2906.00
2904.50
2904.00
2902.50
2901.00
2899.50
2899.00
2994.87
2989.78
2901.50
2904.00
2981.29
2906.00
2980.82
2907.00
2909.00
2912.00
2914.00
2922.93
2932.35
2933.19
2935.96
2936.62
2940.27
2922.21
2985.26
2924.02
3031.00
3054.26
2997.05
2728.72
2383.47
2733.82
2951.50
2951.50
2948.86
2948.40
2948.68
2950.03
2947.14
2942.00
2941.00
2941.00
2941.00
2940.00
2939.50
2939.00
2939.50
2941.50
2943.00
2944.00
2944.50
2945.00
2946.50
2947.00
2951.50
2955.00
2956.00
2959.50
2962.50
2964.50
2965.00
2965.00
2966.50
2966.00
2966.00
2966.50
2966.50
2965.50
2963.24
2962.51
2955.93
3005.66
2954.12
2953.97
2954.00
2949.97
2949.17
2947.68
2953.50
2951.80
2944.82
2945.15
2946.25
2937.94
2935.93
2937.89
2933.50
2933.50
2933.50
2933.22
2933.22
2934.26
2935.30
2936.02
2940.40
2941.46
2941.58
2940.83
2937.23
2936.62
2928.73
2927.50
2926.50
2925.50
2925.00
2924.50
2924.50
2925.50
2925.50
2925.50
2924.50
2923.50
2922.50
2922.00
2919.89
2917.00
2916.50
2913.50
2911.00
2912.50
2911.50
2911.50
2912.00
2914.00
2915.00
2915.50
2917.00
2918.00
2920.50
2921.50
2922.50
2923.50
2924.00
2925.00
2926.50
2931.00
2933.00
2934.00
2934.00
2935.16
2932.35
2931.50
2931.00
2931.50
2932.00
2932.50
2932.00
2933.90
2935.65
2936.18
2938.61
2937.33
3006.45
2931.21
2926.10
2930.42
2930.24
2928.11
2926.26
2915.55
2912.39
2905.50
2905.91
2901.49
2894.00
2894.00
3010.28
2894.00
2892.50
2896.69
2885.50
2884.50
2925.00
2967.69
2880.50
2877.00
2874.00
2872.00
2871.50
2870.00
2869.00
2867.51
2865.13
2866.79
2866.16
2863.67
2863.00
2864.50
2865.00
2865.00
2865.80
2868.03
2870.83
2870.34
2868.83
2847.13
2820.21
2762.31
2821.97
2760.78
2846.25
2789.74
2810.59
2813.96
2789.08
2827.31
2840.50
2841.97
2843.00
2843.00
2843.00
2843.00
2843.00
2839.50
2839.66
2837.45
2834.66
2828.35
2827.12
2827.58
2825.44
2823.36
2824.00
2824.00
2825.00
2825.50
2825.50
2825.80
2824.86
2823.50
2822.00
2821.50
2822.00
2823.50
2825.00
2825.00
2824.50
2823.50
2822.50
2823.00
2822.50
2822.50
2823.50
2823.50
2823.50
2824.00
2824.00
2825.00
2825.67
2825.00
2823.50
2824.44
2823.42
2823.88
2824.12
2825.21
2828.56
2830.85
2827.58
2828.50
2831.21
2835.41
2832.61
2831.23
2829.36
2827.88
2818.76
2814.57
2809.50
2808.00
2803.00
2803.00
2802.55
2802.00
2802.50
2807.79
2824.50
2826.92
2839.06
2843.85
2854.12
2859.93
2864.41
2856.67
2870.29
2874.03
2881.68
2870.16
2870.81
2870.81
2870.94
2867.48
2886.50
2886.00
2883.00
2882.50
2885.00
2888.50
2895.50
2901.00
2904.50
2905.98
2890.25
2886.69
2906.50
2907.08
2908.00
2908.50
2908.50
2887.82
2901.40
2898.00
2893.50
2891.51
2888.00
2884.50
2883.51
2881.98
2871.55
2863.00
2858.50
2857.00
2856.50
2853.91
2853.00
2853.72
2850.93
3008.49
2898.21
2845.09
2841.00
2841.00
2841.00
2839.94
2840.00
2839.50
2839.50
2841.65
2843.50
2849.50
2856.92
2858.99
2851.00
2852.11
2851.50
2856.16
2859.50
2859.00
2859.00
2857.12
2853.00
2852.00
2850.00
2844.50
2841.50
2841.00
2840.50
2840.00
2839.00
2837.50
2836.27
2830.11
2822.43
2818.77
2826.33
2836.08
2821.29
2807.73
2805.00
2801.50
2796.17
2791.00
2740.38
2790.00
2790.00
2790.00
2789.50
2786.50
2786.88
2786.00
2788.00
2789.50
2796.81
2802.50
2805.00
2807.00
2807.00
2808.00
2809.00
2815.50
2820.50
2824.00
2825.00
2824.50
2824.00
2823.00
2822.50
2823.00
2824.50
2825.56
2825.50
2831.91
2831.00
2835.62
2837.09
2840.08
2836.00
2832.50
2837.50
2834.50
2827.21
2825.63
2823.68
2817.17
2804.34
2796.09
2786.23
2757.28
2754.54
2706.82
2696.96
2715.58
2769.00
2764.62
2756.00
2755.50
2756.00
2757.00
2758.50
2759.50
2760.50
2761.50
2761.50
2759.00
2758.00
2757.00
2753.50
2753.46
2753.38
2752.50
2751.40
2752.57
2750.89
2753.00
2755.50
2757.85
2761.50
2763.50
2766.00
2773.50
2777.00
2780.00
2783.00
2784.50
2782.50
2778.82
2777.00
2775.00
2774.00
2774.33
2772.64
2769.00
2764.50
2764.00
2763.50
2762.12
2762.30
2762.00
2761.00
2760.00
2758.50
2758.00
2757.50
2757.50
2757.00
2756.75
2757.50
2757.57
2759.50
2761.00
2763.00
2763.00
2763.50
2763.50
2763.50
2764.00
2765.00
2765.00
2765.00
2764.50
2763.50
2763.00
2762.00
2761.50
2759.00
2758.00
2756.50
2754.50
2753.50
2753.50
2752.00
2751.50
2755.43
2766.28
2772.50
2775.42
2776.90
2778.84
2783.00
2787.07
2788.81
2792.19
2800.00
2802.00
2803.50
2808.61
2812.46
2812.41
2816.83
2816.83
2817.07
2819.00
2819.50
2818.50
2817.50
2814.58
2814.00
2812.58
2808.98
2806.50
2805.00
2804.00
2805.57
2809.00
2814.00
2819.71
2815.74
2824.22
2827.00
2825.62
2835.00
2838.50
2844.02
2842.00
2838.00
2837.50
2837.00
2877.64
2877.69
2878.77
2804.93
2823.00
2817.50
2812.00
2808.00
2869.49
2805.50
2805.00
2804.50
2805.00
2866.15
2807.50
2811.00
2813.25
2816.50
2817.33
2821.50
2823.00
2823.50
2823.50
2823.50
2823.00
2822.00
2822.39
2821.82
2821.94
2822.50
2823.00
2823.00
2823.00
2820.00
2820.00
2817.80
2817.62
2814.50
2814.50
2810.00
2806.00
2804.50
2803.00
2803.00
2801.95
2800.92
2800.89
2802.00
2802.00
2803.50
2804.00
2806.54
2810.23
2813.06
2814.48
2814.50
2815.00
2819.00
2822.50
2824.50
2825.00
2825.00
2826.09
2827.80
2828.86
2831.13
2831.36
2892.68
2835.03
2835.60
2835.83
2835.52
2905.15
2833.50
2948.44
2730.79
2919.55
3089.21
3101.56
2681.34
2664.44
2759.14
2839.75
2790.49
2838.47
2835.00
2834.40
2832.81
2833.88
2833.07
2832.61
2830.50
2811.94
2831.50
2813.11
2835.00
2837.28
2839.50
2839.50
2839.00
2839.50
2839.00
2838.50
2835.17
2833.27
2834.00
2832.05
2831.00
2829.96
2829.42
2830.84
2831.50
2832.00
2833.00
2834.00
2834.50
2835.50
2839.03
2841.00
2842.60
2818.74
2843.50
2796.70
2842.50
2842.50
2842.50
2841.21
2817.26
2813.60
2840.00
2839.50
2766.02
2690.48
2680.32
2707.79
2772.17
2812.43
2816.14
2814.51
2802.47
2794.95
2807.23
2809.12
2811.53
2811.77
2809.62
2839.50
2838.50
2802.74
2833.76
2793.83
2793.75
2796.54
2800.59
2834.00
2837.00
2837.00
2838.00
2838.50
2840.00
2841.00
2841.50
2842.00
2842.00
2843.00
2844.00
2847.50
2853.00
2854.00
2854.50
2903.18
2855.50
2855.50
2857.00
2858.00
2860.00
2860.00
2859.50
2859.50
2857.00
2856.50
2856.00
2855.00
2854.50
2853.50
2852.00
2851.00
2849.50
2848.50
2848.50
2849.00
2849.50
2849.50
2849.50
2849.00
2845.96
2845.50
2841.49
2839.80
2839.28
2839.82
2840.17
2839.64
2835.00
2827.50
2824.50
2822.00
2821.50
2821.00
2821.50
2821.50
2909.21
2905.72
2905.72
2905.72
2895.76
2893.72
2829.50
2834.50
2838.00
2838.50
2840.92
2843.00
2906.42
2974.30
2844.00
2841.54
2838.18
2836.89
2835.55
2833.93
2832.18
2826.46
2823.50
2823.00
2888.10
2820.50
2816.50
2814.50
2809.89
2777.28
2776.29
2804.50
2869.08
2955.87
2851.20
2836.91
2835.88
2972.54
2899.31
2828.31
2828.82
2896.95
2807.91
2808.82
2836.36
2834.62
2831.50
2894.18
2766.00
2773.00
2777.50
2781.50
2783.00
2784.00
2784.50
2784.50
2759.62
2783.00
2779.50
2776.50
2776.00
2828.83
2775.88
2771.22
2765.00
2766.00
2765.83
2765.50
2766.50
2768.00
2772.27
2775.50
2775.50
2775.50
2777.55
2779.50
2787.08
2791.00
2792.00
2793.50
2793.50
2793.50
2794.00
2795.50
2798.50
2800.00
2800.00
2800.00
2798.00
2797.50
2794.50
2791.00
2790.50
2789.50
2788.50
2787.00
2790.00
2791.00
2791.50
2795.47
2795.79
2798.00
2798.00
2798.50
2800.50
2800.50
2801.50
2799.50
2799.50
2797.50
2793.00
2789.00
2735.32
2787.00
2786.00
2785.00
2783.50
2783.00
2781.00
2780.00
2779.00
2779.00
2777.48
2773.68
2773.34
2773.00
2772.00
2772.85
2768.43
2768.00
2767.49
2767.98
2769.54
2771.61
2772.50
2774.00
2726.54
2780.50
2782.00
2782.50
2782.50
2782.00
2781.00
2780.50
2780.50
2780.00
2779.00
2778.00
2778.00
2778.50
2778.50
2778.50
2781.50
2784.00
2785.00
2786.50
2790.00
2790.50
2792.00
2793.50
2795.50
2797.00
2798.00
2796.00
2796.50
2799.50
2780.14
2774.49
2824.55
2839.50
2846.00
2848.00
2850.50
2851.00
2851.00
2852.00
2853.00
2853.50
2854.50
2854.50
2853.00
2851.00
2848.50
2848.00
2847.00
2845.20
2843.95
2839.93
2829.20
2824.41
2820.00
2822.46
2786.00
2785.66
2830.00
2829.50
2834.00
2836.68
2763.00
2797.74
2832.50
2835.08
2831.48
2823.66
2818.61
2817.50
2815.00
2812.50
2810.50
2779.38
2775.78
2772.27
2747.66
2771.62
2745.77
2744.74
2769.19
2769.72
2768.80
2746.80
2767.78
2790.50
2792.00
2792.00
2792.00
2790.50
2795.62
2801.38
2804.63
2807.00
2809.08
2793.90
2798.40
2796.59
2795.46
2794.10
2792.64
2790.92
2799.66
2798.76
2795.50
2791.00
2787.50
2727.00
2715.78
2712.81
2703.52
2696.24
2742.42
2745.96
2757.29
2785.00
2787.56
2803.20
2810.40
2813.89
2807.00
2817.51
2811.67
2813.37
2828.50
2829.00
2813.10
2810.67
2808.94
2803.75
2799.37
2804.30
2786.95
2781.50
2778.00
2773.69
2733.14
2698.33
2776.78
2751.31
2749.22
2724.48
2768.79
2752.66
2773.43
2775.62
2790.24
2798.02
2809.57
2810.83
2814.74
2815.63
2814.58
2791.03
2816.51
2816.47
2852.00
2808.14
2809.10
2811.64
2854.50
2854.00
2853.00
2851.50
2851.00
2850.00
2849.00
2775.58
2848.00
2848.50
2848.00
2847.50
2846.96
2844.00
2843.50
2842.75
2813.31
2837.08
2812.92
2832.32
2807.25
2793.35
2782.11
2757.59
2778.81
2842.16
2781.27
2831.71
2781.27
2766.94
2778.07
2788.13
2798.06
2813.37
2818.31
2851.51
2826.63
2830.23
2835.93
2837.76
2837.76
2838.75
2837.13
2834.36
2833.49
2879.56
2879.39
2827.56
2794.46
2797.56
2801.49
2818.23
2816.50
2816.00
2778.37
2818.50
2801.88
2812.31
2834.47
2842.00
2823.38
2824.35
2845.00
2845.50
2824.48
2824.41
2852.50
2822.23
2941.61
2857.00
2859.00
2860.00
2860.00
2860.50
2859.50
2860.00
2859.50
2832.91
2828.24
2824.14
2823.67
2819.32
2811.33
2840.20
2799.59
2815.20
2799.46
2801.73
2794.95
2805.21
2806.31
2805.70
2804.85
2805.81
2805.81
2807.63
2806.67
2808.39
2908.83
2812.13
2843.50
2839.38
2802.41
2783.44
2804.16
2756.79
2775.05
2767.66
2770.11
2767.77
2790.43
2873.50
2800.71
2835.45
2828.84
2782.23
2782.23
2797.00
2781.32
2830.16
2787.82
2791.41
2793.76
2796.66
2799.68
2802.84
2845.95
2806.87
2833.36
2802.81
2768.56
2793.86
2803.78
2804.54
2803.78
2803.78
2838.00
2837.50
2806.82
2827.67
2807.37
2804.67
2821.00
2797.37
2815.50
2774.12
2776.00
2776.96
2780.43
2795.45
2795.94
2791.57
2826.06
2805.33
2807.83
2816.58
2817.80
2846.72
2833.50
2833.90
2837.10
2884.49
2837.97
2837.97
2837.90
2838.86
2938.95
3391.96
3369.91
3199.44
2713.02
1927.42
1502.28
2698.14
1952.81
2844.45
2864.95
2878.11
2880.09
2860.09
2825.86
2870.92
2886.22
2887.25
2893.38
2895.00
2896.50
2897.50
2899.50
2901.00
2901.00
2902.00
2902.00
2902.00
2901.50
2900.00
2900.00
2899.00
2899.00
2899.50
2857.42
2859.56
2899.50
2900.00
2863.48
2900.50
2901.50
2904.00
2906.00
2907.00
2908.00
2908.50
2909.50
2910.00
2910.00
2910.50
2911.00
2909.00
2908.00
2907.50
2907.00
2907.50
2908.50
2910.00
2909.50
2909.50
2910.00
2917.64
2913.93
2913.50
2955.57
2948.19
2920.25
2978.42
2983.84
2984.80
2986.27
2945.29
2986.89
2986.87
2934.09
2910.66
2967.18
3005.14
2999.62
2988.88
2988.43
2988.02
2973.00
2969.00
2963.00
2963.00
2964.00
2939.65
2944.25
2946.68
2925.02
2976.50
2979.00
2981.00
2983.97
2987.00
2990.00
2991.50
3001.15
3132.68
3004.81
2995.00
2994.50
2993.50
2992.50
2992.00
2991.50
2992.00
2994.11
2994.22
2992.28
2955.97
2991.61
2965.90
2985.82
2988.48
2989.13
2981.50
2981.50
2980.24
2979.50
2978.00
2978.50
2978.50
2979.50
2980.00
2984.00
2984.50
2987.00
2989.50
2990.00
2990.00
2990.00
2990.00
2989.50
2989.00
2987.50
2985.50
2984.39
2984.52
2980.50
2979.50
2980.21
2978.50
2959.66
3013.58
2902.14
2878.48
2915.41
2902.95
2919.18
2924.77
2898.25
2896.28
2907.74
2904.61
2928.91
2862.57
2867.80
2886.19
2811.74
2895.13
2814.72
2815.67
2870.50
2874.00
2877.50
2881.00
2887.50
2840.73
2857.21
2855.05
2865.61
2872.33
2874.25
2874.79
2867.72
2892.95
2847.02
2875.70
2873.74
2875.86
2876.18
2915.50
2874.25
2875.54
2899.73
2857.05
2855.44
2866.14
2840.09
2865.09
2860.88
2917.20
2766.57
2890.46
2875.03
2811.25
2859.03
2840.80
2830.44
2832.19
2862.00
2865.50
2867.50
2870.50
2874.00
2875.00
2878.00
2880.00
2850.38
2881.00
2880.50
2878.68
2880.00
2880.00
2879.34
2877.75
2877.48
2870.60
2845.74
2859.00
2856.14
2850.09
2849.28
2849.38
2841.56
2840.63
2837.76
2834.00
2832.50
2833.82
2834.00
2838.95
2819.25
2848.53
2853.56
2855.06
2853.00
2852.50
2852.50
2853.00
2936.68
2847.50
2846.50
2845.00
2842.51
2838.00
2833.00
2828.52
2818.00
2816.00
2816.00
2816.50
2818.00
2909.67
2820.00
2913.00
2907.72
2824.50
2826.00
2831.00
2894.80
2897.82
2837.00
2813.46
2839.50
2839.50
2840.00
2842.00
2920.31
2926.30
2921.28
2915.88
2844.00
2843.50
2914.26
2914.97
2838.00
2835.00
2831.15
2958.11
2833.00
2828.00
2822.00
2819.00
2820.37
2828.25
2822.88
2819.00
2816.23
2847.64
2793.23
2792.26
2795.70
2797.45
2875.72
2823.21
2820.83
2822.31
2825.00
2825.00
2825.06
2825.15
2824.65
2824.65
2825.34
2825.16
2825.00
2825.00
2886.13
2821.41
2821.17
2821.06
2820.33
2819.38
2815.50
2816.71
2826.50
2829.50
2831.00
2834.00
2862.29
2879.86
2880.84
2869.00
2899.57
2879.48
2901.98
2901.00
2845.00
2845.00
2844.50
2844.50
2842.50
2842.00
2913.70
2837.08
2835.00
2792.45
2835.00
2835.50
2835.00
2834.50
2834.50
2892.11
2884.13
2818.84
2812.60
2818.00
2803.04
2801.21
2796.20
2827.10
2774.75
2769.01
2819.11
2778.00
2778.50
2815.00
2870.21
2800.50
2802.56
2782.52
2800.40
2810.00
2813.00
2841.01
2842.99
2866.82
2883.88
2854.63
2941.67
2876.94
2828.34
2829.16
2903.09
2904.94
2848.00
2847.50
2848.00
2848.00
2850.00
2851.50
2852.50
2852.50
2904.02
2856.00
2918.90
2859.50
2983.10
2924.54
2924.89
2855.50
2853.00
2851.00
2849.00
2847.50
2845.50
2843.00
2842.00
2841.00
2842.50
2842.00
2842.00
2843.00
2844.50
2845.50
2847.00
2847.50
2849.00
2850.50
2858.00
2859.00
2859.50
2860.00
2860.00
2854.11
2783.49
2767.26
2784.35
2800.88
2812.74
2854.42
2858.02
2860.18
2866.69
2883.77
2891.46
2885.77
2896.52
2888.18
2940.51
2960.19
3009.57
2913.36
2913.80
2914.48
2911.98
2907.91
2959.02
2961.85
2890.00
2886.00
2884.00
2882.50
2946.62
2947.92
2882.00
2882.45
2884.52
2884.19
2890.03
2896.38
2985.78
2900.00
2901.50
2901.50
2864.96
2953.41
3041.33
3165.11
3082.54
2967.53
2957.82
2895.14
2898.50
2897.69
2903.92
2907.76
2909.50
2909.23
2908.87
2908.41
2909.50
2911.00
2912.00
2912.50
2910.00
2908.50
2904.27
2901.44
2929.75
2884.15
2880.99
2880.36
2879.73
2875.11
2866.59
2853.00
2854.50
2851.50
2845.50
2844.50
2844.00
2845.00
2846.00
2846.50
2847.50
2847.00
2847.50
2848.00
2848.00
2848.00
2847.50
2847.50
2846.00
2844.50
2841.00
2838.00
2837.50
2833.50
2833.50
2836.69
2838.50
2839.00
2840.50
2841.50
2842.50
2845.00
2847.00
2849.50
2855.00
2910.78
2927.16
2925.95
2891.51
2904.84
2880.25
2872.68
2904.91
2839.18
2837.78
2836.94
2832.73
2827.70
2886.65
2880.04
2805.00
2803.50
2767.76
2740.56
2735.89
2809.50
2818.00
2819.00
2832.39
2857.90
2861.93
2828.50
2833.94
2841.36
2814.60
2882.69
2840.00
2839.50
2912.06
2835.88
2827.17
2819.60
2813.50
2811.00
2850.80
2830.77
2714.35
2759.29
2763.99
2712.97
2771.50
2769.04
2745.50
2763.31
2813.51
2753.50
2745.50
2726.14
2702.38
2697.22
2842.60
2843.56
2735.50
2738.50
2739.00
2742.96
2745.50
2746.50
2743.28
2747.00
2750.00
2753.00
2767.18
2772.85
2782.62
2829.17
2791.82
2791.79
2966.09
2953.67
2842.02
2853.33
2851.22
2862.06
2830.26
2779.13
2833.20
2825.07
2809.48
2805.85
2840.42
2805.12
2803.48
2782.14
2773.34
2912.41
3180.96
3259.26
3448.50
3395.97
2983.35
2973.46
2778.70
2637.98
2387.77
2463.37
2444.91
2191.25
2810.00
2726.50
2785.50
2776.51
2773.25
2741.42
2834.58
2775.00
2754.85
2777.25
2775.00
2730.91
2750.25
2751.24
2778.00
2781.50
2838.75
2749.81
2785.00
2787.00
2789.50
2791.00
2792.50
2793.50
2889.08
2889.08
2793.00
2793.00
2789.50
2786.00
2734.73
2774.64
2751.32
2749.82
2788.77
2762.95
2779.50
2759.50
2678.85
2656.21
2696.20
2634.80
2741.70
2759.40
2749.77
2776.58
2781.31
2740.41
2791.92
2803.84
2809.45
2820.68
2839.63
2803.34
2846.02
2847.20
2914.32
2850.96
2863.49
2865.11
2811.00
2808.10
2806.81
2789.16
2804.33
2803.00
2934.51
2799.00
2796.50
2794.00
2794.00
3132.48
2910.00
2801.50
2804.10
2811.00
2814.00
2815.00
2814.76
2817.44
2818.77
2820.87
2742.30
2766.37
2764.76
2813.10
2848.50
2827.25
2911.74
2808.98
2850.50
2807.80
2807.28
2807.68
2828.27
2848.00
2844.65
2820.30
2815.74
2803.58
2781.22
2772.30
2767.46
2760.27
2724.49
2701.82
2789.72
2773.47
2770.45
2774.84
2858.97
2799.46
2804.66
2805.37
2805.71
2807.34
2808.32
2824.02
2807.61
2804.98
2809.86
2815.02
2847.62
2829.00
2827.50
2826.00
2794.17
2764.42
2910.42
2815.11
2910.26
2811.00
2808.50
2900.40
2806.19
2806.14
2782.51
2773.08
2776.60
2783.37
2781.43
2771.47
2775.33
2783.08
2820.50
2824.00
2826.50
2828.50
2799.54
2805.45
2848.00
2836.27
2855.27
2837.52
2837.52
2838.51
2860.26
2860.50
2838.12
2837.96
2880.64
2888.00
2834.97
2834.07
2830.31
2848.59
2833.47
2717.15
2764.36
2742.46
2533.61
2853.82
2799.48
2585.90
2664.00
2693.82
2682.18
2696.26
2736.08
2733.36
2725.33
2724.18
2722.75
2717.33
2741.88
2766.27
2772.35
2775.50
2778.50
2757.53
2759.65
2784.50
2740.59
2741.25
2739.81
2748.61
2732.10
2738.23
2763.30
2744.60
2745.98
2760.96
2925.91
2818.12
2775.50
2772.21
2768.50
2712.19
2762.84
2759.68
2757.81
2736.62
2735.80
2731.81
2712.33
2725.20
2875.76
2743.00
2743.00
2743.50
2744.00
2744.50
2745.50
2745.50
2714.46
2749.00
2750.00
2750.00
2748.50
2745.50
2746.00
2719.23
2749.00
2727.54
2730.88
2738.06
2743.28
2748.86
2756.12
2762.89
2758.32
2780.51
2794.54
2807.40
2831.24
2822.42
2880.63
2880.95
2816.55
2840.20
2828.15
2837.76
2803.97
2794.88
2791.00
2764.51
2756.69
2756.93
2758.43
2759.97
2757.56
2756.84
2758.69
2760.44
2769.68
2797.00
2797.00
2795.00
2791.23
2788.16
2793.50
2792.84
2792.12
2771.75
2790.36
2767.44
2786.31
2768.67
2794.50
2797.00
2798.00
2808.33
2815.96
2810.79
2809.48
2812.96
2831.18
3099.48
2899.47
2748.49
2486.30
2670.67
2900.79
2820.08
2838.46
2836.97
2839.79
2838.66
2838.66
2838.66
2864.00
2864.50
2864.00
2864.50
2902.68
2837.94
2836.81
2867.50
2867.50
2863.50
2920.88
2862.00
2835.71
2838.19
2838.20
2834.24
2849.50
2849.00
2810.30
2806.44
2810.98
2809.80
2795.63
2774.13
2804.56
2862.77
2819.29
2820.28
2822.11
2825.98
2826.18
2827.68
2828.18
2827.41
2827.44
2827.13
2819.27
2814.00
2811.64
2806.35
2803.37
2797.47
2716.14
2784.07
2851.50
2803.50
2810.60
2808.54
2813.21
2813.21
2846.50
2846.50
2814.53
2814.53
2815.91
2818.51
2822.11
2824.32
2827.44
2827.44
2828.43
2828.42
2828.32
2827.95
2854.00
2827.53
2906.49
2826.56
2852.50
2852.50
2855.39
2838.06
2858.50
2838.17
2838.20
2837.21
2837.97
2865.50
2844.50
2849.89
2846.15
2843.04
2840.27
2842.70
2811.58
2823.57
2827.10
2828.03
2833.46
2863.00
2888.50
2887.00
2863.00
2863.00
2862.27
2862.27
2844.73
2845.69
2848.02
2866.74
2883.38
2884.98
2886.00
2889.50
2891.00
2891.67
2891.67
2891.87
2888.30
2857.43
2881.27
2848.50
2878.67
2879.00
2878.27
2849.53
2878.50
2847.91
2874.62
2830.26
2827.86
2831.72
2833.83
2834.33
2831.00
2831.00
2860.50
2862.00
2862.50
2862.50
2862.00
2836.71
2837.00
2836.71
2835.68
2834.88
2834.39
2865.50
2864.50
2860.50
2854.67
2850.50
2850.00
2828.42
2826.17
2851.50
2849.45
2846.84
2838.82
2814.51
2805.16
2805.52
2804.95
2803.98
2801.90
2799.85
2795.82
2795.19
2816.00
2814.50
2813.50
2813.00
2791.27
2779.38
2777.72
2776.32
2774.87
2774.31
2773.68
2772.96
2773.93
2773.12
2770.21
2769.04
2732.83
2771.17
2771.17
2774.08
2777.57
2777.57
2809.50
2809.50
2809.00
2777.77
2778.69
2780.63
2781.21
2781.49
2779.66
2778.41
2805.50
2805.50
2805.00
2805.50
2806.00
2807.95
2810.00
2812.96
2816.00
2794.34
2830.24
2835.93
2836.38
2836.74
2836.50
2812.19
2811.71
2811.06
2810.19
2810.19
2809.07
2927.61
2840.00
2806.46
2806.67
2843.00
2845.00
2848.00
2850.00
2851.00
2829.29
2830.05
2829.47
2858.00
2858.50
2860.50
2860.50
2860.50
2821.11
2855.00
2852.50
2851.50
2849.50
2848.00
2845.45
2845.45
2838.80
2847.00
2847.00
2847.50
2848.00
2848.50
2849.00
2849.50
2828.42
2828.42
2850.50
2827.40
2827.44
2824.32
2820.95
2846.00
2808.81
2788.78
2793.76
2789.11
2786.62
2749.53
2778.21
2772.73
2770.64
2756.07
2788.00
2772.36
2773.35
2790.50
2768.82
2792.50
2769.72
2773.23
2770.20
2770.70
2767.56
2762.66
2774.17
2758.11
2757.73
2759.09
2761.84
2762.41
2763.03
2763.73
2765.36
2766.62
2758.57
2753.48
2743.83
2738.50
2830.77
3026.48
2888.44
2839.67
2284.66
2091.45
2777.26
2803.63
2742.12
2843.80
2845.28
2846.50
2821.28
2821.28
2822.46
2819.33
2818.48
2835.23
2829.79
2828.00
2801.90
2799.85
2797.59
2794.23
2816.50
2790.95
2791.08
2814.50
2905.86
2791.18
2851.72
2791.18
2792.15
2793.12
2794.00
2797.10
2823.00
2824.50
2826.09
2830.81
2833.12
2789.25
2791.95
2790.20
2796.78
2801.96
2803.88
2840.50
2805.70
2809.38
2832.48
2831.88
2831.51
2831.17
2830.42
2829.88
2827.15
2804.98
2819.97
2921.70
2819.10
2822.82
2824.50
2931.35
2881.43
2807.00
2882.77
2828.90
2813.77
2842.00
2843.00
2916.91
2843.50
2842.50
2843.00
2846.50
2851.50
2852.00
2852.00
2852.00
2860.67
2862.13
2865.36
2836.71
2844.92
2879.65
2878.89
2876.66
2877.09
2874.60
2867.00
2866.50
2862.50
2862.00
2860.50
2858.50
2856.00
2852.50
2852.00
2852.00
2850.50
2847.57
2840.93
2816.75
2824.40
2818.50
2814.50
2757.57
2794.63
2811.00
2808.50
2807.50
2807.50
2812.40
2819.88
2822.89
2826.50
2829.50
2834.12
2836.50
2895.38
2845.00
2827.24
2803.39
2831.97
2835.68
2788.03
2984.67
2874.00
2875.05
2878.50
2879.24
2882.00
2888.78
2907.62
2900.50
2901.00
2902.94
2903.50
2904.00
2908.17
2896.83
2896.50
2896.00
2896.08
2896.09
2894.56
2890.70
2879.10
2868.04
2857.41
2846.01
2809.74
2764.41
2732.77
2738.74
2737.42
2776.06
2789.21
2748.69
2731.47
2791.11
2820.27
2824.95
2808.61
2846.50
2855.00
2870.29
2877.85
2872.27
2877.74
2893.83
2883.55
2883.89
2885.14
2903.00
2923.54
2904.12
2881.78
2867.90
2916.43
2887.59
2873.12
2876.85
2869.31
2859.50
2855.50
2907.29
2845.00
2845.42
2986.20
2840.84
2830.81
2826.13
2782.12
2950.33
2820.00
2824.00
2877.88
2827.50
2827.50
2827.50
2829.50
2829.50
2833.00
2831.50
2830.50
2829.72
2811.57
2826.05
2824.50
2823.50
2820.96
2817.78
2806.50
2806.00
2805.50
2776.78
2804.50
2804.50
2804.50
2805.00
2805.00
2804.50
2804.50
2805.00
2782.31
2805.00
2804.50
2802.50
2796.50
2793.00
2793.00
2794.50
2799.00
2799.00
2800.53
2856.23
2808.57
2809.39
2812.49
2815.89
2824.85
2825.38
2891.66
2827.51
2827.50
2803.77
2826.50
2826.00
2822.76
2821.50
2821.33
2820.31
2819.38
2818.76
2815.50
2806.06
2801.00
2794.50
2793.00
2792.00
2792.50
2792.50
2792.00
2792.00
2792.00
2794.00
2853.72
2797.50
2801.50
2803.50
2806.74
2810.26
2818.77
2822.58
2823.29
2822.77
2822.26
2821.50
2821.00
2820.00
2819.50
2819.00
2819.57
2799.44
2820.00
2820.00
2817.50
2869.60
2798.47
2798.26
2811.70
2809.87
2808.61
2806.46
2803.00
2801.50
2897.80
2800.00
2799.00
2799.50
2799.00
2927.53
2761.26
2759.72
2792.00
2791.50
2792.50
2793.00
2796.30
2797.59
2810.97
2814.71
2816.52
2815.88
2819.78
2831.03
2839.50
2849.50
2834.15
2835.05
2860.97
2863.00
2860.50
2858.00
2856.00
2854.50
2853.50
2853.00
2852.00
2851.50
2848.00
2847.50
2847.50
2847.00
2847.00
2846.50
2846.00
2842.85
2842.12
2842.74
2843.00
2816.22
2832.52
2795.62
2829.50
2828.50
2768.16
2776.03
2799.62
2798.56
2827.69
2830.82
2832.21
2833.31
2820.23
2833.42
2835.42
2838.14
2817.08
2843.11
2845.86
2843.21
2843.02
2838.61
2840.50
2839.50
2832.85
2806.87
2819.00
2817.50
2767.76
2789.37
2784.16
2812.97
2782.94
2779.70
2774.89
2808.00
2773.93
2941.07
2777.21
2886.62
2815.66
2817.78
2823.96
2828.76
2830.28
2853.46
2819.62
2833.64
2840.50
2841.50
2841.50
2871.52
2842.71
2844.64
2846.24
2895.37
2891.00
2895.67
2854.00
2822.44
2855.50
2856.50
2861.00
2863.50
2863.00
2838.95
2864.00
2864.50
2863.00
2863.50
2863.50
2864.00
2865.50
2866.00
2866.00
2835.35
2866.50
2866.50
2866.00
2865.50
2825.00
2820.70
2815.76
2814.81
2859.00
2858.00
2822.86
2855.50
2853.50
2852.50
2850.00
2849.35
2844.93
2817.82
2832.70
2829.92
2827.92
2826.50
2799.33
2792.27
2823.50
2792.77
2793.94
2794.47
2795.21
2794.20
2794.20
2814.50
2811.50
2808.57
2806.00
2784.43
2793.52
2799.24
2802.23
2820.09
2805.75
2806.93
2829.50
2830.00
2829.50
2828.08
2827.56
2805.41
2801.31
2799.90
2813.25
2811.60
2804.08
2801.09
2799.18
2798.66
2797.45
2811.94
2822.82
2825.51
2827.17
2807.06
2818.46
2807.92
2817.51
2817.91
2843.97
2845.36
2828.34
2826.53
2823.50
2821.40
2905.41
2837.00
2836.50
2837.00
2794.45
2987.84
2804.36
2935.86
2820.63
2820.63
2820.24
2819.50
2819.00
2818.50
2816.50
2813.00
2812.00
2811.50
2782.56
2810.50
2809.50
2810.50
2811.50
2813.00
2824.00
2830.50
2833.00
2833.63
2834.50
2834.00
2833.50
2874.58
2833.50
2833.00
2834.14
2834.00
2835.36
2837.39
2838.24
2841.60
2844.50
2849.71
2857.00
2860.50
2864.50
2869.00
2870.50
2871.50
2870.10
2871.60
2870.00
2871.00
2870.50
2869.50
2869.00
2868.50
2830.81
2868.00
2868.00
2868.50
2868.50
2869.00
2869.00
2869.00
2833.63
2833.63
2870.00
2870.00
2870.50
2870.00
2869.50
2869.00
2868.50
2868.00
2868.00
2867.00
2866.50
2863.43
2860.74
2858.71
2854.00
2861.38
2863.00
2863.00
2861.00
2879.41
2806.35
2795.39
2799.77
2824.00
2824.00
2825.00
2826.50
2826.50
2828.50
2833.00
2833.00
2832.50
2832.50
2832.00
2831.50
2831.00
2849.61
2978.27
3033.94
3127.94
3762.28
3544.40
3152.28
2876.87
2581.04
2488.81
2045.52
2777.72
2778.50
2778.56
2800.00
2798.50
2792.50
2791.00
2790.00
2888.64
2754.64
2718.00
2789.00
2788.50
2753.04
2788.50
2788.00
2908.96
2792.46
2795.00
2856.82
2793.85
2791.37
2791.29
2795.47
2796.50
2795.07
2800.96
2794.63
2796.12
2800.42
2813.62
2816.62
2819.87
2818.41
2817.50
2814.00
2809.50
2808.00
2804.50
2803.90
2801.50
2845.70
2843.40
2843.40
2844.11
2848.15
2794.00
2793.00
2793.69
2794.00
2793.00
2793.50
2845.78
2798.43
2800.94
2798.50
2797.00
2797.00
2797.00
2796.50
2797.00
2797.50
2796.80
2799.08
2805.52
2806.39
2807.52
2811.42
2819.57
2820.65
2821.18
2828.94
2837.39
2839.00
2837.35
2835.59
2912.70
2871.51
2869.29
2803.14
2817.17
2815.87
2853.56
2812.00
2804.00
2802.50
2860.50
2799.94
2796.50
2797.50
2799.50
2800.50
2802.50
2804.50
2806.00
2807.50
2807.50
2808.50
2809.50
2809.50
2808.00
2807.50
2806.50
2804.50
2804.00
2803.50
2803.50
2804.00
2803.50
2811.48
2804.00
2816.98
2828.04
2835.47
2842.65
2843.50
2830.69
2852.00
2831.97
3030.91
2861.00
2860.50
2855.00
2853.00
2852.00
2851.50
2849.98
2849.43
2849.50
2848.00
2848.00
2847.50
2847.00
2840.00
2837.00
2835.32
2818.77
2827.00
2821.50
2819.00
2814.00
2806.59
2805.00
2805.00
2805.50
2807.77
2810.00
2861.96
2812.00
2813.16
2812.88
2868.57
2812.19
2811.00
2808.14
2805.53
2805.50
2805.00
2805.00
2805.50
2805.50
2806.00
2806.00
2806.50
2891.51
2806.00
2806.00
2805.00
2805.00
2805.00
2805.00
2805.50
2805.00
2804.50
2802.50
2802.50
2799.50
2799.00
2797.50
2797.00
2796.00
2795.00
2794.00
2792.98
2795.50
2797.17
2805.57
2817.16
2822.49
2825.61
2827.00
2829.33
2831.90
2843.29
2850.50
2853.50
2853.50
2925.37
2852.78
2852.00
2828.32
2826.00
2823.64
2815.47
2812.93
2815.08
2815.24
2827.15
2819.68
2812.95
2811.81
2802.52
2811.11
2796.57
2804.87
2782.82
2777.26
2788.83
2753.46
2778.64
2790.50
2793.84
2796.28
2797.76
2798.86
2788.75
2811.00
2818.00
2821.50
2824.00
2825.00
2825.50
2826.00
2826.00
2829.74
2835.18
2890.45
2822.53
2820.63
2839.51
2838.92
2842.00
2842.00
2881.11
2841.00
2880.72
2918.02
2833.33
2827.50
2826.50
2825.00
2824.00
2823.50
2823.32
2824.42
2793.62
2792.96
2791.38
2829.00
2836.50
2840.50
2845.50
2900.17
2938.03
2849.19
2853.00
2853.50
2854.20
2912.48
2850.37
2896.07
2811.65
2918.90
2897.11
2868.20
2841.02
2830.68
2843.62
2850.03
2857.15
2835.63
2830.47
2835.94
2863.79
2792.41
2785.16
2783.00
2784.54
2798.43
2801.22
2802.37
2846.63
2801.82
2862.68
2888.65
2930.52
2801.27
2803.68
2805.20
2804.87
2835.07
2833.38
2832.55
2832.78
2830.50
2831.00
2813.70
2841.50
2814.70
2815.54
2840.57
2838.75
2844.69
2845.74
2848.73
2818.60
2816.88
2825.79
2817.03
2811.60
2811.60
2808.39
2837.50
2836.50
2833.04
2830.12
2830.23
2833.50
2832.27
2790.84
2790.76
2789.00
2779.59
2786.32
2787.26
2971.44
2837.50
2838.00
2838.50
2839.50
2795.76
2845.00
2811.48
2813.21
2814.50
2815.50
2843.74
2836.72
2835.00
2817.18
2816.80
2816.22
2816.02
2814.39
2803.93
2792.73
2784.26
2781.63
2861.48
2780.10
2780.10
2781.73
2810.50
2807.50
2783.23
2780.54
2779.22
2779.94
2777.05
2775.49
2772.18
2765.68
2736.84
2735.33
2735.64
2726.00
2727.39
2790.15
2792.48
2793.93
2795.47
2798.00
2823.12
2808.08
2768.05
2744.19
2769.79
2738.30
2770.76
2769.72
2768.55
2787.70
2766.81
2751.20
2749.25
2757.37
2749.30
2747.35
2747.32
2747.32
2766.90
2748.25
2768.47
2749.23
2749.30
2770.50
2770.50
2772.00
2772.00
2772.00
2772.50
2772.50
2772.50
2772.00
2772.00
2772.50
2770.50
2766.00
2765.89
2765.15
2764.55
2744.27
2742.26
2704.33
2735.08
2754.50
2754.50
2755.50
2757.50
2758.00
2758.50
2759.00
2759.50
2759.00
2757.50
2753.50
2752.50
2753.00
2758.62
2760.31
2764.56
2763.61
2759.83
2744.64
2766.40
2747.82
2761.95
2757.58
2762.33
2760.09
2735.63
2759.09
2762.28
2744.73
2743.88
2742.00
2741.96
2742.50
2742.50
2743.50
2745.00
2749.50
2750.50
2750.00
2753.00
2755.00
2756.77
2757.61
2758.67
2767.82
2816.08
2763.28
2764.51
2789.00
2790.00
2792.00
2794.00
2771.32
2772.30
2769.48
2768.86
2766.38
2766.38
2767.89
2769.55
2770.50
2769.53
2897.67
2823.12
2811.21
2802.59
2759.56
2744.12
2703.04
2633.28
2629.58
2630.58
2645.68
2690.03
2660.87
2673.85
2701.00
2705.15
2708.58
2724.50
2727.59
2713.13
2735.50
2735.50
2735.50
2734.00
2733.00
2733.00
2733.00
2733.00
2734.00
2737.00
2738.50
2739.00
2739.00
2740.00
2742.50
2749.00
2753.50
2753.50
2753.00
2753.50
2753.00
2752.50
2753.00
2753.50
2753.50
2752.50
2753.00
2753.69
2729.71
2757.30
2758.32
2759.24
2758.12
2754.50
2753.00
2752.50
2751.00
2751.00
2750.50
2751.50
2754.21
2753.94
2762.36
2811.43
2760.03
2764.56
2770.70
2776.14
2776.50
2773.50
2773.50
2774.00
2772.11
2771.50
2771.50
2742.97
2742.45
2741.86
2773.50
2774.00
2776.33
2777.11
2777.00
2777.23
2777.50
2778.64
2777.15
2746.36
2778.50
2777.42
2752.03
2750.54
2775.63
2779.40
2781.52
2781.43
2781.18
2784.87
2785.84
2786.50
2790.00
2756.77
2850.53
3495.57
3135.09
3257.20
2663.20
2734.07
2701.89
2757.00
2767.72
2783.86
2784.45
2783.48
2782.51
2781.49
2781.49
2760.90
2781.43
2803.50
2802.50
2801.00
2799.00
2797.50
2797.50
2796.00
2791.59
2764.52
2762.29
2781.62
2773.04
2775.04
2781.07
2786.27
2768.69
2783.37
2780.31
2792.39
2814.83
2797.78
2807.88
2819.79
2827.16
2829.42
2852.50
2854.00
2855.50
2856.50
2837.08
2837.98
2837.98
2837.63
2819.68
2819.87
2831.88
2831.76
2849.17
2848.45
2843.00
2839.33
2883.34
2822.07
2849.00
2846.50
2849.97
2851.50
2853.00
2854.00
2855.50
2834.76
2864.50
2878.21
2881.86
2883.85
2865.55
2873.97
2897.71
2875.97
2896.40
2940.25
2916.98
2876.16
2875.71
2871.97
2867.06
2861.95
2862.94
2862.20
2854.14
2858.00
2853.50
2848.00
2819.49
2819.00
2794.34
2794.34
2818.03
2842.50
2840.50
2839.00
2786.09
2817.83
2827.53
2836.18
2836.35
2837.16
2837.33
2837.33
2838.31
2837.63
2838.13
2837.98
2836.90
2835.92
2836.27
2830.62
2830.08
2843.80
2841.88
2833.00
2832.00
2783.93
2804.67
2810.65
2838.47
2839.75
2885.84
2852.50
2853.50
2854.00
2855.50
2905.26
2839.11
2840.82
2876.19
2877.85
2880.05
2881.74
2845.84
2913.48
2864.50
2864.24
2879.00
2878.00
2911.33
2887.67
2921.46
2914.67
2841.05
2848.08
2840.28
2857.50
2858.07
2864.55
2853.88
2857.68
2862.14
2877.68
2885.18
2888.47
2877.23
2880.05
2883.05
2880.23
2885.54
2884.28
2884.28
2885.73
2888.90
2889.02
2888.00
2888.00
2902.25
2899.78
2881.27
2877.64
2865.78
2862.28
2857.86
2962.57
3009.94
2876.50
2876.50
2877.00
2875.50
2873.50
2873.00
2872.50
2872.00
2871.50
2871.00
2870.50
2834.59
2832.73
2869.00
2861.44
2858.86
2857.66
2857.22
2842.28
2844.75
2863.30
2837.18
2835.68
2758.90
2804.34
2745.78
2742.14
2742.17
2742.07
2740.32
2754.91
2771.11
2751.90
2733.04
2751.23
2775.97
2779.00
2793.00
2797.50
2805.88
2806.41
2807.97
2795.13
2840.68
2798.68
2799.66
2903.09
2831.90
2787.35
2793.88
2796.52
2794.89
2795.55
2790.38
2827.33
2824.50
2825.00
2826.00
2927.83
2826.50
2928.79
2828.00
2789.38
2827.00
2823.00
2820.00
2816.00
2812.98
2808.55
2809.00
2793.57
2809.13
2803.94
2779.85
2863.80
2864.86
2798.31
2799.34
2802.50
2805.50
2806.00
2806.50
2808.26
2806.50
2778.72
2806.50
2812.37
2814.12
2816.38
2820.89
2821.33
2822.59
2824.26
2828.12
2832.25
2831.36
2831.50
2830.50
2827.03
2823.05
2821.50
2821.00
2820.50
2828.50
2831.00
2835.00
2837.84
2840.00
2844.00
2846.00
2836.43
2855.50
2857.00
2866.50
2869.50
2949.84
2949.84
2942.53
2940.59
2938.41
2868.50
2868.00
2868.00
2868.50
2939.45
2863.84
3091.49
2859.57
2856.12
2859.05
2861.50
2862.00
2831.97
2863.00
2863.00
2864.00
2865.00
2867.09
2873.95
2878.96
2880.32
2881.88
2881.50
2875.00
2881.00
2884.35
2888.04
2889.11
2890.26
2890.79
2891.85
2893.27
2892.59
2872.51
2871.87
2871.61
2872.32
2873.05
2871.23
2887.63
2885.50
2884.00
2849.58
2835.39
2869.50
2869.50
2870.00
2868.00
2863.00
2861.00
2859.50
2859.00
2858.00
2857.00
2857.50
2830.44
2857.00
2856.00
2855.50
2855.50
2855.50
2853.50
2854.00
2854.85
2855.71
2856.57
2858.50
2858.00
2859.50
2866.92
2876.91
2877.51
2883.35
2884.50
2885.69
2888.64
2890.81
2892.74
2894.18
2891.50
2890.34
2889.51
2884.90
2842.63
2852.69
2862.54
2847.15
2844.76
2839.01
2836.00
2833.41
2791.41
2805.40
2821.00
2821.00
2815.41
2811.74
2808.27
2804.00
2802.50
2801.00
2782.03
2772.75
2782.00
2776.50
2774.00
2752.40
2740.82
2764.50
2765.00
2765.50
2768.50
2769.50
2770.50
2772.00
2774.50
2778.25
2785.50
2787.00
2788.00
2788.50
2789.00
2790.00
2791.50
2793.50
2794.00
2793.50
2793.00
2792.00
2788.50
2787.50
2786.50
2759.42
2785.00
2786.00
2786.50
2786.00
2787.50
2790.75
2795.07
2796.52
2798.00
2800.00
2802.00
2807.00
2809.50
2812.00
2870.74
2879.23
2814.12
2815.92
2835.50
2836.50
2838.00
2840.82
2842.24
2847.00
2849.50
2906.06
2859.00
2859.50
2860.00
2840.35
2860.00
2859.00
2857.50
2856.00
2854.50
2854.00
2853.00
2853.50
2850.02
2847.50
2845.50
2845.50
2844.00
2839.83
2839.00
2839.63
2838.50
2836.82
2834.36
2831.20
2821.59
2820.07
2817.50
2810.53
2807.50
2807.00
2965.08
2809.00
2809.00
2808.50
2807.00
2806.00
2799.43
2798.50
2796.81
2798.79
2796.74
2795.69
2792.79
2878.06
2814.86
2905.53
2905.29
2888.29
2781.50
2788.00
2790.00
2791.25
2794.16
2796.00
2798.00
2798.50
2869.60
2852.56
2903.15
2821.50
2822.50
2823.50
2824.00
2824.00
2766.44
2766.44
2929.50
2786.91
2918.78
2786.33
2796.28
2895.80
2800.12
2893.44
2803.00
2805.88
2806.85
2806.85
2843.00
2843.00
2843.50
2838.62
2838.62
2836.89
2836.11
2835.69
2831.87
2830.30
2799.07
2799.62
2837.50
2798.15
2822.97
2821.90
2820.95
2820.56
2814.50
2810.50
2804.50
2782.29
2779.62
2725.03
2711.89
2727.55
2834.89
2740.78
2913.24
2775.61
2796.00
2797.00
2801.74
2803.81
2863.89
2815.93
2882.00
2619.34
2834.49
2861.98
2901.98
2853.50
2853.00
2896.10
2821.52
2846.04
2943.66
2814.53
2918.26
2928.78
2867.50
2862.53
2859.75
2830.64
2824.12
2821.31
2830.59
2818.51
2832.93
2800.80
2814.19
2804.86
3127.00
3663.55
3471.17
3229.59
2832.46
2515.71
2626.92
2369.09
2377.80
2771.16
2798.65
2828.50
2823.14
2801.96
2801.88
2862.04
2799.11
2799.02
2818.00
2819.00
2881.33
2820.17
2822.69
2825.38
2827.98
2830.88
2835.81
2836.68
2835.50
2835.00
2834.50
2834.00
2833.50
2832.50
2832.00
2831.50
2831.00
2830.50
2826.00
2821.00
2793.92
2817.00
2816.50
2816.00
2855.82
2855.26
2795.12
2801.09
2803.36
2819.61
2823.35
2825.70
2845.00
2847.00
2849.50
2856.00
2840.94
2822.88
2841.97
2839.78
2870.50
2870.00
2866.94
2865.00
2861.50
2860.50
2857.50
2855.00
2854.47
2827.97
2834.38
2859.50
2838.78
2838.78
2838.90
2838.22
2837.26
2844.71
2843.84
2858.77
2856.58
2853.13
2850.68
2826.88
2854.31
2884.50
2882.50
2876.85
2872.50
2838.10
2837.14
2802.34
2833.54
2833.54
2831.78
2833.54
2837.87
2840.29
2839.70
2850.51
2872.00
2878.75
2881.33
2883.38
2884.29
2881.96
2883.50
2883.50
2885.03
2882.50
2879.50
2875.50
2872.00
2864.00
2860.50
2860.00
2840.75
2840.95
2837.71
2824.56
2844.50
2819.05
2817.60
2817.86
2846.50
2892.45
2818.43
2820.37
2854.00
2854.50
2854.50
2820.04
2823.12
2850.00
2849.00
2848.50
2820.51
2818.26
2811.60
2811.75
2833.86
2826.55
2822.18
2818.42
2817.59
2817.82
2817.15
2801.18
2795.22
2783.25
2792.50
2767.63
2760.69
2732.24
2759.92
2784.24
2773.57
2775.33
2776.87
2777.68
2779.18
2780.50
2780.79
2781.20
2782.45
2805.00
2782.45
2782.45
2781.38
2781.38
2781.38
2781.26
2806.00
2806.50
2807.50
2810.50
2774.50
2764.65
2819.00
2764.65
2816.38
2812.00
2784.13
2805.65
2780.50
2778.51
2777.81
2775.12
2788.57
2785.70
2779.50
2769.50
2741.83
2715.68
2715.68
2740.00
2752.29
2757.02
2771.49
2763.30
2782.47
2773.83
2788.74
2777.51
2797.49
2799.60
2803.15
2805.59
2804.97
2803.42
2800.65
2808.50
2791.71
2785.39
2785.00
2777.82
2775.70
2772.83
2763.91
2757.97
2787.00
2786.50
2786.00
2749.24
2749.24
2749.24
2753.39
2789.50
2773.83
2775.44
2775.09
2776.20
2776.93
2777.92
2801.10
2790.62
2794.76
2797.15
2796.84
2797.00
2798.92
2799.90
2799.81
2799.29
2797.55
2797.55
2798.23
2773.74
2773.78
2798.35
2817.19
2795.63
2818.44
2816.00
2817.48
2801.48
2801.83
2820.78
2823.83
2829.63
2827.86
2831.91
2830.08
2844.25
2819.92
2840.87
2851.72
2824.80
2836.61
2833.46
2836.02
2836.55
2844.40
2810.44
2850.29
2822.31
2846.41
2843.16
2801.19
2840.67
2840.67
2837.39
2838.10
2838.10
2835.63
2839.70
2839.07
2838.36
2844.52
2880.17
2883.50
2883.52
2847.23
2846.20
2886.00
2885.50
2884.50
2883.77
2881.95
2880.57
2827.68
2830.53
2842.36
2845.96
2844.14
2847.15
2632.29
2867.36
2897.74
2935.64
2902.51
2906.62
2911.69
2902.04
2916.28
2918.33
2938.56
2939.22
2940.00
2976.30
2941.50
2942.74
2948.50
2950.00
2925.70
2926.20
2949.50
2923.02
2948.50
2949.50
2951.00
2929.20
2957.38
2959.24
2967.00
2967.50
2967.50
2978.12
2994.81
2997.74
3010.19
3016.38
3017.29
3017.50
3019.27
3006.02
3034.00
3034.50
3031.50
3035.55
3030.00
3032.04
3033.67
3029.45
3023.50
3021.50
3021.50
3019.22
3015.00
3013.69
3012.16
3009.50
3008.00
3007.00
3006.50
3006.00
3006.50
3005.00
2996.95
2994.93
2990.02
2989.23
2989.26
2988.32
2966.44
2982.00
2982.08
2987.32
2991.50
2994.04
2988.39
2981.56
2988.16
2995.71
2794.03
2704.98
2932.56
2995.40
3061.19
3047.70
3073.50
3080.74
3086.35
3091.00
3092.50
3092.50
3093.50
3093.50
3093.00
3092.50
3090.86
3087.50
3083.32
3082.78
3077.38
3075.86
3074.29
3046.33
3045.19
3045.35
3072.50
3072.50
3072.50
3072.50
3072.71
3069.44
3068.00
3067.02
3065.89
3064.77
3060.50
3057.00
3052.79
3050.76
3050.76
3050.69
3052.00
3056.93
3056.82
3069.35
3074.07
3076.11
3045.29
3060.27
3081.14
3084.73
3096.05
3097.47
3096.50
3093.00
3041.08
3061.33
3059.27
3085.50
3057.88
3055.73
3041.61
3079.00
3079.00
3078.50
3078.50
3078.50
3079.50
3079.00
3078.00
3077.50
3038.35
3034.05
3030.51
3006.84
3054.32
2924.70
2942.98
2961.67
2978.28
2995.02
3010.00
3002.00
2973.78
2974.57
2976.71
2977.83
3004.50
2979.02
2998.50
2976.64
2975.26
2966.67
2962.15
2960.31
2957.60
2949.18
2923.65
2893.55
2926.66
2894.09
2861.69
2891.00
2924.50
2892.59
2894.62
2894.76
2894.00
2894.02
2893.04
2914.00
2912.50
2879.83
2871.67
2904.50
2904.50
2904.50
2904.50
2905.00
2905.00
2905.50
2905.50
2906.00
2907.00
2907.00
2906.00
2906.00
2904.50
2904.50
2904.50
2896.68
2892.38
2888.53
2856.95
2849.92
2870.50
2868.50
2842.19
2797.86
2862.00
2862.00
2861.50
2861.00
2860.50
2862.05
2864.50
2864.50
2855.29
2861.44
2877.00
2882.54
2899.43
2902.68
2887.86
2939.46
2873.18
2890.73
2888.92
2902.44
2895.61
2892.50
2876.22
2869.65
2864.95
2851.98
2845.74
2870.50
2869.50
2844.61
2845.58
2845.14
2873.00
2843.00
2878.60
2880.12
2814.53
2820.12
2884.00
2887.96
2890.05
2891.21
2893.54
2894.75
2896.83
2899.00
2900.50
2902.15
2908.17
2909.50
2910.00
2907.50
2903.76
2897.51
2893.86
2892.92
2891.69
2887.80
2881.04
2874.00
2852.44
2844.04
2841.76
2853.43
2845.71
2841.48
2830.20
2827.00
2826.50
2937.70
2821.74
2826.13
2802.70
2752.12
2933.28
2999.13
3183.37
3086.84
2776.65
2597.80
2823.31
2609.96
2901.29
2822.82
2822.00
2821.62
2825.64
2831.00
2832.00
2832.50
2834.63
2838.50
2839.50
2841.50
2848.11
2857.56
2862.50
2863.50
2869.00
2870.00
2870.00
2871.00
2872.00
2873.00
2873.00
2874.50
2876.00
2877.50
2880.50
2881.00
2876.50
2874.00
2842.91
2869.00
2867.50
2867.00
2866.00
2866.00
2843.15
2860.50
2855.00
2850.00
2849.15
2849.00
2848.50
2848.00
2847.00
2847.50
2811.77
2848.50
2809.67
2849.50
2852.00
2852.50
2857.71
2859.16
2876.55
2836.96
2893.16
2897.02
2867.05
2903.19
2911.60
2913.98
2916.00
2916.50
2898.54
2916.50
2916.00
2913.00
2911.50
2887.20
2905.50
2903.03
2901.50
2901.50
2902.00
2902.00
2866.43
2867.17
2901.00
2901.50
2901.50
2901.00
2901.00
2900.50
2854.82
2813.52
2901.00
2901.00
2900.50
2852.47
2879.50
2875.13
2869.58
2864.96
2856.09
2854.50
2854.00
2852.00
2851.50
2851.50
2851.50
2851.00
2849.00
2846.50
2842.53
2836.00
2833.50
2830.44
2828.00
2825.50
2825.78
2825.00
2813.50
2816.03
2824.00
2841.50
2850.50
2882.24
2889.59
2894.27
2897.23
2836.33
2872.29
2876.84
2825.61
2823.39
2892.00
2892.00
2891.50
2886.35
2861.22
2872.50
2848.38
2867.92
2850.00
2853.24
2834.28
2829.46
2828.13
2825.92
2828.17
2826.82
2830.58
2820.98
2818.81
2815.83
2804.26
2819.36
2819.19
2818.67
2816.79
2809.29
2804.37
2859.43
2793.00
2787.86
2787.36
2786.83
2746.67
2764.73
2783.70
2784.50
2786.08
2788.11
2789.68
2791.56
2794.00
2795.00
2851.27
2867.63
2893.07
2809.50
2889.55
2885.73
2811.00
2811.00
2807.50
2839.52
2792.50
2791.50
2791.50
2825.33
2790.50
2788.00
2767.88
2781.02
2776.30
2767.00
2767.00
2766.50
2766.00
2766.50
2735.59
2768.00
2768.00
2737.21
2768.00
2768.17
2769.50
2768.50
2765.00
2821.71
2816.76
2756.00
2755.00
2754.50
2756.50
2762.00
2765.50
2766.50
2767.00
2769.50
2770.39
2774.51
2782.48
2770.80
2772.78
2772.43
2797.50
2797.50
2796.50
2841.77
2795.50
2795.00
2793.50
2789.50
2785.50
2783.00
2781.50
2781.50
2780.50
2780.00
2780.00
2781.00
2783.00
2783.50
2783.50
2750.00
2785.00
2785.00
2785.00
2785.00
2784.50
2784.00
2777.33
2771.00
2766.07
2760.48
2757.78
2759.57
2756.32
2757.09
2754.47
2750.50
2752.00
2735.35
2731.80
2750.57
2748.57
2748.00
2745.50
2744.50
2738.50
2735.50
2761.29
2731.50
2731.00
2724.69
2703.82
2702.55
2758.33
2717.85
2691.74
2709.99
2716.69
2703.05
2703.76
2694.98
2726.93
2730.59
2740.50
2743.50
2749.50
2753.00
2753.50
2748.84
2745.33
2726.96
2722.25
2722.24
2742.18
2884.20
2760.62
2722.37
2699.78
2699.61
2715.50
2715.50
2716.50
2704.91
2712.88
2722.10
2739.26
2751.20
2754.99
2749.44
2762.20
2751.06
2754.02
2756.52
2778.38
2756.21
2709.47
2756.21
2782.00
2778.50
2775.00
2774.50
2771.50
2771.00
2741.62
2741.62
2771.00
2710.64
2887.46
2731.64
2735.88
2737.80
2774.00
2774.50
2776.50
2782.50
2786.91
2789.50
2789.50
2789.50
2790.00
2790.00
2791.00
2740.40
2764.94
2763.31
2789.43
2789.38
2788.94
2789.94
2791.00
2791.00
2791.50
2791.50
2787.45
2786.50
2786.50
2764.36
2744.09
2745.26
2744.98
2736.29
2768.59
2742.79
2746.28
2740.00
2729.14
2667.72
2699.00
2704.43
2612.00
2628.28
2760.50
2760.00
2758.64
2757.00
2756.50
2755.47
2755.00
2754.00
2749.50
2747.50
2746.50
2743.50
2740.00
2738.00
2736.50
2735.00
2733.50
2730.35
2730.58
2714.25
2661.24
2639.31
2700.00
2700.50
2639.31
2586.93
2586.93
2644.14
2702.50
2703.50
2711.91
2712.26
2712.68
2713.68
2698.76
2711.13
2732.31
2734.56
2721.68
2722.49
2776.92
2751.37
2752.71
2816.23
2766.50
2748.40
2826.47
2769.00
2826.61
2772.50
2773.50
2774.00
2774.50
2775.00
2776.00
2759.41
2760.79
2757.60
2757.60
2756.10
2755.14
2755.14
2786.00
2785.50
2785.00
2708.96
2785.00
2785.50
2785.50
2786.50
2788.50
2795.49
2798.50
2800.00
2800.50
2801.00
2802.50
2804.50
2805.50
2809.00
2812.00
2784.35
2821.00
2821.50
2816.00
2808.88
2805.00
2803.50
2802.50
2785.55
2800.50
2800.50
2801.50
2802.00
2755.31
2762.55
2727.57
2760.07
2719.57
2758.27
2757.11
2757.11
2771.51
2771.02
2914.06
2823.16
2828.67
2760.00
2756.50
2756.50
2756.50
2756.00
2755.50
2841.31
2755.06
2756.00
2758.24
2763.00
2765.00
2765.00
2765.00
2765.00
2766.00
2768.00
2770.00
2771.00
2769.50
2769.00
2768.00
2766.50
2766.50
2765.00
2764.06
2764.22
2741.39
2764.22
2764.76
2766.00
2767.00
2766.50
2745.45
2766.50
2764.50
2761.00
2760.00
2757.85
2754.85
2752.00
2753.00
2730.47
2755.90
2754.83
2755.89
2757.67
2758.31
2760.13
2760.86
2760.30
2760.83
2760.38
2758.16
2748.00
2746.00
2744.47
2739.91
2739.00
2736.75
2736.75
2735.68
2735.21
2807.35
2739.50
2740.00
2741.00
2724.43
2741.50
2742.00
2725.41
2725.26
2742.50
2742.00
2742.00
2742.50
2742.50
2744.50
2746.00
2746.50
2750.45
2752.98
2757.24
2753.50
2754.00
2755.83
2756.13
2754.65
2752.00
2749.50
2730.98
2743.15
2718.17
2736.50
2732.00
2689.20
2709.33
2733.44
2715.20
2789.23
2742.00
2746.00
2746.00
2748.00
2751.50
2752.50
2753.50
2821.27
2753.00
2752.50
2752.50
2732.72
2799.10
2732.51
2705.79
2704.76
3170.56
2768.98
2784.45
2336.47
2293.21
2710.73
2702.18
2746.38
2754.00
2752.19
2785.02
2733.13
2743.83
2740.96
2739.66
2732.14
2727.87
2774.52
2775.37
2702.16
2728.84
2728.88
2729.86
2733.83
2755.69
2755.71
2756.46
2751.06
2755.95
2764.00
2706.91
2707.44
2705.79
2703.59
2724.48
2705.44
2715.82
2753.31
2765.82
2759.17
2781.00
2782.50
2767.38
2782.00
2750.25
2758.83
2740.65
2739.23
2818.81
2817.73
2817.73
2768.00
2768.00
2767.50
2765.00
2763.50
2760.50
2758.50
2753.50
2753.49
2757.00
2751.92
2750.50
2756.00
2755.50
2758.50
2766.50
2770.00
2765.76
2773.50
2776.50
2779.11
2781.50
2781.50
2768.71
2780.77
2830.02
2989.83
2837.57
2806.76
2793.00
2792.48
2796.05
2770.53
2759.49
2804.00
2785.49
2762.40
2809.50
2808.00
2806.50
2806.50
2806.50
2783.41
2782.29
2783.26
2783.58
2757.80
2784.38
2803.50
2804.00
2804.00
2803.50
2783.53
2782.60
2804.00
2784.51
2785.49
2784.86
2812.50
2815.00
2815.50
2816.50
2817.00
2817.50
2817.67
2823.63
2827.44
2827.95
2832.00
2833.75
2834.22
2836.50
2841.00
2845.89
2845.23
2838.00
2838.00
2836.92
2843.55
2836.70
2835.63
2834.00
2832.50
2810.93
2834.50
2834.00
2834.50
2834.50
2832.00
2825.50
2814.50
2818.06
2812.86
2817.64
2753.68
2700.89
2610.95
2734.66
2817.69
2738.36
2592.32
2692.73
2656.47
2707.53
2640.78
2670.58
2628.44
2655.93
2741.08
2700.21
2731.13
2765.65
2707.36
2752.50
2754.00
2704.42
2729.03
2729.41
2731.94
2755.00
2753.45
2750.00
2750.50
2752.14
2755.42
2759.90
2763.00
2763.50
2762.50
2762.50
2765.50
2766.50
2768.50
2775.00
2775.50
2775.00
2774.50
2772.11
2768.68
2763.69
2760.80
2760.69
2758.00
2735.53
2765.00
2767.00
2767.50
2767.07
2769.13
2821.90
2828.57
2772.46
2773.00
2780.00
2790.00
2791.00
2793.00
2793.00
2793.00
2793.50
2795.50
2798.50
2803.00
2804.00
2805.50
2806.00
2799.20
2805.50
2808.50
2810.50
2819.00
2776.20
2822.50
2826.50
2831.00
2833.00
2834.00
2836.00
2836.00
2836.00
2835.00
2832.00
2829.00
2827.50
2825.50
2823.79
2822.82
2823.43
2798.22
2823.50
2823.06
2823.53
2824.50
2824.00
2825.00
2827.33
2820.90
2815.36
2808.41
2804.00
2801.46
2799.96
2797.36
2797.59
2777.50
2792.73
2790.77
2783.69
2750.32
2744.42
2779.00
2780.00
2781.50
2778.25
2776.00
2775.50
2775.83
2775.00
2775.00
2774.50
2774.50
2774.00
2774.50
2774.50
2774.50
2773.00
2772.50
2772.50
2771.50
2771.50
2771.50
2771.00
2770.50
2769.50
2764.75
2762.00
2997.70
2762.00
2763.00
2763.00
2763.50
2763.00
2762.00
2760.00
2878.23
2760.84
2760.33
2757.50
2757.50
2756.00
2756.50
2756.50
2757.50
2757.50
2758.50
2758.50
2757.50
2732.23
2756.50
2756.50
2753.89
2756.00
2756.00
2755.50
2755.50
2755.50
2756.50
2757.48
2766.33
2767.34
2766.20
2777.86
2777.88
2782.45
2783.49
2783.50
2781.60
2780.67
2779.50
2778.00
2777.65
2776.50
2774.00
2773.00
2751.28
2752.26
2752.16
2729.82
2777.03
2752.63
2778.00
2752.38
2777.50
2776.00
2774.00
2772.00
2746.57
2745.77
2738.97
2761.00
2725.40
2760.00
2761.64
2767.65
2768.17
2743.00
2742.42
2743.32
2747.00
2746.80
2745.55
2745.10
2745.10
2746.52
2749.18
2774.90
2776.20
2778.00
2779.00
2757.86
2785.00
2753.18
2797.00
2776.35
2801.50
2802.00
2780.64
2780.35
2777.50
2776.08
2775.25
2775.34
2785.91
2769.11
2760.57
2755.36
2748.32
2761.00
2742.34
2761.50
2755.08
2769.14
2775.00
2777.50
2784.50
2804.44
2818.98
2825.16
2830.81
2836.74
2839.65
2852.16
2839.31
2833.10
2847.51
2847.90
2865.28
2863.52
2895.46
2896.96
2857.16
2860.68
2863.61
2865.67
2863.46
2865.21
2864.35
2882.17
2860.38
2878.43
2872.65
2871.00
2871.97
2867.50
2866.50
2867.00
2870.74
2870.66
2842.27
2872.50
2840.17
2876.50
2840.42
2885.00
2888.00
2823.45
2895.21
2880.91
2884.97
2886.63
2889.41
2892.09
2891.11
2890.90
2915.50
2914.45
2892.55
2891.47
2890.53
2888.60
2882.84
2875.40
2867.67
2888.50
2862.24
2851.02
2869.96
2866.76
2870.50
2875.06
2879.29
2881.81
2883.75
2881.22
2883.00
2885.99
2890.33
2893.52
2900.00
2901.00
2900.75
2900.50
2903.50
2904.50
2889.39
2906.50
2907.00
2906.50
2903.76
2904.55
2905.00
2899.00
2895.50
2918.07
2886.34
2885.81
2877.98
2876.50
2868.13
3162.98
2984.87
2928.73
3351.39
3035.70
3022.36
2868.50
3081.35
2862.00
2862.50
2863.00
2847.31
2864.55
2852.19
2866.29
2866.20
2859.90
2838.79
2833.97
2854.44
2840.64
2852.17
2849.45
2851.75
2857.72
2857.40
2861.00
2861.00
2861.00
2843.33
2861.00
2864.09
2868.88
2854.75
2874.25
2871.97
2879.60
2886.17
2894.00
2898.03
2898.09
2898.50
2898.50
2894.55
2886.50
2871.27
2866.46
2857.81
2857.61
2855.30
2847.47
2844.85
2844.50
2838.50
2820.50
2815.50
2812.50
2777.19
2812.50
2813.50
2784.77
2783.77
2784.73
2785.93
2783.54
2816.00
2817.31
2795.31
2787.90
2816.00
2813.50
2813.00
2812.00
2808.50
2772.17
2743.75
2739.10
2798.00
2798.50
2799.53
2800.50
2799.00
2799.00
2798.00
2796.00
2786.16
2780.78
2770.85
2760.36
2761.33
2759.74
2757.06
2742.35
2739.94
2734.31
2734.84
2735.50
2735.50
2733.55
2732.50
2731.83
2731.04
2728.72
2727.56
2746.92
3459.94
3288.35
3175.29
3060.62
2741.71
2719.69
2704.67
2749.42
2747.00
2745.00
2745.50
2748.50
2753.82
2763.12
2768.56
2770.05
2770.19
2771.25
2772.29
2773.04
2777.22
2784.50
2771.91
2796.36
2794.20
2786.50
2783.00
2778.00
2764.60
2776.00
2775.50
2774.00
2768.84
2764.00
2736.87
2731.09
2753.50
2749.00
2748.00
2729.50
2729.50
2727.53
2728.88
2744.50
2742.50
2741.00
2730.00
2728.00
2728.00
2727.50
2728.00
2729.50
2730.50
2730.50
2729.90
2727.50
2706.53
2689.02
2690.12
2687.64
2697.43
2706.63
2674.61
2606.50
2637.75
2649.95
2657.98
2689.50
2632.86
2658.20
2655.92
2635.05
2649.39
2650.03
2701.00
2674.63
2703.97
2705.00
2705.34
2707.50
2707.61
2709.00
2714.50
2718.50
2699.32
2702.60
2704.45
2704.90
2705.49
2706.47
2707.19
2703.00
2715.63
2720.39
2720.93
2721.90
2723.06
2751.00
2750.50
2750.00
2724.22
2746.00
2722.00
2720.13
2719.10
2717.71
2731.00
2729.96
2710.43
2710.16
2726.96
2727.78
2710.62
2712.00
2714.18
2717.24
2728.74
2727.34
2739.23
2739.56
2741.41
2747.38
2748.11
2768.22
2753.36
2753.34
2753.34
2752.32
2751.75
2750.56
2731.79
2730.36
2769.50
2741.42
2766.50
2729.12
2737.17
2736.29
2766.64
2735.61
2766.00
2765.50
2738.79
2736.58
2761.50
2759.50
2758.00
2757.50
2731.03
2736.57
2746.30
2749.28
2748.77
2750.26
2770.00
2776.50
2744.73
2777.00
2749.71
2749.92
2750.08
2750.08
2751.35
2752.37
2775.00
2775.00
2775.50
2775.50
2774.50
2754.09
2753.98
2771.50
2738.41
2772.00
2773.50
2774.50
2776.50
2765.93
2768.18
2769.03
2796.88
2800.00
2801.00
2800.50
2797.00
2769.85
2769.85
2768.58
2765.87
2764.43
2764.90
2763.94
2792.50
2793.00
2794.00
2737.32
2763.90
2736.81
2764.90
2765.89
2782.16
2762.36
2775.02
2758.04
2753.83
2766.83
2747.33
2744.56
2730.60
2726.00
2717.65
2720.22
2720.93
2722.29
2721.83
2721.12
2720.14
2739.00
2739.00
2716.03
2711.81
2719.18
2721.57
2747.50
2744.50
2725.70
2749.50
2725.21
2725.59
2753.50
2723.11
2723.75
2701.30
2726.18
2727.56
2727.56
2728.79
2728.68
2729.76
2729.76
2729.90
2729.72
2728.82
2747.00
2747.00
2726.93
2725.95
2724.07
2743.50
2744.00
2746.50
2748.00
2730.90
2751.00
2751.00
2751.50
2750.60
2752.50
2760.45
2787.11
2795.74
2797.00
2938.40
2794.50
2777.57
2760.93
2772.67
2762.14
2748.31
2769.29
2741.04
2755.00
2719.24
2680.88
2700.04
2705.22
2475.67
2716.25
2710.51
2696.01
2687.54
2670.92
2672.96
2660.59
2780.98
2668.18
2664.52
2663.59
2634.50
2650.54
2681.37
2704.42
2707.57
2708.03
2709.15
2711.48
2713.22
2702.08
2717.16
2712.18
2718.52
2716.92
2470.33
2724.12
2188.33
2702.41
2712.09
2723.27
2735.15
2720.25
2788.12
2701.62
2688.78
2688.95
2688.95
2687.97
2681.09
2673.61
2643.07
2669.72
2703.24
2683.53
2708.67
2689.70
2711.23
2728.86
2729.54
2733.68
2738.72
2734.03
2738.03
2748.83
2774.76
2793.26
2782.04
2786.27
2788.38
2790.42
2811.50
2811.00
2809.00
2809.00
2787.49
2785.58
2783.59
2774.39
2765.48
2796.50
2793.50
2793.50
2793.00
2793.00
2792.50
2792.00
2793.50
2795.00
2796.50
2773.58
2774.67
2774.00
2775.19
2775.19
2798.50
2798.00
2797.50
2798.00
2798.50
2798.16
2799.50
2802.02
2804.50
2805.50
2807.50
2810.00
2787.05
2814.50
2788.03
2811.00
2788.46
2810.00
2809.50
2809.00
2808.50
2808.50
2808.50
2805.67
2804.00
2805.79
2804.50
2804.00
2804.00
2803.44
2805.00
2805.50
2802.94
2802.18
2801.33
2794.09
2788.15
2785.96
2786.29
2784.88
2784.71
2782.73
2761.88
2761.56
2790.84
2767.61
2768.58
2802.07
2786.29
2787.36
2779.89
2789.44
2790.45
2789.54
2786.43
2785.70
2787.39
2785.70
2818.00
2781.08
2776.96
2773.19
2774.68
2775.04
2778.00
2779.84
2781.77
2780.21
2779.84
2779.84
2781.77
2781.77
2781.77
2809.00
2784.41
2787.83
2793.32
2796.53
2793.65
2807.87
2814.95
2820.04
2825.10
2824.43
2827.16
2828.89
2828.67
2830.34
2831.97
2832.16
2862.50
2862.00
2861.47
2861.44
2856.57
2849.98
2846.38
2857.00
2840.47
2842.33
2854.60
2855.25
2858.39
2869.06
2873.83
2872.28
2871.92
2887.67
2896.72
2899.91
2875.45
2898.41
2897.98
2893.93
2890.91
2906.34
2888.06
2884.22
2879.20
2860.48
2707.40
2863.58
2844.53
2841.26
2821.08
2809.55
2836.33
2870.56
2846.91
2849.25
2836.77
2852.74
2853.95
2894.63
2899.09
2857.21
2858.08
2854.39
2857.34
2855.87
2887.00
2854.90
2854.90
2854.33
2853.69
2852.96
2852.96
2928.42
2918.10
2925.24
2873.50
2870.50
2870.00
2871.89
2853.44
2852.68
2845.89
2836.68
2837.42
2846.10
2846.61
2845.89
2873.50
2844.91
2847.12
2847.11
2847.11
2847.00
2848.43
2848.90
2868.50
2867.50
2867.00
2867.00
2868.00
2869.00
2845.43
2845.56
2838.50
2880.00
2880.50
2840.42
2840.42
2931.17
2933.28
2882.95
2881.00
2826.89
2832.60
2841.39
2843.77
2866.80
2865.94
2855.02
2875.11
2855.60
2847.64
2838.68
2847.00
2786.81
2834.71
2717.74
2768.35
2770.46
2774.41
2775.81
2774.98
2774.61
2772.81
2772.98
2771.31
2763.88
2763.12
2784.50
2764.07
2765.05
2765.97
2742.75
2793.00
2793.50
2766.64
2766.28
2766.28
2764.90
2764.90
2764.90
2846.50
2793.50
2846.50
2762.32
2794.50
2758.00
2718.74
2756.55
2796.50
2796.50
2902.24
3256.99
2899.16
2820.24
2075.70
1664.59
1524.68
1499.61
2733.48
2785.69
2786.29
2775.64
2775.72
2774.55
2753.60
2940.18
2788.50
2939.32
2774.50
2822.80
2763.50
2756.85
2724.74
2737.49
2731.00
2728.64
2726.79
2724.68
2723.49
2725.51
2729.78
2731.59
2753.50
2735.15
2759.00
2762.50
2763.00
2763.50
2763.54
2764.00
2764.89
2763.05
2764.00
2764.00
2765.00
2765.00
2765.00
2766.21
2767.00
2767.00
2766.50
2771.55
2771.23
2766.81
2779.68
2781.21
2772.67
2783.50
2784.86
2786.50
2857.95
2791.94
2789.50
2789.50
2789.28
2788.00
2787.00
2785.00
2784.00
2782.50
2777.49
2754.88
2764.50
2748.13
2746.50
2745.51
2741.25
2739.93
2737.60
2729.05
2742.50
2742.00
2745.50
2748.00
2738.51
2737.97
2751.33
2740.01
2755.00
2761.00
2747.23
2770.50
2779.00
2780.00
2781.31
2781.00
2782.00
2783.00
2786.00
2795.47
2797.50
2798.00
2849.82
2800.50
2801.50
2802.98
2805.50
2811.50
2816.00
2818.50
2824.97
2829.30
2833.38
2835.08
2839.62
2840.00
2840.50
2839.50
2840.47
2839.83
2837.50
2834.00
2820.04
2813.14
2808.37
2803.32
2792.86
2786.19
2784.98
2784.82
2791.20
2741.43
2808.02
2752.00
2749.54
2751.31
2766.75
2790.58
2816.26
2817.69
2820.66
2824.74
2798.98
2828.42
2859.11
2878.82
2856.20
2846.93
2848.60
2849.10
2850.80
2849.53
2849.62
2849.86
2849.50
2848.50
2846.00
2885.16
2830.13
2845.00
2844.04
2842.50
2837.71
2833.50
2825.00
2857.00
2816.00
2850.57
2828.69
2828.31
2787.11
2810.50
2810.50
2764.79
2811.00
2811.50
2812.00
2813.00
2814.00
2813.50
2813.50
2814.00
2824.08
2824.60
2826.53
2828.62
2829.28
2831.29
2834.91
2820.48
2860.34
2813.39
2855.50
2857.00
2861.81
2873.17
2812.45
2815.19
2875.67
2862.00
2863.00
2863.50
2822.96
2822.96
2820.59
2864.00
2822.96
2819.00
2819.00
2864.50
2820.59
2828.77
2827.77
2856.88
2829.61
2828.91
2855.38
2856.44
2849.71
2852.00
2854.79
2855.02
2853.26
2856.04
2859.32
2857.00
2846.56
2842.42
2827.87
2863.44
2865.50
2864.86
2863.50
2865.50
2859.56
2859.31
2853.02
2848.57
2820.59
2808.51
2805.82
2816.89
2819.80
2842.21
2842.72
2843.00
2844.85
2844.83
2849.28
2852.50
2855.00
2855.00
2855.00
2855.00
2852.31
2849.22
2836.50
2826.48
2824.38
2822.38
2822.13
2821.24
2820.50
2817.16
2757.67
2791.28
2820.38
2811.28
2795.41
2785.85
2818.40
2815.64
2819.82
2833.35
2836.00
2836.50
2837.00
2836.50
2831.00
2831.00
2830.50
2830.50
2829.50
2828.50
2827.50
2827.07
2827.50
2828.00
2827.50
2826.50
2825.50
2824.50
2823.50
2823.00
2820.73
2820.00
2815.00
2812.50
2809.50
2809.00
2809.50
2809.84
2811.00
2810.50
2812.00
2813.00
2813.00
2812.50
2812.00
2812.00
2808.50
2808.00
2807.28
2806.00
2806.00
2820.34
2804.00
2806.00
2808.00
2805.50
2805.50
2804.00
2804.50
2802.50
2798.28
2794.32
2790.59
2789.78
2784.50
2850.51
2778.00
2778.00
2779.00
2781.00
2782.56
2783.00
2784.00
2785.50
2788.00
2788.50
2787.48
2782.54
2779.50
2781.93
2782.29
2784.36
2792.24
2794.69
2798.90
2806.62
2807.21
2806.52
2811.19
2812.18
2823.37
2825.79
2826.11
2811.10
2828.15
2826.50
2826.00
2824.50
2823.50
2822.58
2814.59
2811.98
2810.50
2810.50
2812.00
2814.00
2815.50
2798.60
2798.75
2798.10
2815.50
2814.50
2813.00
2806.12
2802.31
2800.00
2800.50
2801.00
2813.40
2815.36
2822.49
2821.90
2823.55
2826.00
2832.50
2837.00
2839.50
2842.50
2842.00
2839.00
2837.00
2831.50
2825.50
2823.81
2825.12
2832.53
2833.49
2834.50
2835.00
2836.00
2837.48
2841.00
2846.94
2850.96
2861.36
2866.00
2864.47
2862.00
2862.00
2861.00
2860.00
2859.50
2858.50
2857.00
2856.00
2856.00
2856.50
2859.50
2858.00
2860.86
2863.00
2864.50
2863.50
2862.50
2861.00
2858.48
2850.29
2859.97
2847.83
2836.60
2830.35
2829.43
2803.12
2787.50
2791.84
2786.68
2783.50
2783.50
2785.88
2785.88
2785.00
2785.50
2852.16
2873.40
2792.00
2792.50
2795.00
2799.00
2799.00
2800.00
2799.50
2800.00
2800.00
2801.00
2803.50
2804.00
2803.00
2801.50
2800.00
2799.00
2798.00
2798.50
2799.00
2799.50
2800.00
2799.50
2797.00
2797.50
2797.00
2796.50
2796.00
2795.50
2793.00
2792.50
2791.50
2792.50
2793.00
2793.50
2793.50
2795.00
2799.30
2804.50
2811.03
2812.00
2818.87
2821.24
2822.50
2823.67
2825.44
2827.75
2826.98
2827.50
2825.80
2824.50
2823.50
2823.50
2825.00
2825.86
2826.31
2827.98
2829.73
2831.50
2814.05
2838.00
2838.50
2838.50
2838.00
2837.50
2836.00
2835.50
2832.00
2831.50
2830.50
2829.89
2829.00
2827.50
2825.00
2823.50
2824.00
2824.50
2826.00
2827.00
2827.93
2829.15
2829.69
2828.23
2829.26
2844.98
2851.36
2861.50
2841.40
2841.29
2869.50
2871.50
2847.31
2855.86
2888.00
2891.98
2894.50
2894.50
2896.62
2901.00
2905.46
2913.83
2915.50
2916.00
2917.50
2890.35
2918.00
2919.50
2920.50
2925.65
2905.51
2935.24
2941.45
2945.29
2951.14
2953.36
2955.50
2955.50
2955.00
2953.00
2952.00
2951.39
2950.77
2949.19
2947.60
2946.54
2941.79
2936.17
2930.62
2929.81
2929.00
2929.00
2930.00
2931.00
2932.00
2932.50
2934.00
2934.00
2933.50
2933.00
2932.00
2930.50
2929.00
2928.00
2927.50
2928.00
2928.00
2928.50
2928.00
2926.00
2925.00
2924.44
2914.23
2921.95
2923.50
2920.47
2907.41
2904.22
2904.89
2907.14
2900.48
2902.58
2905.68
2910.43
3182.60
3587.79
3418.46
3073.24
2880.77
2857.03
2756.37
2792.25
2920.50
2921.50
2921.50
2921.50
2920.50
2920.00
2919.50
2914.79
2912.89
2911.38
2906.84
2902.47
2909.23
2905.94
2901.81
2895.48
2889.02
2888.44
2888.44
2888.98
2896.34
2891.42
2896.00
2899.90
2906.38
2908.50
2910.00
2914.00
2915.50
3299.50
3299.50
3299.50
3299.50
3299.50
3299.50
3299.50
3299.50
3299.50
3299.50
3299.50
3299.50
3299.50
3299.50
3299.50
3299.50
3299.50
3299.50
3299.50
3299.50
3299.50
3299.50
3299.50
3299.50
3299.50
3299.50
3299.50
3299.50
3299.50
3299.50
3299.50
3299.50
3299.50
3299.50
3299.50
3299.50
3299.50
3299.50
3299.50
3299.50
3299.50
3299.50
3299.50
3299.50
3299.50
3299.50
3299.50
3299.50
3299.50
3299.50
3299.50
3299.50
3299.50
3299.50
3299.50
3299.50
3299.50
3299.50
3299.50
3299.50
3299.50
3299.50
3299.50
3299.50
3299.50
3299.50
3299.50
3299.50
3299.50
3299.50
3299.50
