 63.00  6377.9857  46.55   7.98    100
 1951 04 15 07 30 00
 15/04/1951, 07:30:00, RES=0.2500  APOD FN = TRI
 2884.946 2930.606 0.0500116653     913
  0.45298
  0.45298
  0.45298
  0.45298
  0.45298
  0.45298
  0.45298
  0.57835
  0.59462
  0.58251
  0.58249
  0.58731
  0.58336
  0.58049
  0.59134
  0.58265
  0.57657
  0.57594
  0.62233
  0.58346
  0.57725
  0.58610
  0.58408
  0.58868
  0.58131
  0.58755
  0.58792
  0.58610
  0.59142
  0.59616
  0.59851
  0.59600
  0.59512
  0.59780
  0.59501
  0.59462
  0.59932
  0.60192
  0.58443
  0.58868
  0.59622
  0.58731
  0.58336
  0.57379
  0.57227
  0.55304
  0.55312
  0.55479
  0.57088
  0.56969
  0.56999
  0.57029
  0.57204
  0.58579
  0.59642
  0.57761
  0.58049
  0.56684
  0.57045
  0.57740
  0.57182
  0.57455
  0.57409
  0.57993
  0.58443
  0.57561
  0.57485
  0.57273
  0.56635
  0.55930
  0.56148
  0.57029
  0.56686
  0.55799
  0.55517
  0.56081
  0.57804
  0.58368
  0.56426
  0.56216
  0.57105
  0.57860
  0.57151
  0.56908
  0.56523
  0.57280
  0.58565
  0.57553
  0.57804
  0.58215
  0.57002
  0.57697
  0.57577
  0.57501
  0.57699
  0.58260
  0.57838
  0.58095
  0.58443
  0.57983
  0.57136
  0.57105
  0.56133
  0.56011
  0.56521
  0.56361
  0.56068
  0.55616
  0.56042
  0.57045
  0.57105
  0.57425
  0.56946
  0.57108
  0.58154
  0.58154
  0.57566
  0.57273
  0.57744
  0.58454
  0.58990
  0.58128
  0.57823
  0.58443
  0.58929
  0.58651
  0.57333
  0.57667
  0.59233
  0.58595
  0.57501
  0.57440
  0.58118
  0.57728
  0.57652
  0.57425
  0.57612
  0.57666
  0.58184
  0.56194
  0.56619
  0.57926
  0.57895
  0.56148
  0.54902
  0.56399
  0.56953
  0.57212
  0.57349
  0.57344
  0.55867
  0.55084
  0.55054
  0.53854
  0.53458
  0.52744
  0.52957
  0.52409
  0.51908
  0.52547
  0.51407
  0.51627
  0.51787
  0.51741
  0.50906
  0.50267
  0.50583
  0.50320
  0.50207
  0.48991
  0.50000
  0.49232
  0.47170
  0.45994
  0.44238
  0.42601
  0.41423
  0.39022
  0.39159
  0.37585
  0.34000
  0.31324
  0.27232
  0.24492
  0.24694
  0.20914
  0.25570
  0.12405
  0.11921
  0.10433
  0.25884
  0.02162
  0.01352
  0.01549
  0.01359
  0.00531
  0.01512
  0.01748
  0.01139
  0.03238
  0.28390
  0.07956
  0.10480
  0.14385
  0.16154
  0.19690
  0.69833
  0.34778
  0.29182
  0.28948
  0.32124
  0.33157
  0.33813
  0.35401
  0.39696
  0.38642
  0.40669
  0.44121
  0.42837
  0.43369
  0.47214
  0.46309
  0.46923
  0.47699
  0.48296
  0.50683
  0.52529
  0.54431
  0.55145
  0.54746
  0.53352
  0.53146
  0.53922
  0.53914
  0.54019
  0.54811
  0.54917
  0.56391
  0.56923
  0.56877
  0.56430
  0.55236
  0.55359
  0.56000
  0.55419
  0.55992
  0.55955
  0.55540
  0.55616
  0.56494
  0.57181
  0.56908
  0.56969
  0.59619
  0.58595
  0.57996
  0.57197
  0.57257
  0.56457
  0.55958
  0.56194
  0.56011
  0.55449
  0.55814
  0.56399
  0.56336
  0.56695
  0.57029
  0.56726
  0.56457
  0.56503
  0.57540
  0.58230
  0.58500
  0.59865
  0.59203
  0.59704
  0.59765
  0.59765
  0.59719
  0.59632
  0.59698
  0.58327
  0.57736
  0.57501
  0.58747
  0.59233
  0.58761
  0.59233
  0.59908
  0.60798
  0.60205
  0.59703
  0.59700
  0.61816
  0.61740
  0.61831
  0.61178
  0.61632
  0.61710
  0.61588
  0.61833
  0.60716
  0.59967
  0.60053
  0.59309
  0.60236
  0.59810
  0.59812
  0.60388
  0.60039
  0.59533
  0.59399
  0.59474
  0.59327
  0.59506
  0.59226
  0.60101
  0.60187
  0.59446
  0.59035
  0.58747
  0.58975
  0.59269
  0.59734
  0.59226
  0.59675
  0.59357
  0.59603
  0.61041
  0.61403
  0.60722
  0.60555
  0.60607
  0.60813
  0.61163
  0.61373
  0.61087
  0.60783
  0.60494
  0.58899
  0.59587
  0.59760
  0.61341
  0.60722
  0.60583
  0.62229
  0.60103
  0.60876
  0.61286
  0.60036
  0.58959
  0.59424
  0.61048
  0.59387
  0.59977
  0.59735
  0.58671
  0.60076
  0.60276
  0.60982
  0.60669
  0.60393
  0.60263
  0.60602
  0.59325
  0.59128
  0.57641
  0.57440
  0.57356
  0.57166
  0.56904
  0.54818
  0.55525
  0.54682
  0.54644
  0.55001
  0.54720
  0.54993
  0.57300
  0.58283
  0.58281
  0.58222
  0.58685
  0.58200
  0.58510
  0.59331
  0.58883
  0.59871
  0.59278
  0.57006
  0.59810
  0.59774
  0.59730
  0.59537
  0.59111
  0.59415
  0.60442
  0.60084
  0.59020
  0.58671
  0.59134
  0.58990
  0.58834
  0.57034
  0.57199
  0.57550
  0.57155
  0.57151
  0.58455
  0.59035
  0.59309
  0.58891
  0.59288
  0.59932
  0.59388
  0.61573
  0.62333
  0.61953
  0.59202
  0.60191
  0.62713
  0.61239
  0.60836
  0.60904
  0.62005
  0.59850
  0.60272
  0.60053
  0.59995
  0.60246
  0.61244
  0.60179
  0.60145
  0.61002
  0.59320
  0.59443
  0.63632
  0.61705
  0.62163
  0.61733
  0.62181
  0.62135
  0.60645
  0.60635
  0.61120
  0.60718
  0.60085
  0.59304
  0.58595
  0.60166
  0.59683
  0.60286
  0.59807
  0.59615
  0.59171
  0.59218
  0.58451
  0.58078
  0.59451
  0.59354
  0.58959
  0.60328
  0.61243
  0.61267
  0.61050
  0.59993
  0.60133
  0.58929
  0.59051
  0.59035
  0.60820
  0.61344
  0.61614
  0.61738
  0.59832
  0.60421
  0.60567
  0.60333
  0.59654
  0.59172
  0.58899
  0.58443
  0.59134
  0.60102
  0.59370
  0.57409
  0.57605
  0.61561
  0.58199
  0.57993
  0.59111
  0.59582
  0.60127
  0.60342
  0.60463
  0.59708
  0.60449
  0.60433
  0.59841
  0.60198
  0.60509
  0.59996
  0.58823
  0.59051
  0.59812
  0.59402
  0.59947
  0.60236
  0.59218
  0.58625
  0.58534
  0.58792
  0.59485
  0.60647
  0.60297
  0.60397
  0.59918
  0.59618
  0.59901
  0.60084
  0.59441
  0.58351
  0.58397
  0.58382
  0.58564
  0.59719
  0.59224
  0.61131
  0.60828
  0.60631
  0.60065
  0.60397
  0.60570
  0.60132
  0.59344
  0.60403
  0.60251
  0.59795
  0.58899
  0.59354
  0.60175
  0.60311
  0.60319
  0.60570
  0.59658
  0.59689
  0.60331
  0.60592
  0.59689
  0.59233
  0.59737
  0.58832
  0.59232
  0.60432
  0.59537
  0.59695
  0.59560
  0.60608
  0.59968
  0.60530
  0.61224
  0.60707
  0.61488
  0.62020
  0.61330
  0.61862
  0.61725
  0.61700
  0.62184
  0.61595
  0.61405
  0.62177
  0.63257
  0.62485
  0.61907
  0.61889
  0.61871
  0.61327
  0.61175
  0.61051
  0.61460
  0.60975
  0.61038
  0.60239
  0.59335
  0.58990
  0.58200
  0.58441
  0.59887
  0.59344
  0.59476
  0.58883
  0.58078
  0.58726
  0.57917
  0.57804
  0.58184
  0.58708
  0.61849
  0.60692
  0.60585
  0.59674
  0.60203
  0.60281
  0.59657
  0.59537
  0.58367
  0.58539
  0.58336
  0.57771
  0.58303
  0.58686
  0.58792
  0.57893
  0.59046
  0.60315
  0.61436
  0.60874
  0.60828
  0.60562
  0.59238
  0.58686
  0.59096
  0.59869
  0.60506
  0.60600
  0.59765
  0.60300
  0.59358
  0.60038
  0.61058
  0.58853
  0.58663
  0.59549
  0.60520
  0.59748
  0.59461
  0.59977
  0.59235
  0.58640
  0.59147
  0.59130
  0.58944
  0.58063
  0.59333
  0.59005
  0.59951
  0.61229
  0.61045
  0.60281
  0.61132
  0.61345
  0.60475
  0.61576
  0.61150
  0.60533
  0.59948
  0.59376
  0.59321
  0.59075
  0.59046
  0.57239
  0.56178
  0.55403
  0.53815
  0.53747
  0.54249
  0.54760
  0.52354
  0.51741
  0.52290
  0.52674
  0.51935
  0.52276
  0.53235
  0.55061
  0.55607
  0.57621
  0.57303
  0.57303
  0.58610
  0.58139
  0.58162
  0.59094
  0.57503
  0.57692
  0.59561
  0.59770
  0.59491
  0.58351
  0.58306
  0.59005
  0.58883
  0.57045
  0.57394
  0.57425
  0.58899
  0.59628
  0.58282
  0.58415
  0.59664
  0.60271
  0.60793
  0.60145
  0.61455
  0.61451
  0.61512
  0.60631
  0.61041
  0.60965
  0.61938
  0.62439
  0.62993
  0.62034
  0.63047
  0.61810
  0.61360
  0.60944
  0.60800
  0.61562
  0.62632
  0.62014
  0.63085
  0.63296
  0.61916
  0.61284
  0.60935
  0.60449
  0.60388
  0.61747
  0.61801
  0.61543
  0.61543
  0.61664
  0.61746
  0.62305
  0.62272
  0.61985
  0.62409
  0.62006
  0.61923
  0.62273
  0.62541
  0.63037
  0.61619
  0.61543
  0.61740
  0.60707
  0.60357
  0.60978
  0.60061
  0.59439
  0.59430
  0.60038
  0.64412
  0.62560
  0.61619
  0.61431
  0.61417
  0.60676
  0.60160
  0.59552
  0.59765
  0.60700
  0.61213
  0.61315
  0.61603
  0.61771
  0.61816
  0.61152
  0.61269
  0.61330
  0.62093
  0.61760
  0.61076
  0.61664
  0.59473
  0.58534
  0.58329
  0.58154
  0.57710
  0.58336
  0.57734
  0.57302
  0.56567
  0.58564
  0.58893
  0.58386
  0.58081
  0.60069
  0.60114
  0.60525
  0.61684
  0.62498
  0.62067
  0.61333
  0.61224
  0.62272
  0.62667
  0.64092
  0.64289
  0.63321
  0.62817
  0.62906
  0.62326
  0.61945
  0.61755
  0.62020
  0.61926
  0.61420
  0.61395
  0.61516
  0.62588
  0.62863
  0.62737
  0.62629
  0.61980
  0.61161
  0.63359
  0.64485
  0.63169
  0.63298
  0.63884
  0.62034
  0.60770
  0.60692
  0.60537
  0.60205
  0.60327
  0.60839
  0.60896
  0.60914
  0.61033
  0.59870
  0.58760
  0.58380
  0.57716
  0.59175
  0.58740
  0.58336
  0.59078
  0.58443
  0.58048
  0.59041
  0.61257
  0.61513
  0.61504
  0.60585
  0.61218
  0.62648
  0.61619
  0.61543
  0.60980
  0.60965
  0.62253
  0.61375
  0.60464
  0.59413
  0.60225
  0.60756
  0.58974
  0.59111
  0.59993
  0.60053
  0.59418
  0.59781
  0.58968
  0.58807
  0.58868
  0.59116
  0.59768
  0.59920
  0.59552
  0.59765
  0.60145
  0.60258
  0.60652
  0.60996
  0.60512
  0.59734
  0.60115
  0.60078
  0.59354
  0.59340
  0.58671
  0.58629
  0.60793
  0.60509
  0.60479
  0.60570
  0.60676
  0.59734
  0.59602
  0.59552
  0.59621
  0.58367
  0.56969
  0.55872
  0.56170
  0.56467
  0.56604
  0.57223
  0.56786
  0.57127
  0.57561
  0.45298
  0.45298
  0.45298
  0.45298
  0.45298
  0.45298
  0.45298