2747.76
2750.00
2752.33
2745.58
2753.27
2754.62
2756.00
2751.31
2752.20
2755.40
2751.69
2755.20
2742.80
2741.63
2737.92
2733.43
2744.78
2739.18
2739.64
2736.86
2736.27
2736.23
2738.77
2736.56
2740.00
2740.80
2749.25
2750.20
2745.23
2746.23
2738.80
2731.25
2726.52
2726.53
2731.33
2678.06
2719.33
2724.95
2726.83
2726.50
2725.38
2737.22
2727.90
2728.61
2726.08
2725.11
2732.15
2741.22
2729.94
2729.74
2732.77
2732.05
2731.90
2734.17
2732.00
2735.83
2731.45
2731.71
2741.35
2743.50
2743.28
2742.71
2742.19
2740.17
2744.21
2736.88
2744.45
2733.07
2733.05
2723.54
2720.43
2717.71
2723.33
2721.67
2725.00
2724.81
2732.31
2733.65
2738.59
2738.38
2738.81
2742.62
2744.83
2745.36
2741.56
2739.12
2729.40
2741.00
2742.89
2746.33
2742.25
2742.40
2745.50
2886.00
2737.11
2666.18
2762.90
2774.25
2773.00
2777.20
2775.25
2771.79
2753.31
2767.86
2751.20
2745.62
2635.57
2745.12
2700.32
2725.15
2725.56
2735.78
2738.63
2737.35
2671.79
2734.21
2740.13
2754.00
2743.91
2739.09
2742.72
2757.76
2746.64
2747.93
2748.43
2753.80
2754.51
2754.94
2757.40
2758.15
2744.68
2754.27
2761.00
2772.48
2774.85
2759.38
2749.83
2767.50
2753.36
2754.80
2756.62
2758.33
2758.50
2760.77
2760.50
2763.00
2754.13
2757.77
2751.00
2749.38
2746.36
2746.00
2741.83
2740.90
2744.94
2745.57
2739.25
2747.60
2749.44
2751.50
2753.18
2744.29
2750.27
2763.00
2748.57
2753.75
2764.14
2755.00
2753.43
2753.00
2754.00
2839.38
2754.50
2755.00
2756.33
2776.11
2787.05
2779.22
2786.93
2792.58
2797.80
2798.92
2799.33
2802.44
2797.88
2792.77
2787.50
2802.91
2801.23
2794.67
2794.26
2795.09
2791.76
2791.29
2795.74
2797.39
2789.80
2792.91
2789.90
2792.26
2791.64
2796.00
2801.06
2803.80
2803.38
2805.14
2810.00
2809.29
2806.86
2804.64
2815.93
2809.42
2818.37
2820.19
2817.18
2818.45
2828.67
2838.81
2837.80
2837.64
2835.68
2836.71
2834.00
2832.91
2832.50
2833.88
2828.55
2828.22
2828.14
2828.00
2832.44
2827.55
2827.17
2829.90
2832.00
2828.00
2820.25
2822.33
2788.93
2785.30
2778.88
2777.71
2777.58
2756.46
2755.14
2751.57
2755.50
2747.19
2743.69
2746.57
2733.56
2734.66
2735.14
2734.83
2736.56
2738.16
2733.00
2733.65
2742.08
2737.50
2735.75
2745.00
2750.00
2750.60
2755.40
2744.52
2742.30
2744.17
2741.40
2748.91
2743.20
2751.00
2748.67
2752.92
2744.90
2743.06
2745.81
2748.83
2755.60
2757.33
2758.75
2756.00
2759.00
2752.00
2750.75
2750.77
2751.93
2747.44
2744.73
2750.17
2749.94
2757.47
2750.48
2759.94
2752.56
2757.77
2765.53
2762.63
2755.00
2771.92
2780.42
2781.08
2787.11
2784.60
2784.75
2785.00
2782.30
2781.93
2782.75
2789.00
2787.12
2786.00
2791.50
2788.91
2795.25
2801.38
2806.33
2808.57
2808.71
2809.00
2810.00
2810.40
2823.00
2814.00
2814.00
2816.33
2818.70
2825.67
2811.14
2807.55
2815.91
2813.14
2814.38
2810.50
2812.41
2812.29
2813.90
2816.57
2811.60
2811.50
2814.40
2810.50
2810.89
2806.11
2805.73
2787.09
2807.20
2798.50
2793.00
2805.20
2806.20
2801.00
2782.17
2773.33
2771.75
2764.00
2768.00
2770.00
2765.50
2766.00
2767.00
2767.33
2770.00
2762.82
2764.93
2764.00
2761.86
2761.33
2763.94
2758.20
2766.20
2769.75
2758.62
2757.57
2754.94
2756.70
2753.73
2756.77
2759.00
2761.44
2747.89
2751.50
2748.56
2750.00
2751.00
2752.42
2752.80
2742.50
2744.67
2752.20
2749.67
2746.50
2749.00
2743.25
2754.80
2753.00
3020.80
2748.80
2744.55
2744.75
2742.67
2747.00
2744.24
2744.00
2746.79
2744.22
2745.82
2746.60
2743.50
2747.62
2745.06
2746.82
2747.21
2750.31
2749.70
2749.60
2748.00
2748.80
2751.50
2755.00
2758.00
2766.50
2771.75
2768.00
2757.67
2754.00
2765.62
2763.71
2759.92
2686.58
2760.00
2763.27
2772.17
2768.60
2761.09
2765.14
2766.56
2770.31
2770.50
2707.62
2703.67
2756.58
2752.93
2749.50
2747.91
2749.00
2747.57
2747.29
2759.55
2755.92
2760.69
2755.15
2754.29
2763.73
2764.92
2758.38
2765.83
2760.27
2762.12
2761.13
2760.11
2761.38
2769.60
2767.58
2768.75
2775.50
2780.77
2790.87
2790.88
2791.83
2790.95
2781.88
2787.20
2745.22
2743.89
2742.93
2784.20
2779.25
2773.88
2762.04
2749.86
2746.95
2746.81
2747.94
2750.19
2753.76
2756.23
2762.43
2769.50
2774.67
2813.29
2819.76
2810.78
2838.41
2851.12
2884.33
2853.29
2863.52
2833.03
2802.54
2883.07
2818.87
2718.83
2887.67
2884.25
2774.00
2789.73
2875.78
2872.04
2838.79
2821.53
2872.56
2870.80
2864.13
2859.53
2859.87
2856.17
2857.00
2745.89
2755.60
2855.50
2855.15
2860.33
2862.38
2866.36
2868.82
2780.45
2869.50
2868.67
2875.08
2881.25
2889.61
2884.79
2894.52
2904.00
2899.11
2897.50
2895.38
2899.80
2907.78
2904.76
2899.83
2899.24
2901.00
2882.00
2877.64
2879.85
2867.67
2865.94
2855.25
2856.24
2856.22
2858.00
2865.23
2867.87
2869.12
2873.24
2873.18
2874.63
2888.15
2883.58
2891.25
2892.73
2891.25
2893.04
2897.25
2880.11
2898.11
2884.55
2897.75
2894.21
2896.45
2893.38
2887.14
2884.70
2885.71
2888.62
2896.77
2890.00
2832.71
2853.08
2857.74
2855.95
2852.96
2856.14
2854.05
2853.55
2855.67
2856.00
2850.40
2848.94
2853.72
2847.10
2850.69
2842.78
2787.89
2852.64
2850.43
2851.38
2861.90
2851.03
2847.81
2838.71
2856.50
2855.04
2849.97
2849.55
2851.00
2850.11
2848.22
2852.63
2849.94
2843.25
2846.78
2853.31
2848.77
2854.61
2857.59
2866.92
2873.50
2875.50
2874.80
2875.40
2876.25
2873.00
2873.89
2871.00
2865.38
2862.78
2842.24
2837.37
2831.95
2831.04
2826.54
2806.33
2733.77
2800.82
2707.00
2802.00
2575.25
2687.50
2800.62
2803.36
2803.43
2807.43
2807.33
2806.64
2729.92
2722.09
2803.33
2801.32
2798.33
2802.92
2796.80
2795.31
2789.25
2729.53
2791.43
2785.00
2716.38
2789.82
2722.36
2780.71
2793.00
2785.50
2788.86
2786.50
2786.00
2779.60
2751.45
2749.08
2742.69
2739.48
2737.29
2727.47
2730.50
2728.88
2728.42
2722.86
2720.07
2722.20
2729.62
2732.86
2731.00
2732.12
2713.61
2715.62
2732.89
2736.15
2734.00
2741.00
2742.33
2737.50
2740.67
2738.00
2737.90
2738.67
2733.00
2739.58
2745.00
2751.71
2747.88
2743.50
2745.80
2749.81
2743.40
2773.16
2785.35
2785.90
2783.77
2786.11
2785.32
2745.57
2765.23
2740.81
2740.76
2768.88
2759.86
2723.31
2741.45
2739.11
2739.71
2739.56
2735.33
2690.76
2731.95
2734.44
2747.00
2721.11
2731.09
2715.40
2715.00
2715.89
2643.55
2712.00
2709.33
2719.29
2720.43
2720.76
2717.12
2715.43
2703.50
2697.19
2723.90
2709.05
2702.93
2672.25
2685.28
2688.30
2684.18
2680.75
2686.62
2688.38
2688.40
2690.12
2573.00
2684.78
2681.67
2612.27
2688.67
2689.07
2689.00
2690.85
2685.12
2684.78
2693.75
2691.67
2703.30
2704.80
2715.33
2713.75
2720.91
2717.58
2666.44
2706.45
2723.47
2730.82
2735.60
2737.61
2737.90
2737.20
2738.27
2739.55
2739.76
2736.46
2736.50
2732.67
2720.67
2723.25
2717.50
2721.63
2720.07
2715.90
2707.69
2723.11
2722.86
2724.14
2724.62
2724.36
2725.50
2725.10
2725.00
2731.00
2733.82
2737.23
2749.93
2700.24
2697.20
2727.26
2711.76
2654.25
2763.10
2759.83
2760.57
2762.20
2758.60
2675.09
2690.43
2753.64
2696.13
2696.60
2754.82
2749.38
2749.91
2749.14
2750.33
2752.92
2754.40
2746.58
2745.83
2747.73
2740.92
2743.56
2749.50
2743.06
2752.25
2753.83
2754.30
2748.89
2756.57
2765.45
2764.10
2761.29
2760.38
2763.38
2758.10
2693.36
2758.00
2754.80
2757.78
2759.67
2761.86
2756.82
2754.53
2751.83
2758.11
2760.05
2759.29
2757.40
2766.63
2762.89
2762.41
2772.70
2776.72
2785.79
2792.50
2794.00
2790.67
2790.09
2783.93
2781.93
2782.81
2786.07
2786.07
2784.13
2784.92
2777.61
2780.00
2780.55
2777.08
2779.70
2779.00
2781.22
2778.18
2779.27
2781.57
2778.50
2769.39
2779.25
2769.14
2767.71
2754.86
2750.88
2746.59
2745.71
2742.00
2737.83
2734.60
2739.29
2738.18
2734.90
2686.78
2731.50
2735.11
2736.88
2735.45
2732.40
2731.75
2733.92
2732.62
2732.00
2739.55
2740.28
2740.71
2742.92
2745.22
2745.36
2743.31
2741.29
2739.29
2742.75
2737.00
2740.50
2741.45
2740.55
2736.95
2736.00
2738.88
2735.16
2735.18
2738.29
2744.50
2713.00
2715.00
2732.10
2734.21
2725.27
2735.68
2735.55
2738.12
2735.86
2736.87
2735.14
2739.50
2755.75
2775.96
2775.38
2777.50
2780.70
2782.81
2766.33
2779.16
2738.64
2773.04
2763.50
2763.00
2760.00
2749.16
2749.27
2729.00
2695.62
2725.00
2723.75
2722.21
2711.49
2689.86
2677.88
2687.88
2680.14
2675.26
2673.64
2674.17
2669.68
2668.33
2670.89
2676.14
2685.83
2693.67
2703.14
2704.67
2704.87
2710.88
2714.47
2717.43
2712.47
2728.40
2723.62
2736.67
2688.53
2738.08
2739.77
2734.95
2729.87
2725.11
2731.79
2729.71
2721.04
2714.06
2708.00
2700.38
2697.00
2697.58
2691.71
2687.83
2689.67
2690.00
2692.30
2691.50
2688.56
2692.62
2694.00
2700.67
2693.00
2694.00
2533.20
2696.38
2752.25
2768.60
2765.21
2774.97
2739.04
2788.79
2791.13
2786.58
2791.67
2797.09
2803.55
2807.18
2802.32
2800.90
2790.25
2787.00
2783.40
2784.38
2781.86
2786.56
2783.42
2782.20
2784.67
2784.44
2782.00
2785.38
2785.19
2784.08
2779.12
2785.29
2788.25
2784.35
2786.37
2785.78
2785.26
2786.67
2785.68
2783.71
2784.50
2785.62
2789.43
2792.76
2791.10
2802.56
2801.06
2800.14
2801.80
2805.20
2808.50
2800.65
2801.21
2800.79
2798.00
2798.88
2743.88
2798.75
2798.67
2793.76
2792.57
2794.12
2792.08
2796.74
2791.54
2796.29
2804.69
2789.50
2791.96
2786.57
2783.94
2784.74
2782.71
2781.11
2781.00
2780.62
2774.06
2778.71
2777.50
2776.60
2780.91
2782.40
2788.00
2784.61
2787.62
2789.55
2792.77
2802.05
2803.47
2811.60
2806.30
2806.33
2804.57
2805.83
2804.00
2805.45
2803.33
2624.40
2804.00
2802.78
2796.30
2801.67
2796.88
2797.16
2794.93
2793.83
2795.53
2800.62
2798.00
2803.19
2802.57
2803.95
2805.93
2807.25
2820.00
2830.28
2829.55
2837.93
2844.50
2851.91
2853.00
2846.73
2848.41
2853.57
2854.55
2855.40
2857.75
2856.92
2854.27
2851.40
2846.71
2858.33
2846.56
2848.76
2851.32
2845.40
2846.72
2851.55
2849.70
2853.06
2854.61
2864.67
2897.07
2907.39
2909.00
2906.87
2910.05
2911.29
2897.83
2909.77
2906.05
2903.75
2904.33
2900.42
2895.67
2854.56
2861.12
2859.84
2850.00
2849.62
2846.44
2844.08
2850.13
2851.42
2852.44
2855.59
2854.09
2862.27
2865.78
2868.78
2869.18
2870.40
2876.36
2874.08
2877.20
2873.43
2873.31
2878.50
2874.40
2879.20
2879.00
2875.21
2876.10
2865.44
2868.29
2864.23
2862.94
2869.42
2867.58
2861.56
2860.67
2850.53
2854.07
2865.00
2868.00
2869.41
2866.82
2866.09
2865.06
2858.79
2861.74
2853.20
2852.44
2852.84
2850.06
2852.25
2853.96
2852.70
2862.29
2861.12
2863.89
2868.90
2874.83
2870.17
2873.00
2868.25
2868.00
2868.90
2869.78
2869.20
2870.17
2870.00
2861.78
2865.64
2862.14
2871.78
2870.12
2864.00
2865.67
2866.50
2863.00
2814.46
2815.38
2799.47
2796.25
2798.00
2796.38
2792.62
2789.29
2791.89
2772.20
2790.00
2792.79
2786.67
2775.00
2775.10
2775.15
2772.00
2774.57
2778.12
2780.58
2781.11
2784.93
2784.73
2785.10
2787.45
2781.91
2782.46
2781.00
2788.86
2782.33
2783.31
2788.78
2786.10
2786.00
2786.75
2786.12
2787.40
2787.00
2786.00
2965.81
2770.86
2789.50
2793.50
2792.00
2793.62
2791.11
2789.54
2790.75
2789.88
2784.73
2784.27
2783.08
2779.45
2778.13
2764.55
2757.89
2755.25
2747.38
2749.94
2750.14
2744.36
2745.27
2743.42
2739.27
2746.33
2741.50
2744.90
2744.00
2757.50
2755.50
2746.71
2749.67
2755.00
2751.64
2754.10
2754.00
2747.67
2754.33
2753.12
2749.17
2750.80
2754.00
2755.67
2754.20
2753.33
2758.50
2756.40
2756.67
2755.67
2755.65
2752.00
2755.00
2754.56
2759.50
2762.50
2757.00
2776.00
2779.59
2772.00
2777.29
2783.00
2785.40
2777.12
2774.63
2775.25
2770.78
2770.56
2774.14
2772.00
2748.63
2746.93
2750.36
2745.33
2740.79
2738.55
2739.10
2734.40
2723.65
2737.05
2736.00
2731.56
2738.05
2734.53
2741.12
2748.79
2872.00
2752.77
2752.27
2768.61
2766.00
2772.80
2767.43
2770.07
2770.91
2778.64
2777.20
2783.62
2791.77
2786.60
2791.62
2793.58
2790.74
2792.86
2797.42
2802.27
2802.20
2809.56
2806.14
2805.71
2812.60
2824.50
2821.00
2818.53
2824.68
2814.07
2828.40
2807.90
2807.83
2807.16
2808.13
2802.42
2800.69
2800.00
2797.50
2801.50
2795.00
2781.56
2749.52
2743.26
2736.33
2744.85
2758.55
2769.62
2767.57
2779.30
2786.64
2785.11
2799.39
2809.97
2811.00
2813.68
2824.27
2826.27
2832.91
2837.45
2838.87
2837.00
2837.13
2835.58
2843.21
2841.65
2841.87
2841.05
2836.50
2832.50
2832.66
2830.11
2827.67
2829.27
2829.45
2818.33
2820.67
2757.06
2805.70
2804.21
2799.38
2802.21
2800.07
2799.00
2795.25
2802.12
2797.67
2800.00
2800.07
2805.85
2807.00
2806.25
2802.41
2805.75
2803.62
2809.82
2815.43
2826.10
2819.76
2828.94
2829.00
2837.53
2845.07
2844.62
2845.42
2846.46
2844.58
2847.89
2847.50
2851.22
2852.00
2858.50
2853.50
2855.17
2853.58
2853.11
2851.60
2850.15
2851.12
2850.56
2852.00
2852.50
2616.25
2853.60
2849.40
2850.36
2847.78
2844.50
2844.85
2848.33
2846.20
2846.05
2846.73
2846.22
2844.62
2848.40
2846.89
2845.73
2846.50
2852.00
2853.00
2852.00
2852.29
2852.83
2855.50
2852.50
2851.83
2852.00
2854.75
2849.71
2833.79
2822.73
2824.62
2825.87
2831.86
2842.25
2832.64
2830.89
2834.62
2842.30
2841.36
2839.38
2844.33
2844.50
2847.62
2845.75
2843.86
2845.00
2835.60
2837.31
2840.64
2839.62
2839.88
2799.12
2804.72
2814.30
2818.04
2828.65
2833.33
2838.82
2838.20
2827.05
2811.61
2811.15
2827.50
2828.00
2831.25
2831.70
2825.60
2827.92
2828.21
2832.00
2839.25
2818.84
2816.07
2823.00
2825.91
2820.10
2818.38
2816.50
2815.52
2812.67
2814.12
2814.75
2811.33
2811.62
2812.71
2806.78
2806.92
2799.15
2802.73
2806.57
2802.17
2799.25
2803.43
2801.64
2799.06
2797.29
2797.70
2797.00
2798.75
2803.91
2799.89
2804.43
2800.08
2800.00
2798.60
2797.33
2793.50
2792.91
2796.00
2794.71
2791.38
2784.86
2784.62
2785.39
2742.15
2792.14
2723.20
2782.67
2776.05
2778.78
2775.42
2766.75
2763.43
2765.89
2766.00
2767.67
2778.00
2773.00
2772.67
2778.67
2775.20
2785.00
2770.50
2773.60
2774.12
2779.88
2782.25
2779.81
2791.13
2782.30
2782.00
2776.62
2780.36
2778.36
2790.12
2758.68
2827.26
2833.44
2834.80
2793.90
2817.07
2806.32
2811.51
2808.89
2803.96
2800.25
2806.05
2796.95
2799.38
2804.55
2805.48
2806.53
2802.50
2802.85
2803.83
2803.35
2803.47
2798.22
2790.21
2792.06
2791.90
2789.08
2786.43
2788.55
2789.10
2788.91
2787.50
2789.81
2798.42
2809.72
2822.33
2823.19
2826.81
2828.76
2828.04
2823.71
2816.22
2813.33
2813.53
2819.12
2824.00
2818.75
2822.63
2832.06
2829.09
2823.35
2828.05
2831.36
2838.22
2847.38
2851.57
2854.22
2849.88
2849.42
2851.73
2851.05
2850.42
2850.56
2847.06
2843.58
2845.23
2841.77
2847.75
2845.32
2845.85
2848.00
2850.80
2849.83
2847.14
2849.86
2845.04
2842.29
2841.13
2839.07
2842.92
2834.27
2814.85
2821.61
2776.50
2774.75
2777.00
2776.17
2771.83
2771.88
2770.80
2778.78
2780.23
2785.60
2783.57
2782.33
2779.75
2778.90
2779.94
2783.33
2787.44
2788.65
2785.53
2782.40
2783.54
2785.67
2793.09
2791.27
2790.73
2789.10
2782.50
2782.43
2784.67
2786.36
2786.18
2788.80
2788.71
2788.30
2782.42
2786.65
2784.21
2784.56
2783.40
2780.45
2776.90
2782.57
2782.75
2779.08
2780.40
2780.00
2779.44
2777.38
2786.40
2786.38
2790.67
2789.50
2791.00
2793.00
2791.50
2800.22
2806.13
2811.00
2804.18
2802.36
2801.67
2804.67
2806.64
2805.87
2678.14
2810.50
2818.67
2807.90
2821.90
2819.18
2831.92
2826.32
2824.33
2826.38
2824.65
2823.62
2827.12
2824.26
2822.45
2819.30
2812.71
2818.31
2818.62
2815.00
2809.38
2811.85
2809.85
2817.17
2817.00
2818.83
2752.14
2818.21
2808.75
2824.78
2826.30
2830.14
2833.00
2790.33
2851.12
2858.08
2856.08
2857.36
2861.47
2858.00
2868.67
2877.44
2878.68
2887.19
2883.28
2792.11
2900.72
2899.81
2901.08
2903.58
2903.33
2903.17
2904.06
2910.05
2918.90
2923.64
2923.91
2927.08
2930.00
2936.06
2930.90
2931.50
2944.58
2929.64
2937.00
2931.86
2946.17
2945.62
2929.00
2923.71
2923.92
2920.80
2920.53
2917.11
2922.40
2919.25
2921.00
2917.00
2916.80
2919.77
2919.67
2920.25
2921.00
2915.33
2920.20
2917.46
2914.29
2915.00
2915.89
2914.31
2912.42
2913.12
2917.89
2914.22
2911.89
2908.41
2909.43
2907.19
2905.60
2911.75
2910.36
2909.10
2899.14
2901.09
2904.40
2903.00
2895.07
2900.00
2901.38
2902.85
2838.80
2904.25
2912.50
2911.86
2908.44
2859.57
2855.22
2902.75
2909.00
2907.15
2911.05
2904.65
2897.40
2908.00
2906.48
2902.18
2902.97
2900.70
2903.44
2900.00
2896.00
2895.30
2892.88
2894.20
2894.92
2896.18
2893.45
2893.44
2888.35
2886.46
2899.00
2892.79
2898.88
2905.82
2905.57
2907.40
2922.08
2906.62
2901.11
2916.12
2918.70
2921.62
2925.85
2924.50
2925.86
2927.55
2928.22
2931.86
2932.36
2932.43
2935.50
2935.50
2937.50
2941.50
2942.60
2945.00
2938.33
2954.96
2959.44
2961.20
2954.88
2957.85
2961.07
2958.38
2955.93
2965.33
2966.00
2968.00
2973.00
2977.00
2973.95
2973.37
2972.45
2975.95
2972.67
2965.40
2974.30
2972.00
2962.50
2904.82
2914.53
2964.50
2963.67
2963.07
2963.50
2962.88
2964.94
2968.18
2969.17
2968.00
2968.00
2968.00
2974.17
2974.71
2977.27
2976.12
2979.60
2981.60
2981.47
2984.58
2982.27
2988.88
2983.25
2984.82
2986.25
2984.50
2988.36
2983.00
2985.58
2988.90
2987.70
2990.50
2991.33
2996.60
2999.00
3029.88
3040.00
3050.42
3054.74
3064.65
3065.54
3070.00
3005.82
3001.39
3011.58
3051.81
3063.47
3062.19
3062.98
3065.29
3050.73
3068.57
3083.37
3083.59
3077.10
3092.00
3095.67
3090.20
2975.70
3088.80
3083.17
3083.44
3086.38
3083.60
3086.25
3052.20
3062.30
2959.00
3049.82
3051.62
3031.25
3032.88
3030.80
3029.33
3028.36
3026.50
2994.21
2987.19
2989.48
3020.18
2976.29
3006.50
3015.00
2980.71
2940.48
2929.42
2945.47
2933.55
2933.70
2932.57
2934.62
2937.77
2932.78
2933.29
2932.00
2927.25
2925.67
2925.25
2924.64
2924.29
2920.67
2920.30
2915.47
2914.71
2918.29
2573.67
2909.83
2908.33
2907.00
2907.18
2905.14
2906.18
2899.00
2905.21
2903.59
2901.36
2899.31
2882.09
2898.33
2876.94
2895.88
2868.91
2853.27
2855.60
2849.78
2848.60
2847.83
2846.67
2774.62
2848.40
2847.92
2852.70
2856.20
2856.88
2860.12
2860.75
2860.86
2853.67
2662.20
2850.09
2768.17
2853.22
2853.37
2851.25
2850.77
2853.95
2856.72
2853.58
2849.93
2844.39
2846.57
2844.05
2842.20
2842.54
2840.41
2842.83
2843.60
2847.75
2847.45
2853.10
2856.23
2856.73
2855.94
2856.12
2852.89
2858.07
2849.43
2851.94
2851.58
2850.31
2848.71
2858.60
2858.00
2858.80
2861.05
2860.00
2863.45
2867.75
2864.46
2861.82
2863.44
2866.94
2867.20
2869.73
2864.75
2863.33
2863.00
2863.05
2864.86
2862.71
2867.31
2868.78
2866.47
2866.70
2866.25
2872.43
2871.36
2870.00
2870.00
2873.33
2874.62
2872.67
2866.00
2864.80
2861.19
2861.11
2861.11
2867.11
2865.86
2864.50
2862.92
2859.29
2851.00
2843.31
2841.07
2843.12
2841.60
2844.38
2845.64
2848.86
2842.25
2838.00
2765.46
3106.09
2835.90
2831.14
2836.86
2840.00
2837.31
2838.78
2836.45
2839.79
2835.60
2839.47
2838.33
2837.50
2838.47
2838.00
2838.44
2838.85
2834.36
2834.00
2836.54
2838.09
2838.92
2841.67
2835.00
2831.75
2836.79
2838.07
2841.93
2848.00
2839.73
2841.79
2843.43
2841.62
2849.50
2849.15
2841.58
2843.81
2842.06
2838.95
2837.33
2838.36
2840.58
2833.39
2823.36
2824.10
2819.92
2822.17
2821.57
2825.60
2826.81
2822.00
2820.56
2831.20
2830.25
2826.25
2825.38
2833.44
2837.30
2888.67
2896.45
2887.50
2811.77
2842.70
2888.67
2855.42
2803.74
2793.71
2855.94
2865.74
2852.07
2749.36
2734.56
2837.25
2835.00
2833.67
2831.17
2834.33
2837.00
2842.79
2846.19
2843.07
2853.00
2843.82
2845.04
2844.75
2846.62
2843.71
2848.62
2852.12
2843.45
2849.20
2823.29
2848.10
2855.31
2857.27
2884.46
2896.20
2893.44
2819.27
2854.10
2895.15
2860.88
2898.50
2895.75
2883.83
2884.89
2878.00
2886.43
2893.33
2884.67
2892.75
2893.50
2892.88
2901.50
2905.67
2906.79
2910.00
2908.15
2904.88
2905.31
2911.68
2914.29
2916.23
2918.38
2920.20
2921.25
2925.19
2924.92
2928.00
2925.60
2927.57
2921.30
2929.86
2952.20
2938.32
2994.65
3001.51
2998.05
2961.16
3005.61
3010.70
3013.95
3035.90
3034.04
3038.14
3039.00
3037.81
3041.52
3042.40
3041.69
3045.07
3047.00
2973.06
3041.67
3041.21
3038.62
3036.69
3035.33
3033.09
3042.73
3036.11
3040.95
3063.52
3082.58
3079.22
3096.46
3097.71
3109.00
3100.28
3047.62
3040.56
3109.00
3109.61
3106.75
3109.77
3107.45
3105.29
3131.79
3037.43
3017.54
3123.50
3136.14
3141.85
3161.67
3165.67
3160.53
3160.56
3166.71
3202.32
3214.59
3202.05
3209.73
3210.09
3238.68
3226.47
3228.37
3251.00
3251.94
3250.17
3252.75
3255.12
3251.25
3263.11
3263.00
3257.37
3261.09
3261.46
3266.46
3265.18
3263.94
3257.95
3259.64
3261.60
3261.79
3262.70
3262.64
3256.50
3254.71
3249.50
3233.60
3251.00
3250.71
3250.33
3247.62
3244.18
3102.60
3256.62
3258.75
3266.00
3273.42
3259.24
3277.67
3255.12
3260.69
3280.30
3284.19
3286.53
3286.21
3294.80
3286.91
3295.07
3288.54
3285.83
3292.67
3290.33
3311.65
3313.46
3318.17
3321.64
3319.05
3319.80
3326.22
3330.00
3331.12
3254.45
3324.59
3322.67
3311.52
3321.00
3311.50
3311.50
3293.40
3287.24
3275.88
3280.76
3279.12
3281.05
3280.75
3283.75
3279.50
3285.15
3296.27
3294.38
3247.59
3297.17
3288.18
3302.46
3301.67
3304.86
3307.90
3306.25
3294.50
3306.62
3306.29
3304.00
3303.40
3302.50
3303.71
3299.00
3305.89
3311.33
3311.33
2958.25
3308.00
3305.50
3335.85
3345.49
3269.00
3297.37
3262.05
3182.04
3269.33
3265.93
3262.92
3271.50
3266.39
3267.87
3265.00
3268.86
3274.56
3272.86
3276.00
3276.17
3273.50
3271.33
3271.58
3264.77
3268.07
3269.44
3266.24
3257.86
3256.67
3256.00
3251.62
3252.60
3251.33
3251.33
3248.50
3251.33
3251.25
3249.00
3224.84
3230.58
3222.13
3220.33
3224.14
3225.30
3224.59
3221.78
3222.07
3230.56
3228.36
3231.33
3230.60
3230.50
3232.25
3233.57
3230.00
3231.80
3233.60
3232.00
3236.67
3238.44
3236.50
3227.00
3232.90
3236.22
3237.09
3240.33
3231.17
3259.56
3198.20
3233.00
3234.20
3243.17
3270.90
3278.68
3283.60
3153.00
3283.16
3304.62
3282.14
3284.50
3306.40
3341.61
3297.91
3343.46
3350.81
3354.81
3369.20
3370.80
3371.50
3376.27
3369.73
3377.94
3380.78
3369.89
3377.62
3378.56
3382.67
3383.62
3391.62
3393.18
3395.06
3397.48
3399.00
3408.37
3416.42
3410.08
3431.21
3428.32
3442.96
3439.70
3441.38
3326.00
3443.50
3447.38
3451.43
3448.67
3455.75
3447.50
3369.58
3448.75
3452.82
3456.15
3454.00
3456.00
3455.64
3459.27
3459.90
3458.71
3460.50
3470.20
3466.14
3468.00
3494.45
3498.79
3503.80
3506.83
3500.53
3606.06
3485.00
3490.00
3483.67
3488.40
3487.36
3312.89
3488.40
3494.00
3342.73
3477.67
3518.44
3508.10
3534.10
3550.61
3565.00
3583.43
3367.62
3414.30
3586.38
3587.20
3587.07
3490.69
3485.00
3602.50
3604.50
3498.18
3601.60
3605.06
3606.00
3598.40
3594.00
3608.33
3658.56
3704.14
3757.50
3734.08
3767.63
3724.52
3685.76
3772.30
3826.26
3842.95
3840.58
3856.09
3866.09
3879.42
3876.90
3751.62
3541.95
3887.87
3807.95
3836.10
3839.93
3918.78
3930.77
3841.43
3959.65
4063.62
4088.77
4100.45
4074.65
3995.38
3982.16
3911.48
3988.92
4014.89
4030.17
4059.05
4051.82
6056.33
6057.50
4833.20
4089.64
4126.71
3924.93
3902.47
4047.97
4161.96
4193.67
4172.06
4171.73
4189.00
4200.31
4206.80
4210.27
4209.08
4237.53
4207.67
4286.41
4341.50
4341.08
4184.38
4349.21
4354.00
4349.15
4346.78
4355.33
4352.91
4354.17
4044.62
4006.00
4351.80
4352.80
4352.33
4355.00
4356.00
4360.44
4363.44
4217.88
4360.08
4355.38
4353.00
4353.40
4354.33
4357.43
4447.04
4472.73
4411.22
4494.62
4427.90
4519.49
4441.32
4472.81
4521.50
4556.00
4557.71
4559.40
4556.92
4382.07
4558.57
4373.43
4564.18
4556.00
4267.89
4569.15
4577.67
4529.00
4612.30
4623.00
4774.61
4732.07
4618.00
4498.00
4628.22
4630.33
4627.33
4627.00
4627.12
4627.50
4627.09
4635.67
4636.23
4633.95
4648.58
4658.07
4640.09
4642.86
4729.52
4710.66
4767.43
4695.40
4697.11
4702.31
4705.83
4702.38
4703.80
4705.13
4700.90
4695.71
4696.50
4701.36
4698.25
4698.43
4696.00
4699.76
4706.23
4699.38
4699.95
4697.25
4703.23
4705.42
4711.30
4710.70
4713.33
4710.00
4711.60
4711.27
4711.75
4711.38
4709.44
4709.43
4711.88
4712.75
4719.33
4722.25
4725.89
4728.73
4723.50
4723.00
4714.00
4715.00
4727.00
4729.54
4727.00
4729.18
4693.47
4678.77
4677.52
4679.44
4674.75
4655.75
4656.25
4657.33
4652.40
4650.29
4652.93
4654.43
4616.15
4595.57
4583.81
4627.94
4615.32
4581.25
4573.17
4562.80
4558.81
4556.00
4558.21
4558.62
4552.20
4780.73
4547.25
4510.57
4496.56
4481.94
4474.00
4468.86
5776.00
4461.83
4790.25
4523.06
4518.42
4412.82
4403.68
4428.14
4383.40
4389.75
4535.11
4381.38
4381.88
4845.67
4379.50
4380.11
4381.50
4383.50
4382.83
4375.46
4480.62
4377.86
4534.62
4191.62
4150.80
4254.50
4311.38
4170.32
4144.95
4234.58
4264.67
4228.00
4218.05
4343.64
4180.00
4226.95
4935.25
5632.00
5633.00
5634.00
5716.50
4073.04
3946.50
3485.64
3969.03
4069.11
4043.26
4046.04
4025.22
4029.44
4030.11
4030.00
4029.23
4029.16
4027.27
4028.40
4026.47
4027.25
4028.38
4029.56
4026.33
4026.07
4025.33
4025.60
3843.00
3627.44
3390.55
2975.29
2880.64
3120.59
3268.68
3830.88
3372.83
3825.67
3826.00
3827.00
3827.00
4745.38
3820.57
3823.60
3981.91
3830.80
3826.00
3928.12
3829.95
3758.00
3987.29
5601.00
3960.78
3749.12
3751.17
3749.58
3748.50
3745.80
3750.50
3750.10
3756.18
3751.80
3752.48
3752.57
3750.54
3757.25
3668.48
3748.47
3815.22
3615.39
3713.44
3712.94
3860.71
3721.61
3711.38
3695.11
3692.79
3693.55
3690.50
3693.60
3692.75
3688.40
3686.89
3686.67
3826.73
3682.67
3684.33
3682.33
3684.50
3680.86
3679.25
3678.57
3676.57
3673.40
3643.62
3535.62
3671.65
3639.00
3631.50
3633.67
3635.33
3631.50
3744.35
3621.09
3634.00
3626.54
3626.38
3632.50
3609.77
3582.70
3584.31
3574.04
3558.56
3566.53
3554.40
3544.69
3540.78
3533.67
3533.92
3537.20
3537.00
3530.57
3507.64
3503.57
3501.76
3489.57
3465.33
3457.43
3459.35
3464.60
3462.78
3461.12
3456.57
3453.87
3460.43
3463.58
3454.63
3458.19
3457.76
3454.35
3900.78
4120.33
3458.25
3456.67
3463.27
3461.58
3472.45
3477.12
3477.76
3483.35
3482.00
3481.75
3483.95
3477.57
3486.00
3489.00
3481.85
3482.93
3485.00
3488.60
3496.25
3492.30
3488.78
3491.12
3488.67
3491.86
3490.20
3491.40
3485.00
3489.80
3489.29
3487.88
3475.71
3485.75
3474.29
3469.87
3425.65
5263.33
6092.00
6093.00
3607.17
2606.10
1895.00
1469.48
1276.93
1308.90
1141.27
1174.16
1654.99
2163.62
2750.67
3302.00
5786.00
5443.00
5701.67
5568.00
5777.00
5783.00
4289.67
5672.00
1912.00
3770.00
5487.00
5472.67
5036.83
5608.33
3704.50
5647.00
5665.00
3274.43
5025.67
3641.55
1894.50
4983.60
5665.00
3594.82
5731.50
5674.00
4070.00
2879.28
2765.38
1911.00
1894.00
5783.00
2339.81
1895.00
3198.00
2457.00
2279.38
5789.00
2913.75
1894.00
4151.67
2355.50
2679.47
3844.00
1896.00
2120.00
3065.56
2892.00
5778.50
4536.33
2742.24
5634.50
5469.00
5476.50
3437.75
4230.75
3572.00
5616.00
4679.00
2029.19
2736.75
1903.00
2068.19
2343.33
2282.70
1894.00
5796.00
1893.00
1563.00
1894.00
3775.67
3748.73
6107.00
3771.24
4396.11
5002.67
3021.31
2729.74
2710.29
3768.50
2503.00
964.00
2154.00
1090.11
3739.00
3412.00
1894.00
3846.00
4385.33
1894.00
1894.00
1893.00
1893.00
5631.00
5649.00
1893.00
5597.00
5609.50
2031.00
1898.00
3201.67
1908.00
1907.00
3084.54
1895.00
3837.50
2467.00
2271.67
2238.90
2009.33
1904.50
1865.47
4646.00
2696.59
1898.00
2086.67
3280.33
2283.76
2617.56
2701.69
2618.12
1816.47
2130.77
2092.50
3160.25
3309.33
1910.00
2520.93
5930.00
5933.00
1897.00
5932.50
2294.13
1895.00
1895.00
2623.40
1648.00
1898.00
1895.00
1584.20
2084.16
2457.00
1349.71
2119.00
1901.50
1894.00
1894.00
5957.00
2576.10
1894.00
1007.33
3246.75
1509.70
1603.67
2015.30
2877.67
2129.14
2303.12
2053.20
1918.77
1712.30
3012.09
2773.44
1396.62
2111.03
1698.67
2409.75
2928.03
2895.85
2713.05
2314.07
2583.07
2416.02
2654.79
2401.59
1944.56
2124.41
2166.20
2135.63
2168.69
2238.81
2402.40
3597.00
2453.46
2182.81
1920.44
1692.53
1341.40
1421.00
2082.12
2184.92
1760.18
1027.19
924.00
1511.33
2249.59
2221.00
2104.39
1753.92
5924.00
2163.38
2936.47
1683.00
5932.00
5941.00
2408.25
5826.25
6021.00
2349.26
6022.00
4137.67
5898.33
5927.00
1769.55
1715.30
2437.35
2513.08
2602.36
1895.00
2435.09
2190.50
2676.41
2546.28
1637.67
2919.79
2690.06
2102.29
3202.17
6011.00
3089.00
2750.14
2674.23
2816.76
3096.46
2714.54
2583.56
2270.76
2105.14
1977.50
2704.10
2292.31
2537.70
2735.63
1876.08
3198.47
3096.16
2502.85
2895.90
3124.48
3381.88
3580.86
2966.94
3228.80
3303.96
2998.89
5955.00
3030.01
2141.06
1952.43
5977.50
2524.05
4164.50
2977.94
3228.62
2328.94
2631.45
2264.56
2468.00
3473.83
2081.17
2725.79
2353.62
2691.24
2684.54
2503.64
2506.35
2881.50
2643.85
2997.70
2315.69
1906.54
1909.33
2345.03
2360.43
2764.03
3017.91
3041.08
3188.24
2941.00
2673.87
2182.46
2218.79
1773.27
2102.55
1270.71
1642.54
1529.65
1239.20
1612.30
1704.94
1910.58
1545.43
1934.85
1045.87
1910.27
1263.25
2063.92
1526.62
1922.39
2064.61
1918.93
1799.94
2260.46
2965.22
3461.92
3683.42
3552.34
3488.84
3420.36
3948.69
3113.25
2298.44
1948.78
1628.33
1253.95
1752.27
1928.59
1307.19
632.21
537.47
532.58
1461.91
1174.59
980.20
2950.37
1682.09
1794.78
2128.55
1581.61
1779.17
1854.81
2372.27
779.71
2108.67
697.43
1476.47
2397.95
1842.20
2071.30
2129.81
2583.16
2566.78
2811.96
2715.91
2685.19
2353.51
2457.88
2279.30
1724.57
2037.44
1344.74
1866.37
1006.33
795.00
1534.51
1547.26
1794.20
2608.64
1353.17
1507.00
216.00
1600.29
216.00
2110.00
1778.06
1785.30
216.00
1056.00
1912.00
1721.20
2665.15
2159.89
1940.96
2273.71
2676.49
2606.97
2300.37
1976.59
1924.17
2013.58
2125.10
1901.80
1258.65
1619.56
1246.15
799.71
949.38
1399.00
2316.68
1647.62
1907.50
1895.48
2464.84
1967.73
1944.12
1901.76
1731.72
1369.73
607.00
1896.50
2054.93
1867.36
3479.50
2233.85
2344.92
2169.72
2046.96
2040.00
2063.72
2349.00
775.35
904.86
982.00
1255.50
1469.29
1260.40
1570.11
2145.00
2324.02
2647.94
2667.72
2420.26
3232.98
2402.26
2980.90
2557.32
2622.91
2017.71
1901.33
1587.86
2406.27
2309.05
2528.61
1893.26
1950.20
1780.89
1956.81
2194.62
1837.58
2346.46
2074.14
1986.92
1781.65
2329.94
2227.82
1422.90
1510.50
1723.44
1638.36
1573.52
1554.23
1701.09
2115.53
1848.97
2007.66
1383.17
6273.00
2203.60
2616.98
2246.88
2720.60
1757.45
3268.73
2783.36
2231.25
2381.79
1930.39
2169.69
1911.77
1931.04
1870.05
1778.87
1989.57
2259.24
2023.67
2047.49
2229.93
2514.84
2126.00
1490.31
1505.18
2334.85
5779.00
2182.38
2747.20
3182.44
1721.18
2795.45
3251.52
2209.24
2415.82
2779.02
2514.74
2577.22
2099.60
1997.04
2129.95
1651.14
1900.00
1825.10
2308.70
2398.21
1939.72
1941.87
1255.59
2126.02
795.11
2195.99
1806.55
1688.32
2932.87
2702.65
2158.71
2517.65
2034.81
2810.82
3141.63
3113.53
2323.90
2560.24
2556.06
1784.04
2496.88
2589.27
2613.82
3044.64
3087.42
2492.94
1122.50
901.17
1476.53
2517.84
1782.19
2216.05
1916.95
1828.72
1875.95
2872.93
2905.12
2388.35
2695.94
2009.49
1781.96
1903.30
1676.25
1920.84
1583.90
2370.95
2358.92
2130.39
1752.97
1828.95
1837.58
1799.87
1731.45
1918.76
2117.41
2029.60
5791.00
2040.67
1933.69
1764.04
1605.58
1894.00
1739.25
1622.15
1909.66
1667.00
1793.47
1161.71
1628.19
1322.80
933.75
1827.27
1153.70
1266.00
1466.76
1850.82
1225.12
1938.89
1622.16
1914.63
1593.02
1737.02
1777.49
1897.49
1584.30
1718.62
1624.55
1805.69
1880.54
1687.58
1880.77
1907.74
2939.59
3476.42
3434.80
3416.96
3483.45
3498.91
3506.18
3433.35
2955.80
2265.41
1980.70
1892.00
1425.88
1065.47
706.46
604.90
415.51
337.91
359.01
527.93
824.07
1542.16
1666.92
2094.07
2115.03
2234.21
2253.90
2060.28
1876.51
2015.37
2170.26
2255.59
2322.16
2386.42
1555.86
2149.81
1368.95
1946.95
2127.10
1851.30
1614.52
1423.25
1980.90
2112.93
2106.30
2015.14
2215.91
1852.80
2154.72
2054.29
2229.29
2136.46
2110.09
2272.71
2144.27
1992.90
1969.50
2349.58
2300.22
2223.51
2348.69
2308.70
2239.24
2268.40
2199.77
1960.94
1987.58
1897.98
1874.51
1919.80
1723.18
2055.99
2111.03
2113.65
2147.83
2001.46
2406.82
2384.17
2272.39
2141.50
2575.92
2488.51
2660.03
2445.42
2467.57
2503.40
2452.26
2585.72
1925.48
1774.73
1604.46
1576.49
1497.67
1739.67
1561.71
1653.00
1948.43
2035.55
1957.38
2000.33
2037.09
1734.70
2037.13
2062.84
1931.80
2409.40
2271.15
2273.30
2266.10
2274.43
2280.54
2414.61
2175.21
2225.48
2246.89
2177.01
2392.81
2274.78
2631.70
2387.78
2805.21
2437.23
2056.79
2182.11
2517.69
2477.51
1661.75
1874.94
1927.00
2139.06
2272.00
2103.76
2614.52
2244.84
2830.62
3162.00
2403.64
2562.09
2909.46
2595.28
3104.57
3146.44
3179.92
3175.59
3140.38
2986.25
2925.95
3045.54
3098.40
3230.00
3223.08
3220.59
3128.42
3210.14
3130.00
3156.73
3204.50
3224.54
3129.68
3090.92
3144.21
3024.33
2851.09
2976.83
3164.50
3188.71
3199.95
3199.73
2697.89
2836.47
3025.47
3174.88
3080.87
3070.70
2936.28
2759.55
3135.73
3125.70
3060.55
3038.32
3024.87
2993.08
2756.73
2596.04
2867.48
2946.29
2825.41
2860.04
2888.93
2913.76
2964.80
3092.41
2790.10
2595.64
2567.10
2674.13
2741.00
2966.75
2938.29
2884.83
3139.72
3110.19
3177.65
2957.86
3080.67
3171.77
3062.68
2928.21
2904.73
3012.02
3116.77
3109.18
3134.93
3064.36
2591.91
2566.68
2722.62
2651.82
2392.69
2097.41
1983.96
1938.73
2000.18
2130.75
1934.50
2111.09
2126.97
2221.06
2018.67
1964.19
2043.90
2355.97
2547.68
2518.75
2344.83
2466.56
2374.83
2212.23
2199.72
2294.39
2529.00
1923.58
2281.50
2049.85
2307.38
2264.81
2430.79
2307.73
2051.85
2115.95
2379.25
2195.22
2248.09
2412.89
5788.00
1963.20
4622.33
2474.69
2352.83
2267.14
2085.49
2231.53
2538.97
2445.52
1905.75
2162.76
2284.11
2200.30
2427.53
2310.28
2255.94
2458.18
2259.90
2278.18
2185.23
2089.75
2181.51
2088.72
2175.53
1957.81
2123.67
1875.95
1782.27
2029.13
2159.29
1876.69
2133.65
2359.60
1977.56
1970.47
2273.59
2530.61
1828.51
2169.90
2122.09
2115.00
1639.00
2199.50
2095.07
2349.21
3485.67
3987.41
3090.24
3275.86
2857.74
2515.05
2711.71
2806.19
2828.35
3084.17
2821.38
2823.44
2825.70
2826.50
2824.00
2824.57
2825.11
2821.18
2826.27
2824.89
2824.75
2825.22
2825.20
2824.00
2832.78
2834.00
2836.00
2837.93
2838.30
2836.30
2835.53
2839.83
2839.39
2844.48
2842.80
2839.57
2845.09
2844.15
2841.14
2845.55
2844.09
2849.80
2849.07
2849.36
2848.75
2860.50
2863.00
2865.85
2869.46
2870.14
2866.53
2863.05
2867.40
2862.64
2863.17
2864.42
2874.12
2859.64
2869.83
2858.06
2860.95
2861.00
2857.80
2860.22
2856.95
2847.30
2851.67
2839.76
2860.86
2862.13
2853.31
2777.96
2753.26
2745.76
2736.29
2741.64
2732.79
2733.74
2736.81
2727.88
2714.33
2712.00
2710.85
2722.40
2719.38
2719.18
2722.00
2720.46
2727.59
2726.12
2730.29
2732.52
2725.25
2723.00
2716.26
2725.77
2718.26
2712.53
2711.22
2711.88
2709.88
2708.67
2706.50
2709.93
2711.80
2712.11
2716.96
2718.25
2721.12
2722.31
2725.25
2723.00
2722.67
2722.64
2722.23
2720.55
2722.12
2726.35
2728.25
2728.18
2731.41
2724.43
2729.00
2736.00
2738.50
2748.47
2752.69
2757.44
2763.20
2771.12
2768.46
2769.00
2770.50
2770.15
2772.00
2771.55
2768.23
2760.58
2760.64
2757.93
2756.80
2750.29
2754.58
2748.82
2744.73
2748.47
2749.45
2748.80
2751.08
2750.50
2749.83
2749.33
2752.92
2751.64
2750.43
2749.83
2752.20
2752.50
2745.80
2749.10
2752.20
2744.00
2746.25
2748.36
2751.73
2751.62
2750.83
2751.42
2751.67
2751.57
2752.38
2753.10
2754.11
2755.07
2755.00
2754.29
2752.00
2754.38
2756.38
2751.80
2754.92
2753.14
2754.33
2754.73
2756.11
2756.43
2760.50
2763.33
2764.00
2763.33
2781.00
2782.67
2811.09
2827.45
2849.62
2853.83
2858.01
2880.66
2923.85
2940.88
2929.63
2893.07
2909.32
2926.84
2891.65
2985.73
2989.18
2991.77
2990.57
2989.70
2989.59
2989.73
3001.00
2998.00
2983.17
2981.20
2983.80
2986.42
2986.95
2989.20
2906.57
2987.85
2931.61
2885.60
2920.50
2905.36
2901.88
2898.50
2892.77
2881.81
2867.34
2873.10
2875.55
2878.04
2847.85
2847.86
2848.05
2844.17
2843.58
2840.67
2840.15
2839.33
2839.80
2843.29
2840.85
2843.75
2842.75
2842.56
2842.67
2839.67
2836.82
2842.67
2837.70
2837.56
2834.43
2833.00
2814.62
2814.47
2814.29
2816.17
2830.25
2832.33
2827.33
2821.62
2814.38
2815.00
2819.47
2819.83
2818.11
2812.06
2796.58
2806.22
2798.60
2803.00
2790.93
2793.67
2788.42
2784.71
2782.67
2782.33
2778.67
2789.20
2788.50
2786.64
2784.47
2783.70
2783.20
2777.91
2772.00
2782.11
2782.93
2777.94
2782.91
2779.69
2780.55
2786.08
2797.27
2797.27
2801.56
2808.00
2916.17
2829.12
2774.74
2629.34
2183.84
1860.72
2758.94
2728.50
2726.10
2729.64
2733.67
2732.56
2727.00
2727.63
2725.11
2725.47
2730.21
2725.78
2723.62
2723.56
2720.33
2719.50
2729.83
2722.86
2720.88
2715.00
2712.25
2704.00
2704.60
2703.00
2705.14
2705.11
2710.67
2710.83
2709.09
2713.80
2710.13
2727.69
2709.83
2716.88
2721.80
2736.55
2745.00
2743.50
2744.67
2746.50
2735.75
2743.11
2737.47
2738.45
2739.39
2738.54
2741.46
2742.50
2736.07
2741.60
2740.09
2745.20
2750.50
2749.14
2754.14
2753.62
2753.80
2752.62
2758.33
2746.71
2742.92
2741.75
2741.11
2741.25
2745.83
2745.95
2745.83
2745.53
2742.61
2749.56
2749.20
2752.64
2752.92
2754.44
2750.75
2754.00
2754.00
2755.17
2751.00
2754.25
2754.25
2758.00
2759.00
2758.33
2758.75
2756.60
2759.00
2785.33
2788.00
2786.64
2785.50
2785.27
2784.57
2785.20
2784.38
2783.29
2786.38
2787.92
2779.12
2782.14
2784.83
2775.77
2767.14
2778.67
2778.00
2780.14
2777.55
2780.70
2775.73
2779.20
2779.56
2769.09
2766.18
2756.33
2766.21
2762.62
2759.43
2753.83
2753.17
2761.83
2763.38
2762.50
2762.67
2763.32
2769.18
2774.00
2774.60
2774.29
2774.40
2770.00
2773.00
2771.00
2770.00
2759.67
2758.83
2758.50
2752.25
2762.67
2770.75
2760.50
2765.67
2759.29
2758.56
2759.88
2765.50
2764.80
2857.98
2857.08
2853.97
2872.05
2892.49
2918.13
2927.09
2931.25
2934.00
2947.78
2942.30
2942.78
2940.44
2941.16
2933.48
2936.33
2936.64
2931.56
2935.68
2933.13
2927.70
2919.67
2922.00
2920.38
2913.27
2917.00
2920.43
2917.67
2918.82
2920.81
2930.34
2924.33
2932.71
2937.44
2943.58
2950.64
2966.38
2963.14
2961.38
2962.10
2961.57
2961.50
2956.30
2958.57
2955.20
2948.00
2925.24
2925.37
2952.67
2924.24
2920.88
2916.68
2917.90
2909.86
2914.96
2916.13
2917.53
2920.00
2924.47
2919.96
2921.43
2919.00
2911.90
2914.65
2908.76
2905.39
2902.68
2900.23
2894.49
2888.44
2868.30
2868.69
2866.44
2863.00
2866.00
2865.92
2868.33
2869.75
2873.00
2872.83
2874.00
2873.40
2870.33
2872.14
2879.57
2873.00
2875.50
2885.11
2873.60
2892.73
2892.29
2896.00
2894.71
2896.53
2898.20
2897.63
2891.60
2881.75
2878.39
2873.27
2880.00
2867.22
2871.88
2872.20
2873.62
2870.70
2876.83
2880.57
2890.09
2889.31
2888.36
2888.00
2874.67
2883.67
2873.75
2874.17
2870.20
2873.38
2869.00
2872.57
2866.73
2864.71
2868.69
2867.93
2868.21
2868.82
2873.00
2874.75
2873.00
2878.00
2914.12
2906.54
2911.62
2919.06
2912.88
2913.95
2917.26
2922.30
2925.69
2926.69
2927.08
2922.71
2921.79
2920.57
2921.62
2926.94
2955.79
2960.33
3530.00
2949.14
2748.58
2899.58
2923.67
2963.25
2967.71
2969.00
2970.00
2965.60
2965.60
2959.50
2957.00
2957.12
2954.11
2954.56
2960.60
2967.21
2960.00
2956.19
2961.30
2978.60
2971.62
2968.06
2971.00
2971.50
2982.63
2984.23
2986.44
2977.35
2974.65
2968.86
2971.17
2977.54
2975.86
2974.92
2980.54
2983.85
2982.77
2983.64
2984.22
2989.33
2987.78
2987.00
2993.00
2991.09
2990.30
2990.20
2991.33
2991.18
3003.73
3008.92
3013.08
3011.67
3017.00
3016.00
3024.00
3091.84
3121.05
3213.00
3214.71
3222.86
3204.39
3228.09
3229.40
3243.81
3249.54
3250.46
3265.57
3270.58
3268.59
3254.31
3234.93
3257.50
3267.51
3261.61
3264.96
3268.76
3271.03
3273.64
3273.50
3285.86
3285.18
3281.42
3284.93
3289.12
3283.57
3288.67
3286.93
3275.09
3199.38
3205.88
3197.88
3205.42
3213.00
3201.20
3198.00
3198.00
3197.75
3193.22
3195.46
3194.90
3200.12
3196.40
3185.00
3187.00
3164.79
3155.75
2984.97
3123.08
3141.32
3113.27
3114.03
3062.92
3075.27
3095.38
3069.26
3067.21
3048.92
3063.57
3055.00
3031.35
3030.85
3032.14
3039.50
3035.45
3037.75
3029.87
3040.25
3044.05
3043.36
3041.65
3032.17
3037.24
3033.46
3027.76
3028.08
3023.85
3021.33
3031.42
3025.62
3014.00
3017.71
3002.60
2998.05
2993.24
2988.81
2986.27
2986.59
2980.33
2981.83
2980.29
2989.10
2986.88
2979.06
2983.26
2981.78
2978.64
2951.85
2959.92
2931.43
2931.42
2914.24
2920.36
2910.83
2903.88
2900.00
2883.20
2888.00
2884.83
2885.30
2870.35
2866.65
2862.50
2868.12
2861.62
2864.56
2855.65
2850.96
2854.00
2845.62
2849.75
2853.90
2858.36
2859.00
2858.64
2862.80
2862.50
2864.00
2859.60
2855.50
2855.17
2856.50
2860.25
2864.09
2863.30
2853.50
2854.91
2854.38
2843.35
2834.60
2845.29
2804.29
2802.29
2803.27
2767.18
2780.94
2780.42
2760.20
2665.00
2753.00
2763.07
2774.50
2776.20
2781.90
2785.23
2781.37
2773.56
2779.45
2779.25
2781.50
2781.81
2775.33
2774.92
2779.20
2780.12
2775.86
2776.00
2775.62
2775.27
2777.00
2779.50
2779.00
2760.67
2697.62
2757.75
2762.33
2762.82
2758.62
2685.33
2755.11
2753.88
2752.23
2752.75
2744.25
2750.54
2752.37
2751.10
2755.87
2754.72
2758.68
2855.73
2770.00
2775.11
2785.31
2800.00
2784.55
2783.44
2794.56
2792.10
2719.58
2797.56
2709.00
2795.00
2791.44
2686.88
2785.19
2793.83
2783.50
2741.05
3147.50
2780.67
2759.89
2930.47
2745.17
2758.72
2761.97
2771.88
2774.47
2842.83
2776.03
2770.39
2779.34
2780.31
2790.67
2790.67
2786.19
2789.32
2950.53
2776.40
2782.35
2780.95
2781.58
2782.17
2783.29
2738.72
2789.12
2792.20
2831.92
2808.45
2920.15
2774.00
2827.79
2817.31
2822.92
2822.67
2814.63
2828.80
2819.47
2812.42
2811.58
2813.00
2813.44
2803.36
2819.00
2814.20
2811.25
2820.64
2828.64
2831.70
2833.80
2832.17
2832.77
2836.27
2836.80
2844.62
2842.50
2844.11
2847.05
2864.93
2852.61
2849.62
2860.08
2865.54
2849.62
2832.27
2828.50
2834.22
2830.11
2827.22
2831.00
2828.57
2824.40
2821.00
2821.71
2823.00
2640.20
2825.17
2822.29
2822.12
2819.92
2818.10
2819.70
2825.22
2820.50
2818.39
2824.84
2816.90
2821.29
2824.40
2841.50
2837.67
2837.75
2836.00
2839.50
2841.00
2839.75
2843.75
2846.50
2851.50
3037.06
2849.33
2851.64
2849.10
2852.57
2995.93
2870.00
2848.29
2938.38
3017.25
2963.71
2950.19
2964.98
2994.04
2997.19
2999.68
3008.43
2980.96
2972.38
3027.00
3019.41
3024.95
3026.54
3028.85
3020.78
3021.97
3025.46
3030.63
3041.59
3046.61
3041.21
3050.80
3053.91
3054.00
3080.50
3080.40
3079.83
3079.60
3081.20
3079.71
3082.25
3084.18
3081.40
3085.58
3085.70
3085.86
3083.89
3086.33
3085.70
3085.67
3195.61
3311.33
3370.83
3344.86
3344.33
3344.34
3381.86
3355.17
3379.33
3378.67
3396.59
3386.92
3390.21
3390.86
3390.89
3388.79
3391.60
3393.07
3394.85
3396.70
3389.83
3387.62
3383.91
3390.47
3388.50
3388.38
3385.43
3381.62
3384.00
3385.12
3387.08
3382.85
3381.67
3379.81
3374.14
3374.25
3374.22
3378.00
3383.00
3382.83
3380.29
3383.00
3392.50
3385.86
3386.00
3383.67
3386.75
3384.83
3387.00
3436.88
3431.12
3437.79
3439.15
3358.21
3453.85
3451.83
3452.24
3456.05
3459.89
3457.11
3458.05
3453.58
3455.62
3443.85
3430.30
3422.87
3426.26
3398.12
3395.59
3393.67
3383.67
3387.05
3386.23
3386.18
3388.75
3381.00
3376.46
3370.92
3368.12
3366.54
3363.55
3357.96
3357.24
3362.45
3358.20
3358.57
3364.29
3361.86
3359.17
3360.43
3365.40
3362.82
3348.18
3351.21
3355.00
3352.67
3351.71
3357.19
3351.94
3356.12
3354.89
3356.56
3365.27
3358.95
3364.87
3368.29
3365.50
3377.38
3379.09
3386.50
3385.40
3387.75
3387.29
3387.50
3390.00
3384.60
3385.00
3377.50
3381.90
3385.43
3383.12
3380.17
3381.43
3380.67
3378.45
3312.83
3299.61
3276.33
3271.68
3241.66
3271.55
3268.00
3168.07
3263.81
3260.70
3263.58
3267.53
3269.14
3274.08
3274.11
3273.39
3271.81
3273.89
3267.00
3271.58
3260.35
3262.56
3259.50
3258.31
3260.93
3256.93
3254.43
3136.27
3267.36
3269.39
3262.83
3269.67
3275.78
3277.50
3277.44
3091.29
3291.83
3293.62
3287.50
3282.00
3283.20
3283.00
3280.00
3279.50
3285.80
3284.00
3285.43
3288.00
3285.86
3282.00
3469.07
3299.00
3283.67
3318.50
3340.91
3342.30
3343.11
3342.75
3346.08
3347.25
3347.86
3350.00
3349.00
3350.14
3346.50
3348.88
3348.20
3348.62
3346.20
3346.88
3349.00
3347.75
3347.10
3348.50
3346.50
3347.21
3348.25
3346.83
3344.00
3346.81
3347.79
3347.67
3349.55
3350.60
3349.20
3350.80
3353.25
3438.77
3444.00
3444.59
3476.40
3507.97
3514.56
3483.68
3521.77
3522.46
3535.17
3536.28
3546.29
3549.07
3542.28
3542.07
3533.98
3536.05
3529.30
3527.05
3535.32
3531.09
3531.40
3529.93
3531.39
3545.00
3529.94
3532.47
3541.29
3546.90
3559.44
3568.85
3649.57
3687.00
3562.51
3589.22
3495.71
3593.14
3634.62
3635.56
3647.95
3575.46
3616.79
3640.73
3584.56
3677.82
3686.83
3698.27
3698.60
3253.00
3101.33
3697.57
3707.25
3705.67
3705.83
3708.33
3704.00
3704.00
3704.00
3538.73
3703.60
3699.75
3699.50
3698.67
3698.75
3558.62
3696.91
3515.90
3693.00
3580.20
2708.78
3167.33
3112.21
2659.68
3129.47
3373.19
2525.36
2456.20
2913.58
3698.71
3534.90
3328.18
3707.43
3580.00
3818.11
3388.50
3733.50
3572.50
3563.37
3544.36
3434.44
3399.26
3826.86
3852.27
3869.33
3840.65
3953.15
3954.69
3953.00
3954.50
3960.00
3960.33
3957.20
3785.17
3961.00
3974.31
3972.12
3971.57
3848.22
3917.86
3894.78
3599.44
3586.92
3023.33
3185.71
4073.71
2869.96
2412.97
2572.72
2684.87
2769.66
2830.16
2521.39
2558.97
2748.14
2981.55
2813.99
3994.10
3111.52
4184.79
3832.00
4170.17
4244.03
4262.13
3758.30
3481.02
3846.42
4184.60
4397.69
3982.00
4401.67
4229.40
4390.45
3861.71
4407.67
4410.20
4404.00
4403.00
4424.67
4426.08
4421.00
4426.08
4424.80
4216.67
4385.93
4209.00
4127.88
4447.20
4446.77
3825.62
2998.21
3669.33
4555.00
4558.50
4556.00
4556.67
4558.00
4556.33
4553.50
4555.00
4557.83
4557.57
4555.50
3671.33
3890.50
4556.33
4574.80
3934.75
4613.14
4273.25
4614.00
4615.50
4615.00
4615.00
4616.60
4614.33
4616.00
4616.00
4645.12
4662.83
4715.00
4715.50
4721.80
4720.60
4761.78
4772.50
4775.00
4612.58
4194.20
4766.50
4761.71
4768.00
4769.60
4774.25
4772.45
4772.36
4485.90
4510.09
4773.46
4780.00
4770.00
4548.69
4772.00
4776.18
4768.20
4779.50
4630.44
4783.71
4054.25
3815.33
4773.29
4776.88
4885.30
4782.58
4778.40
4055.75
4780.90
4786.23
4783.50
4559.15
4778.40
4780.00
4772.00
4776.21
4770.93
4766.73
4768.56
4770.00
4763.50
4767.75
4769.86
4772.00
4487.50
4777.86
4774.27
4595.50
4776.06
4774.64
3690.44
4049.22
3607.52
4336.19
4748.08
4751.30
4034.75
4750.00
4746.17
4741.69
4746.53
4742.33
4743.50
4743.50
4752.33
4742.22
4752.60
4750.22
4757.80
4755.38
4539.23
4554.00
4758.23
4760.81
4599.44
4759.19
4760.86
4753.83
4710.65
4609.52
4536.06
4277.27
4357.10
4641.84
4600.80
4594.86
4596.50
4601.58
4196.21
4213.00
4589.78
4582.71
4584.19
4470.44
4453.50
4567.43
4560.00
4378.46
3759.42
4249.12
4775.00
3788.17
3810.02
3622.09
4457.69
3857.50
4201.53
4337.04
4159.39
4434.56
4430.00
3851.29
4423.75
4424.50
4423.50
4411.25
4404.73
3738.38
3775.58
4356.75
4355.25
4355.50
4351.44
4355.33
4355.40
4352.50
2919.43
2827.51
3873.56
3205.43
3747.12
3193.26
2898.09
2979.02
2686.67
2491.35
3133.75
3677.91
3736.80
4154.78
3888.47
3858.89
3837.32
4040.50
3886.00
4144.17
4142.00
3257.50
2701.00
3674.50
4012.50
4021.62
4021.25
4026.00
3781.33
3710.67
3449.23
3581.79
3288.42
4017.25
3644.00
3544.11
3873.11
2602.52
3713.43
3407.77
2703.79
2846.20
2645.83
2661.53
2652.81
3629.13
3890.50
3889.00
3887.43
3887.00
3889.00
3888.38
3887.40
3886.73
3885.50
3889.50
3750.23
3750.78
3750.17
3722.58
3736.00
3731.37
3723.33
3751.34
3763.15
3775.79
3767.58
3763.98
3749.24
3737.93
3738.75
3731.72
3701.67
3695.15
3645.89
3548.03
3680.04
3655.11
3674.08
3666.00
3654.33
3655.42
3658.58
3651.33
3532.43
3656.32
3659.79
3660.75
3662.00
3671.11
3675.77
3677.45
3580.72
3595.00
3685.92
3680.33
3543.23
3678.53
3675.73
3660.82
3654.24
3595.07
3635.92
3639.29
3618.00
3611.56
3612.60
3614.00
3606.25
3614.83
3613.50
3607.57
3611.30
3610.50
3609.00
3438.44
3637.57
3500.54
3638.20
3650.20
3650.50
3640.60
3644.00
3639.05
3640.42
3643.53
3646.25
3064.67
3604.65
3576.50
3597.85
3591.00
3590.27
3581.06
3578.00
3580.17
3579.43
3581.78
3582.00
3582.00
3428.18
3371.88
3589.75
3377.62
3586.75
3405.00
3603.25
3320.33
3603.00
3599.33
3602.00
3604.50
3605.00
3604.00
3606.50
3605.67
3607.50
3605.00
3605.60
3037.67
3612.67
3424.44
3613.00
3611.90
3614.00
3620.00
3668.00
3647.86
3672.06
3658.67
3665.33
3670.80
3610.18
3678.06
3687.38
3691.83
3696.83
3695.94
3692.45
3686.92
3686.42
3688.78
3687.55
3433.36
3680.75
3680.00
3684.57
3683.00
3683.56
3685.50
3688.00
3685.80
3688.00
3694.83
3694.40
3694.29
3692.91
3695.69
3693.56
3696.43
3697.60
3701.38
3701.10
3703.23
3701.67
3704.86
3702.50
3702.86
3700.40
3704.17
3704.50
3706.12
3707.60
3741.31
3739.67
3514.34
3211.82
3649.62
3655.28
3652.20
3469.80
3640.18
3577.72
3714.85
3727.20
3742.00
3742.32
3671.72
3634.94
3751.10
3754.50
3754.12
3568.30
3755.25
3760.20
3758.00
3617.92
3758.00
3756.54
3573.80
3761.08
3762.11
3491.86
3759.60
3758.11
3775.17
3782.00
3785.78
3791.05
3790.82
3791.07
3673.56
3791.14
3795.47
3798.41
3797.75
3616.73
3693.20
3791.27
3788.78
3795.00
3582.11
3792.31
3791.62
3790.78
3322.25
3730.91
3752.87
3818.06
3818.00
3832.00
3853.50
3853.00
3853.71
3852.00
3856.20
3856.50
3856.33
3854.00
3855.83
3856.33
3872.85
3810.44
3623.47
3726.58
4124.50
3895.50
3900.50
3901.60
3904.00
3936.00
3960.04
3808.78
3971.67
2935.00
3967.67
3968.00
3967.50
3963.83
3972.10
3957.11
3957.17
3956.00
3956.71
3959.50
2929.50
3272.00
3955.40
3969.30
3993.17
3996.18
3975.35
3861.78
3961.62
3768.49
4008.78
2959.19
3265.39
3300.24
3451.10
4081.52
3963.79
4064.44
4115.21
4148.95
3547.25
5263.00
1896.00
4177.07
4140.85
4080.67
4100.43
4128.81
4165.02
4217.62
4228.11
4240.91
4245.28
4281.67
4281.67
4281.25
4280.60
4284.62
4286.67
4290.00
4286.25
4285.09
4283.60
4287.86
3888.50
4287.11
4071.36
4286.29
4290.00
4300.11
4288.67
4318.33
4311.00
4330.53
4342.00
4339.86
4340.00
4341.91
4348.29
4348.50
4343.00
4347.00
4347.50
4359.71
4327.98
4175.23
4302.93
4220.60
4029.15
4395.48
4476.79
3880.98
4085.64
4252.42
3447.17
3450.24
3611.95
4227.44
1897.00
4571.48
4577.50
4628.27
4582.00
4576.30
4582.50
4579.50
4577.80
4577.80
4578.25
4581.00
4583.50
4586.40
4597.17
4606.89
4398.00
3660.17
4588.57
4636.16
4637.12
4634.50
4640.27
4645.93
4642.79
4637.77
4637.16
4633.59
4381.05
4513.10
4150.19
3771.68
4726.33
4752.87
4767.00
4289.67
4530.83
4772.00
4770.00
4773.33
4772.12
4775.44
4777.64
4774.88
4772.67
4778.83
4779.50
4772.22
4772.62
4771.25
4770.17
4773.40
4772.67
4775.50
4771.50
4778.11
4776.00
4782.00
4808.40
4811.42
4818.89
4821.00
4818.00
4815.25
4824.79
4823.47
4823.83
4823.00
4826.93
4833.50
4844.05
4467.25
4857.58
4660.57
4658.43
4875.90
4840.00
4834.02
4935.46
4939.10
4719.57
4941.90
4940.06
4667.91
4950.83
4949.20
4946.29
4951.40
4951.60
4611.89
4958.50
4952.10
4952.67
3936.33
4969.83
4795.94
4674.80
4639.67
4467.83
4978.50
4820.86
4966.79
4964.46
4960.94
4948.50
4676.36
4950.67
3928.00
4941.00
4946.17
4944.00
4751.06
4725.07
4944.21
4939.90
4668.55
4703.96
4659.26
3880.26
5002.20
5010.62
5011.83
5008.92
5007.42
5014.33
5013.67
5021.71
5024.71
5024.00
5022.05
4857.00
5016.06
5017.12
5010.50
5012.00
4792.57
5013.50
4850.21
5013.30
4885.29
5013.41
4894.88
4906.78
5018.21
5024.43
5025.21
5023.89
5018.39
5013.36
5013.07
5014.14
5020.86
5025.50
5020.75
5019.90
4736.64
4738.27
5022.22
4241.25
5012.33
4676.78
5026.10
5023.89
4828.56
5021.09
5019.50
5023.44
4798.71
5023.62
5026.07
5018.56
5026.22
5029.00
5027.07
5026.00
5026.00
5028.44
5023.86
5020.62
5023.83
5021.67
5017.36
5028.00
5021.47
5019.29
5028.25
5023.00
5014.93
5018.69
5019.70
5024.71
5023.64
5023.88
5024.86
5032.75
5035.45
5037.69
5037.17
5031.30
5038.86
5101.33
5038.93
5040.78
5034.54
5032.07
5033.43
5143.43
5033.25
5028.17
4998.71
5003.25
4649.00
4979.50
4982.83
4979.57
4977.40
4979.56
4980.46
4990.00
4992.14
4990.44
4987.62
4990.27
4984.18
4982.70
4983.00
4982.50
4987.23
4988.62
4986.18
4982.80
4979.50
4972.00
4968.75
4952.00
5072.86
5032.11
4924.79
4948.89
4922.98
4918.80
4947.43
4918.32
4951.55
4902.88
4905.00
4899.33
4894.00
4894.50
4901.22
4913.29
4911.42
4914.85
4915.38
4982.62
4915.50
4915.93
4915.64
4915.18
4914.85
4916.17
4914.85
4907.67
4909.33
4886.46
4865.14
4800.03
4791.22
4798.33
4828.16
4832.40
4829.72
4839.75
4737.84
4794.73
4790.87
4789.79
4597.60
4788.69
4425.25
4788.50
4786.00
4785.00
4782.18
4778.56
4777.50
4779.56
4841.31
4780.50
4779.71
4776.00
4767.86
4974.60
4766.57
4767.56
4752.73
4740.44
4750.20
4487.73
4801.00
4152.00
5255.00
4731.00
4718.50
4265.71
4288.21
3900.83
4566.77
4584.67
4238.83
4414.27
4450.00
3963.17
4291.00
4626.00
4669.92
4449.00
4190.00
4194.60
4512.37
4619.40
4616.50
4216.50
4673.92
4450.94
3749.86
4228.64
4265.70
4273.36
4541.50
4238.86
4185.75
4308.28
4396.19
4382.45
4245.05
4280.08
4520.87
4517.12
4462.64
4410.19
4381.54
4585.57
4565.19
4476.17
4355.09
4472.65
4468.20
4251.32
4300.14
4371.38
4287.62
4262.22
4349.75
3941.33
3964.00
4049.44
3300.33
3995.00
4575.75
3980.00
4326.00
3965.29
4049.22
4146.65
4062.88
4264.00
4259.90
4350.27
4260.60
4341.83
4349.18
4141.69
4258.29
4260.83
4240.00
4187.97
4225.23
4168.52
4114.29
3994.95
4137.73
4082.41
1898.00
4144.00
4068.65
4140.20
4136.73
3965.00
4134.55
4135.05
4020.30
3908.77
3922.32
3883.79
3989.56
3964.80
3184.33
3716.71
3735.44
3131.94
3487.41
3558.42
3601.96
2388.00
3510.39
3314.70
2846.60
3268.64
3678.08
3951.20
3940.43
3939.12
3945.50
3792.14
3937.25
3937.69
3782.15
3938.09
3938.00
3939.00
3935.70
3870.12
3813.11
3905.50
3890.50
3803.39
3829.75
3378.38
3714.57
3841.00
3841.50
3840.38
3839.83
3845.88
3849.57
3848.75
3851.30
3849.64
3634.33
3848.67
3846.50
3741.44
3600.76
3724.46
3738.00
3703.56
3818.54
3823.56
3498.71
3776.20
3765.17
3300.25
3763.50
3443.54
3763.50
3686.07
3746.91
3745.04
3765.00
3731.09
3676.44
3708.30
3697.29
3677.00
3688.59
3601.58
3653.20
3643.67
3492.86
3553.95
3621.10
3608.44
3488.00
3613.73
3606.28
3413.11
3608.36
3604.57
3605.50
3753.45
3715.29
3388.62
3603.00
3601.40
3601.40
3599.57
3599.89
3599.67
3597.50
3592.00
3592.00
3591.89
3585.00
3592.78
3568.21
3572.56
3545.48
3539.50
3543.92
3546.46
3549.33
3548.80
3548.00
3546.11
3548.00
3548.14
3548.50
3550.00
3550.80
3550.12
3550.10
3549.67
3547.25
3523.60
3534.67
3508.54
3509.20
3499.38
3496.67
3493.93
3490.25
3493.00
3361.83
3487.00
3483.53
3469.90
3458.81
3412.12
3448.95
3302.29
3327.22
3432.00
3428.53
3426.78
3395.26
3375.76
3405.05
3410.00
3413.17
3415.10
3418.25
3415.57
3415.57
3415.57
3201.14
3414.67
3422.57
3416.00
3414.00
3414.00
3413.67
3422.67
3413.33
3420.56
3416.50
3242.10
3329.00
3328.40
3327.75
3303.50
3321.48
3306.70
3304.22
3300.00
3308.53
3310.60
3314.47
3320.09
3306.92
3304.57
3314.50
3315.87
3306.77
3303.50
3288.10
3269.40
3281.00
3274.08
3272.00
3140.73
3244.00
3233.00
3217.60
3242.00
3226.98
3176.00
3224.26
3218.39
3217.80
3213.18
3211.83
3099.09
3222.43
3224.37
3230.52
3227.90
3182.76
3246.56
3242.67
3258.86
3258.33
3257.27
3254.43
3261.46
3266.00
3262.60
3259.71
3260.32
3270.69
3262.16
3264.21
3263.58
3263.36
3269.26
3268.08
3266.44
3266.10
3267.47
3265.31
3268.13
3272.88
3269.92
3272.36
3262.00
3262.11
3275.17
3267.47
3262.74
3253.00
3258.60
3257.00
3255.86
3257.75
3260.50
3258.70
3262.30
3263.16
3265.44
3263.59
3264.12
3262.89
3268.44
3266.43
3266.83
3267.56
3265.18
3271.38
3267.90
3261.45
3273.00
3269.94
3274.92
3288.70
3287.31
3275.50
3272.17
3272.17
3281.59
3281.69
3280.48
3277.33
3272.78
3276.36
3280.28
3276.44
3284.06
3282.38
3277.76
3277.79
3282.47
3284.15
3304.79
3294.00
3291.57
3289.67
3293.57
3295.25
3290.70
3134.22
3289.23
3285.40
3279.25
3126.78
3276.62
3275.10
3276.64
3280.95
3197.53
3277.88
3279.08
3177.46
3279.43
3302.78
3354.00
3325.53
3347.45
3258.26
3017.97
3065.29
3038.10
2820.17
3220.69
3429.50
3421.67
3421.36
3423.82
3299.92
3432.27
3428.33
3176.33
3429.00
3412.75
3411.40
3405.67
3389.14
3397.82
3383.07
3374.43
3376.55
3376.80
3377.60
3379.40
3376.50
3374.00
3374.25
3371.93
3371.91
3275.00
3363.22
3374.50
3375.83
3326.79
3313.03
3310.58
3298.50
3307.13
3301.75
3295.85
3287.92
3284.46
3286.08
3285.83
3290.11
3287.09
3286.27
3282.55
3284.08
3286.25
3287.50
3285.15
3296.50
3281.39
3285.11
3281.21
3279.38
3277.33
3224.75
3213.32
3215.36
3214.63
3100.08
2914.67
3204.50
3195.78
3190.21
3189.25
3184.82
3172.29
3174.95
3176.05
3176.54
3174.11
3175.89
3182.17
3172.89
3172.33
3169.16
3178.82
3187.25
3146.83
3147.93
3144.57
3134.40
3124.38
2986.00
3108.22
3105.20
3108.75
3110.00
3104.50
3112.67
3113.40
3111.33
3112.30
3107.60
3108.00
3111.15
3109.40
3101.00
3094.63
2895.42
3081.45
3058.06
3048.20
3044.74
3030.73
3023.00
3022.42
3008.93
2999.30
2996.60
2992.90
2985.16
2985.09
2966.33
2979.72
2963.25
2953.00
2943.05
2935.44
2945.00
2939.81
2932.24
2935.67
2935.37
2930.80
2929.92
2930.17
2918.80
2923.37
2923.52
2921.36
2927.29
2922.90
2918.36
2923.47
2919.96
2926.22
2922.35
2922.00
2930.60
2925.17
2929.40
2932.67
2938.00
2938.78
2939.12
2932.75
2934.11
2930.50
2932.00
2932.25
2931.42
2921.46
2920.22
2928.14
2928.00
2924.14
2922.00
2912.33
2897.54
2900.83
2894.39
2912.44
2838.58
2891.77
2893.15
2898.00
2899.00
2898.36
2891.22
2909.83
2908.60
2911.20
2908.71
2908.71
2907.14
2906.37
2903.54
2899.44
2894.83
2895.50
2897.20
2896.80
2896.50
2895.50
2870.00
2848.56
2818.32
2837.96
2831.65
2880.00
2814.46
2747.08
2787.03
2816.44
2818.67
2818.65
2818.91
2830.45
2862.00
2839.96
2843.48
2847.65
2856.28
2854.39
2861.17
2862.83
2863.20
2856.93
2855.00
2857.56
2853.80
2856.31
2856.94
2851.07
2853.91
2861.08
2860.12
2859.00
2858.16
2856.33
2854.06
2854.54
2853.31
2852.93
2789.60
2849.92
2848.00
2835.18
2803.57
2794.43
2744.61
2784.25
2800.50
2806.21
2802.33
2817.09
2815.04
2827.58
2830.86
2855.78
2872.32
2920.59
2860.66
2877.36
2897.60
2893.75
2890.38
2923.44
2961.40
3001.79
3002.64
3051.61
3040.89
3096.22
3093.37
3095.35
3105.30
3121.07
3123.66
3131.69
3134.07
3136.43
3133.88
3136.40
3143.14
3139.47
3128.62
3120.82
3112.39
3106.65
3110.18
3128.68
3131.53
3126.88
3119.69
3119.00
3122.08
3111.00
3106.82
3104.74
3099.30
3102.31
3098.33
3103.44
3097.14
3311.80
3083.33
3078.00
3084.20
3076.12
3076.36
3179.12
2616.03
2679.84
2862.85
3011.19
3010.77
3038.03
3065.59
3004.00
2995.11
2982.00
2987.25
2988.25
2992.50
2988.48
2985.00
2987.00
2984.20
2985.28
2996.57
2997.00
2996.00
2994.17
2992.50
2994.00
2994.25
2992.78
2991.17
2988.44
2990.25
2989.43
2989.00
2986.54
2948.00
2987.20
2986.36
2927.11
2937.07
2932.69
2925.04
2923.18
2910.27
2938.00
2937.17
2931.10
2930.00
2924.90
2933.67
2925.76
2924.00
2918.81
2913.69
2898.23
2893.56
2914.00
2909.50
2879.79
2821.10
2864.96
2863.86
2858.55
2846.43
2847.30
2848.12
2845.17
2844.69
2844.00
2844.36
2845.43
2865.08
2850.32
2863.31
2862.62
2863.08
2868.00
2872.83
2855.33
2855.47
2854.39
2848.00
2846.75
2845.79
2842.45
2840.00
2839.17
2832.25
2810.96
2803.11
2806.79
2799.67
2806.90
2810.12
2797.25
2800.75
2776.69
2803.61
2803.71
2802.94
2803.85
2807.41
2807.28
2795.33
2766.83
2810.56
2805.86
2806.36
2803.68
2803.90
2805.53
2802.68
2800.28
2808.75
2811.00
2809.88
2809.83
2811.27
2813.92
2818.75
2818.75
2819.40
2818.50
2819.50
2820.00
2819.50
2812.67
2815.22
2815.82
2821.25
2821.00
2803.35
2804.78
2818.50
2755.95
2799.73
2789.73
2787.93
2785.93
2785.07
2794.06
2797.08
2800.53
2800.67
2800.31
2796.92
2802.17
2805.71
2806.60
2808.65
2810.64
2810.29
2811.55
2806.56
2813.10
2812.50
2815.64
2817.33
2817.88
2816.57
2820.00
2816.67
2811.38
2818.30
2820.40
2818.22
2812.70
2801.93
2813.47
2799.80
2788.06
2723.63
2741.22
2726.47
2732.13
2700.24
2728.64
2707.58
2711.69
2737.41
2742.05
2735.40
2730.45
2740.00
2738.76
2751.71
2740.25
2775.20
2787.19
2792.46
2796.85
2796.33
2800.29
2805.23
2810.61
2815.09
2811.47
2810.60
2817.50
2814.00
2813.50
2815.67
2820.00
2825.61
2828.81
2826.60
2818.00
2822.44
2814.64
2813.38
2811.53
2811.92
2814.57
2813.75
2807.15
2809.15
2809.00
2809.72
2796.00
2811.29
2810.29
2820.83
2856.08
2885.35
2886.74
2875.93
2903.55
2905.59
2917.94
2918.00
2924.03
2940.48
2948.00
2948.09
2960.27
2963.38
2961.50
2960.11
2965.38
2967.91
2970.25
2969.55
2976.43
2970.80
2972.20
2974.10
2976.00
2976.36
2973.00
2977.45
2973.25
2967.50
2961.00
2964.50
2966.20
2965.22
2962.33
2960.50
2961.89
2960.60
2957.50
2951.00
2940.50
2939.56
2940.94
2941.61
2931.00
2926.84
2925.27
2926.32
2924.23
2920.93
2921.45
2919.22
2915.44
2914.23
2912.21
2917.47
2912.39
2912.60
2904.00
2901.36
2902.25
2902.72
2901.75
2900.73
2902.21
2907.56
2913.40
2907.30
2924.09
2917.46
2916.75
2914.79
2920.50
2922.33
2911.43
2820.18
2920.14
3121.29
2938.64
2903.00
1632.09
1569.78
1487.85
1811.05
2417.55
2863.21
2854.48
2857.37
2860.83
2834.44
2818.78
2816.47
2820.09
2819.12
2804.71
2805.22
2818.24
2814.05
2788.80
2787.90
2818.67
2824.76
2786.71
2816.95
2807.42
2797.19
2799.17
2793.67
2760.37
2667.00
2789.43
2659.71
2716.33
2779.00
2793.43
2789.57
2701.40
2727.47
2728.07
2787.40
2787.67
2786.50
2783.60
2784.25
2723.00
2785.86
2786.00
2785.92
2788.00
2789.37
2783.20
2785.00
2607.40
2785.33
2784.00
2787.00
2788.73
2789.06
2790.15
2786.56
2785.80
2782.12
2781.58
2783.50
2781.67
2691.27
2781.75
2780.43
2780.67
2783.00
2764.59
2767.64
2775.00
2772.38
2771.88
2766.60
2759.26
2761.35
2779.83
2782.12
2785.67
2784.40
2785.33
2782.67
2782.57
2784.00
2780.67
2780.50
2780.57
2573.00
2750.20
2762.75
2768.62
2772.50
2776.14
2777.83
2782.50
2784.40
2781.00
2781.57
2781.11
2786.73
2786.75
2784.82
2788.50
2787.42
2717.54
2673.50
2788.50
2787.25
2788.43
2784.00
2783.67
2777.83
2765.82
2764.54
2754.50
2754.86
2750.56
2744.50
2743.20
2622.29
2573.20
2690.00
2746.21
2749.43
2657.50
2747.70
2759.80
2757.00
2856.78
2866.94
2917.95
2934.69
2975.09
2996.08
2990.93
2953.33
2992.79
2978.22
2990.29
3005.16
3012.88
3005.50
3017.40
3017.85
3022.58
3023.55
3031.29
3030.81
3033.67
3034.31
3036.42
3037.26
3034.14
3037.48
3036.70
3033.42
3028.20
3030.37
3028.36
3026.08
3026.62
3026.00
3024.31
3008.25
2997.60
2988.40
2976.63
2975.13
2959.08
2968.76
2955.18
2960.00
2955.96
2951.71
2955.75
2932.00
2929.50
2930.43
2929.67
2928.67
2938.33
2935.10
2931.12
2937.75
2919.47
2925.85
2923.47
2914.50
2912.86
2899.83
2889.20
2872.00
2869.43
2867.40
2872.50
2873.25
2872.00
2871.40
2869.14
2869.40
2872.17
2876.55
2879.00
2874.50
2874.50
2876.57
2879.00
2877.57
2877.83
2876.83
2876.25
2876.29
2875.85
2875.44
2875.38
2871.55
2871.27
2876.00
2877.64
2873.88
2872.37
2867.53
2871.71
2867.44
2871.95
2862.25
2853.00
2866.17
2866.40
2867.10
2860.11
2866.33
2861.78
2862.44
2858.33
2854.00
2844.73
2848.12
2848.21
2847.86
2846.12
2852.00
2847.00
2838.22
2829.38
2801.97
2836.50
2835.00
2799.39
2799.86
2796.62
2797.24
2785.14
2786.50
2787.33
2785.80
2785.14
2773.38
2774.00
2764.77
2766.69
2757.69
2751.32
2751.92
2684.67
2744.30
2745.00
2743.30
2741.18
2741.47
2692.27
2707.51
2748.36
2748.28
2754.33
2749.39
2746.45
2750.35
2746.00
2744.50
2748.94
2736.04
2733.88
2729.83
2728.00
2724.00
2728.14
2720.67
2723.62
2724.75
2726.89
2778.11
2667.88
2706.32
2684.00
2719.45
2714.44
2717.57
2720.75
2686.65
2594.00
2731.00
2729.56
2721.28
2726.56
2728.00
2718.50
2714.11
2714.25
2719.83
2707.82
2711.13
2708.33
2712.57
2710.11
2620.11
2715.25
2713.22
2721.25
2447.00
2721.00
2728.67
2727.73
2726.40
2725.44
2726.29
2727.30
2727.40
2734.00
2752.80
2841.72
2764.90
2767.60
2779.76
2784.37
2775.17
2793.71
2794.55
2798.65
2797.67
2801.78
2792.80
2796.63
2794.28
2791.80
2793.71
2789.64
2784.75
2786.00
2788.33
2788.25
2711.83
2639.67
2789.20
2792.75
2792.75
2790.43
2792.83
2792.44
2789.45
2786.20
2785.29
2787.00
2792.86
2794.87
2791.21
2796.00
2799.55
2801.56
2804.15
2803.29
2799.05
2795.67
2796.50
2785.89
2791.11
2796.43
2795.69
2794.23
2787.14
2763.25
2761.00
2759.00
2760.56
2757.67
2757.31
2760.23
2765.64
2770.67
2766.23
2763.27
2765.22
2761.16
2757.67
2757.93
2753.38
2758.80
2761.12
2959.40
2762.75
2752.29
2754.10
2760.43
2757.00
2756.67
2682.46
2755.62
2754.00
2750.50
2749.70
2749.69
2750.29
2746.91
2746.10
2756.67
2753.11
2754.56
2754.86
2755.00
2754.00
2758.25
2757.75
2757.50
2778.60
2772.62
2763.20
2758.50
2767.67
2766.76
2766.20
2771.16
2779.19
2781.20
2790.59
2778.04
2794.14
2794.94
2788.05
2800.50
2942.41
2806.85
2804.20
2802.00
2804.69
2806.89
2804.55
2801.75
2798.24
2752.16
2794.60
2795.71
2737.81
2748.10
2797.58
2803.75
2803.73
2793.80
2800.36
2795.88
2795.95
2792.79
2795.50
2797.67
2795.72
2798.58
2801.00
2798.14
2802.36
2800.50
2799.64
2802.68
2802.46
2804.67
2808.77
2812.33
2812.42
2806.17
2807.00
2809.55
2805.23
2807.78
2808.65
2809.50
2802.18
2805.53
2810.84
2807.16
2809.67
2806.62
2806.50
2798.00
2780.15
2773.20
2726.86
2772.58
2762.48
2758.05
2757.56
2762.08
2769.68
2769.31
2768.43
2762.94
2774.54
2773.27
2776.81
2779.00
2783.71
2791.85
2783.67
2788.82
2801.81
2811.39
2796.82
2808.92
2821.17
2818.10
2818.92
2816.60
2817.50
2822.80
2823.60
2818.50
2823.00
2822.43
2829.15
2825.38
2824.73
2831.53
2832.58
2827.83
2820.31
2822.06
2826.33
2829.55
2829.44
2829.00
2830.82
2831.29
2825.80
2823.67
2824.56
2828.88
2831.45
2830.00
2835.36
2821.75
2827.80
2834.24
2836.40
2842.00
2849.00
2851.00
2848.33
2866.06
2877.50
2871.41
2866.67
2875.09
2871.70
2866.56
2872.79
2866.18
2865.56
2867.50
2868.62
2868.14
2870.23
2869.00
2869.08
2866.00
2865.50
2866.60
2869.80
2868.11
2870.95
2873.25
2869.50
2870.53
2870.14
2869.22
2868.56
2860.22
2869.07
2864.25
2862.36
2863.47
2861.17
2865.11
2867.08
2857.00
2980.35
3075.16
2838.00
2484.93
1921.92
2926.62
2961.00
2984.50
2985.17
2986.20
2983.29
2985.86
2990.50
2992.00
3005.71
2999.80
3001.09
3018.19
3017.18
3021.71
3022.27
3033.52
3035.46
3037.90
3037.42
3030.71
3030.62
3032.73
3032.09
3035.12
3038.07
3037.28
3047.80
3064.22
3057.92
3081.13
3083.50
3087.71
3088.60
3114.27
3119.41
3142.25
3154.93
3154.97
3162.06
3170.14
3172.49
3182.00
3190.82
3187.45
3179.90
3176.71
3172.33
3171.36
3172.36
3174.91
3170.33
3167.29
3172.11
3172.42
3171.67
3172.60
3169.89
3165.45
3170.22
3170.38
3170.58
3168.76
3166.22
3163.89
3165.00
3168.44
3167.95
3169.00
3173.50
3192.33
3196.62
3211.40
3211.32
3217.63
3217.46
3226.69
3238.81
3261.32
3208.89
3294.26
3324.91
3346.45
3347.40
3354.75
3296.93
3360.47
3370.22
3368.00
3267.86
3369.62
3369.19
3371.84
3374.13
3371.73
3239.73
3366.29
3374.80
3382.44
3381.82
3381.46
3381.15
3380.40
3382.80
3650.44
3380.29
3382.86
3378.70
3380.33
3378.92
3378.89
3379.00
3379.00
3386.50
3512.40
3493.65
3511.87
3524.58
3525.69
3548.40
3556.03
3573.13
3566.57
3563.53
3560.66
3547.00
3540.77
3524.00
3513.90
3513.78
3515.97
3759.72
3495.83
3495.22
3488.43
3490.27
3489.30
3479.86
3477.77
3478.40
3474.64
3477.33
3473.70
3386.07
3325.70
3312.67
3314.04
3301.82
3302.93
3314.69
3327.60
3350.85
3347.80
3363.78
3358.97
3354.68
3342.19
3332.25
3334.50
3311.41
3317.15
3299.06
3305.69
3311.56
3310.86
3314.50
3315.83
3303.07
3319.00
3304.03
3290.42
3292.38
3297.55
3288.91
3283.15
3278.04
3279.10
3265.72
3254.19
3255.29
3248.57
3254.19
3244.38
3248.85
3246.75
3254.57
3228.82
3220.24
3217.68
3212.04
3214.74
3210.00
3195.69
3426.36
3175.46
3168.38
3169.48
3158.07
3165.80
3163.82
3134.50
3152.17
3144.29
3140.00
3138.50
3138.50
3140.50
3141.50
3132.62
3129.86
3137.90
3130.25
3103.55
3102.93
3083.91
3063.93
3053.42
3052.00
3049.67
3053.40
3052.67
3053.67
3041.80
3058.57
3055.88
3055.67
3054.83
3054.11
3055.78
3051.53
3049.00
3048.50
3048.36
3049.38
3003.06
2973.85
2958.35
2948.97
3021.54
2940.47
2930.95
2931.46
2924.76
2858.76
2917.23
2914.08
2851.65
2833.54
2910.17
2912.00
2916.44
2909.67
2907.62
2902.67
2908.81
2904.40
2901.71
2907.07
2910.80
2908.18
2919.00
2911.80
2912.50
2912.43
2913.00
2914.88
2910.75
2907.17
2907.17
2914.00
2913.67
2918.00
2916.38
2914.67
2913.91
2914.38
2915.21
2912.25
2907.92
2912.62
2913.43
2908.00
2906.95
2907.29
2895.60
2879.93
2850.67
2842.60
2842.71
2816.12
2815.77
2809.42
2794.74
2774.87
2738.18
2777.82
2859.53
2766.33
2781.63
2785.93
2786.62
2783.74
2788.02
2796.50
2793.34
2797.74
2804.71
2803.57
2742.67
2817.21
2821.86
2822.57
2692.47
2806.92
2805.45
2813.79
2803.65
2803.92
2806.73
2813.70
2813.17
2802.64
2799.50
2806.67
2808.90
2810.91
2816.78
2815.88
2812.95
2812.59
2814.10
2813.20
2808.29
2803.83
2811.57
2806.86
2802.27
2803.50
2784.27
2874.25
2799.09
2805.10
3229.57
2805.24
2795.36
2819.38
2823.56
2835.11
2852.88
2852.80
2852.11
2860.14
2851.92
2861.63
2864.39
2860.88
2864.13
2871.89
2876.08
2907.00
2902.60
2881.29
2892.72
2888.81
2883.06
2882.89
2879.77
2888.00
2882.36
2880.11
2873.25
2873.67
2879.57
2883.08
2878.50
2876.21
2874.67
2750.62
2877.17
2875.00
2873.33
2871.50
2871.60
2874.89
2876.80
2873.62
2874.73
2875.00
2876.56
2876.08
2880.00
2878.50
2883.69
2887.80
2881.80
2884.00
2902.92
2903.21
2905.43
2914.79
2916.00
2913.83
2911.09
2917.31
2924.00
2931.44
2823.90
2925.00
2927.79
2930.70
2908.73
2947.62
2949.28
2934.47
2958.39
2909.85
2925.71
2983.64
3000.43
3004.65
3003.76
3010.74
3020.67
3016.44
3180.11
3037.32
3036.28
3041.33
3046.50
3039.36
3055.14
3053.05
3060.50
2997.29
3060.50
3065.62
3082.67
3082.00
3079.75
3083.83
3076.73
3144.56
3170.86
3173.70
3184.68
3214.65
3214.52
3168.76
3218.30
3210.14
3222.47
3224.00
3222.00
3220.67
3209.29
3208.08
3214.29
3212.60
3213.44
3212.40
3210.58
3213.25
3212.43
3208.80
3207.20
3201.40
3201.50
3193.67
3200.75
3187.38
3183.57
3186.43
3183.22
3182.92
3176.33
3175.56
3169.93
3169.00
3166.87
3164.84
3165.26
3165.00
3162.57
3157.94
3160.58
3160.00
3156.88
3161.43
3172.88
3162.27
3159.42
3167.20
3155.75
3141.00
3101.00
3061.19
3050.75
3051.10
3051.00
3054.83
3057.57
3058.55
3056.50
3052.67
3055.50
3054.00
3052.33
3054.71
3049.75
3050.63
3052.18
3038.67
3031.41
3038.67
3041.70
3041.12
3041.21
3028.09
3026.70
3022.10
3020.83
3021.72
3023.67
3026.88
3029.58
3018.62
3027.12
3037.00
3037.82
3039.06
3039.88
3039.87
3037.31
3038.50
3051.11
3048.15
3053.77
3055.50
3048.50
3048.33
3045.33
3054.50
3056.11
3053.33
3029.68
3030.13
3019.70
3028.31
2997.14
2990.50
2995.83
2992.12
2919.88
2985.00
2979.76
2979.86
2974.00
2971.95
2970.00
2969.93
2971.32
2969.91
2973.06
2968.93
2967.76
2970.42
2971.20
2966.28
2964.59
2959.94
2962.91
2964.24
2958.00
2960.27
2958.28
2948.41
2937.88
2932.25
2934.90
2935.38
2932.36
2917.67
2904.69
2913.38
2902.73
2799.50
2895.07
2883.40
2884.11
2891.89
2896.00
2894.57
2897.00
2900.25
2905.50
2653.00
2732.50
2904.25
2904.00
2905.75
2901.00
2900.33
2900.40
2902.00
2905.67
2955.27
2865.52
2712.69
2756.45
2850.00
2852.71
2850.30
2852.50
2857.18
2855.92
2850.67
2852.14
2878.59
2890.72
2850.96
2875.50
2896.69
2874.51
2871.86
2862.47
2868.12
2869.13
2879.53
2865.10
2864.20
2867.81
2868.22
2875.50
2869.62
2870.17
2878.64
2877.80
2876.20
2883.57
2878.12
2879.33
2878.12
2877.83
2880.33
2878.54
2870.89
2876.50
2876.11
2872.50
2872.71
2872.75
2872.75
2878.50
2877.00
2876.33
2892.85
2821.33
2907.29
2914.33
2916.89
2789.75
2914.71
2908.50
2834.43
2909.17
2652.75
2908.40
2910.62
2906.00
2908.67
2908.53
2868.24
2869.65
2917.69
2923.56
2929.57
2930.35
2933.11
2931.46
2927.30
2925.09
2887.54
2918.24
2913.00
2916.47
2923.00
2918.05
2911.25
2907.67
3087.69
2904.67
2906.19
2913.92
2915.38
2915.94
2914.27
2919.37
2922.00
2923.30
2923.75
2924.57
2922.41
2924.53
2921.92
2923.10
2927.33
2919.38
3240.89
2920.17
2924.18
2925.21
2925.00
2924.40
2925.60
2929.40
2933.70
2933.38
2938.00
2937.44
2931.78
2934.44
2931.87
2932.30
2932.71
2931.55
2930.67
2932.47
2930.25
2920.60
2929.23
2932.00
2939.00
2932.10
2925.11
2927.70
2924.60
2924.40
2926.45
2927.12
2924.50
2926.21
2933.00
2931.67
2925.88
2925.67
2927.00
2931.45
2931.00
2947.00
2975.38
2876.40
2929.67
2987.33
2984.50
2989.20
2996.20
2995.00
2995.50
2781.00
3002.15
2723.25
3003.60
2995.92
2995.75
2993.88
2993.87
2990.79
2996.22
2994.58
2996.12
2993.67
2994.50
3000.75
3003.50
2635.33
3005.25
3005.80
3005.00
3002.00
3010.25
3016.12
3062.00
3068.63
3221.24
3131.15
3119.84
3119.85
3124.79
3126.25
3127.08
3129.41
3128.50
3131.00
3134.36
3132.62
3133.42
3133.33
3130.79
3130.21
3138.00
3132.13
3134.78
3130.73
3135.78
3142.10
3142.25
3046.31
3184.80
3199.71
3154.45
3189.06
3226.59
3184.62
3200.32
3237.06
3246.69
3245.82
3267.62
3274.45
3277.38
3197.25
3285.20
3281.96
3230.26
3280.09
3287.83
3289.50
3060.50
3296.20
3300.67
3295.00
3295.38
3294.57
3313.48
3333.91
3333.67
3336.89
3339.24
3345.86
3708.71
3259.77
3285.50
3369.33
3380.68
3316.91
3384.57
3387.90
3592.00
3575.90
3569.69
3586.12
3594.83
3535.63
3615.24
3573.22
3628.15
3633.62
3651.83
3659.69
3669.65
3580.25
3666.71
3665.56
3597.88
3580.86
3663.67
3664.23
3668.15
3675.76
3676.36
3674.27
3675.29
3672.83
3672.00
3672.09
3670.92
3671.67
3671.86
3511.09
3672.00
3673.25
3672.55
3671.33
3673.00
3676.75
3679.00
3681.40
3672.11
3672.21
3715.19
3582.60
3497.56
3669.84
3676.94
3658.44
3657.35
3651.90
3646.76
3549.52
3505.20
3618.71
3620.44
3633.00
3624.00
3544.73
3522.00
3622.92
3629.57
3623.06
3622.29
3622.76
3583.61
3591.71
3584.21
3574.14
3570.41
3565.75
3556.89
3347.12
3549.57
3549.00
3549.00
3552.88
3551.20
3552.33
3548.00
3558.25
3556.64
3558.75
3558.50
3548.21
3548.76
3547.68
3547.68
3549.27
3544.23
3540.86
3550.44
3518.35
3484.22
3466.38
3466.59
3448.43
3444.13
3436.85
3437.19
3419.15
3415.74
3415.97
3386.89
3410.77
3306.00
3380.57
3380.43
3383.90
3292.76
3357.77
3301.58
3340.35
3335.56
3322.61
3318.38
3296.48
3288.84
3267.23
3256.07
3231.85
3225.94
3202.16
3244.10
3238.50
3195.06
3242.00
3249.41
3245.59
3249.75
3260.00
3259.30
3265.28
3253.17
3258.56
3165.93
3148.31
3251.75
3251.56
3239.67
3227.62
3230.93
3216.85
3213.52
3204.82
3213.56
3145.19
3199.60
3152.72
3090.75
3171.88
3086.69
3167.20
3105.19
3160.92
3163.94
3154.62
3061.43
3152.05
3099.42
3147.36
3117.89
3081.91
3084.32
3116.82
3113.44
3100.35
3094.95
3092.39
3092.61
3091.18
3093.00
3074.23
3072.31
3063.17
3061.22
3066.38
3052.60
3050.94
3042.55
3043.79
3042.87
3040.14
3035.78
3030.94
3033.60
3036.00
3029.65
3030.50
3032.07
3026.00
3030.10
3027.00
3027.00
3021.00
3025.94
3025.73
3028.17
3030.88
3031.29
3030.14
3024.50
3034.80
3035.71
3039.14
3035.58
3040.27
3041.12
3035.14
3036.29
3031.00
3030.14
3034.06
3026.67
3032.78
3030.06
3025.21
3021.33
3012.96
3007.85
3001.57
3007.67
3008.00
3008.70
3007.75
3002.17
3000.17
2995.60
2993.78
2997.18
2993.62
2995.88
2991.67
2989.93
2984.57
2985.67
2990.93
2988.24
2988.61
2989.81
2993.06
2991.12
3006.69
3009.75
2940.79
2968.32
2998.63
3019.70
3022.84
3019.37
3019.56
3014.85
3019.47
3013.29
3014.68
3017.55
3032.89
3032.60
3034.74
3036.00
3041.20
3039.15
3045.73
3043.05
3055.61
3060.82
3062.15
3073.20
3065.46
3064.88
3081.00
3090.85
3095.16
3093.65
3084.27
3087.00
3104.44
3100.00
3101.21
3106.75
3105.50
3103.88
3109.55
3104.35
3106.25
3105.17
3110.00
3111.57
3108.08
3111.71
3111.82
3110.47
3111.05
3109.04
3109.70
3107.91
3109.60
3098.44
3102.73
3103.38
3101.13
3091.29
3092.60
3091.90
3094.25
3092.25
3089.69
3097.73
3092.92
3091.62
3092.15
3090.25
3089.50
3091.40
3096.23
3092.26
3095.81
3090.24
3095.00
3087.10
3088.50
3087.04
3089.70
3071.39
3068.15
3061.40
3038.43
3041.72
3037.45
3033.68
3039.96
3057.60
3040.19
3036.35
3039.17
3045.16
3051.33
3056.38
2968.93
3368.02
3277.22
3118.39
3102.28
3097.60
4433.00
2953.83
3210.77
2268.50
3048.17
3054.14
3052.75
3049.08
3046.36
3046.67
3049.40
3053.33
3050.91
3052.33
3053.82
3058.12
3055.50
3061.60
3061.87
3050.44
3065.12
3053.30
3053.00
3054.05
3054.33
3053.86
3053.30
3054.15
3052.57
3049.20
3044.50
3046.56
3036.58
3046.29
3046.33
3049.07
3038.17
3040.54
3032.32
3034.10
3035.45
3036.75
3030.77
3027.33
3030.93
3028.08
3026.79
3026.00
3026.57
3003.42
2997.08
3000.67
2991.00
2994.90
2983.82
2985.07
2973.57
2971.55
2971.65
2971.67
2970.23
2972.50
2975.42
2969.57
2969.28
2978.83
2973.50
2973.48
2971.22
2969.12
2970.82
2968.83
2969.72
2962.37
2958.15
2956.00
2950.40
2950.45
2946.00
2948.90
2948.88
2943.88
2942.89
2946.50
2943.25
2941.64
2933.63
2935.30
2923.53
2917.10
2926.07
2916.73
2925.00
2927.50
2909.39
2883.25
2877.00
2875.00
2874.57
2875.58
2876.25
2877.11
2870.82
2866.36
2865.78
2865.44
2870.83
2871.00
2881.71
2871.50
2870.88
2866.19
2873.83
2878.75
2887.47
2899.57
2908.19
2896.44
2903.34
2913.65
2915.26
2894.25
2901.00
2896.52
2875.07
2887.00
2868.54
2864.62
2867.10
2864.80
2857.17
3014.73
2859.09
2854.75
2852.36
2852.92
2853.88
2853.88
2852.62
2852.94
2851.50
2844.43
2838.71
2838.82
2841.79
2833.10
2838.72
2835.04
2819.71
2820.00
2818.33
2821.75
2822.25
2829.62
2838.87
2845.19
2850.57
2849.88
2850.33
2861.33
2854.40
2861.27
2871.65
2880.22
2878.00
2879.38
2890.92
2892.25
2891.86
2890.78
2901.85
2909.00
2907.50
2906.33
2905.17
2906.31
2906.33
2905.67
2907.85
2908.10
2906.30
2909.33
2903.07
2905.15
2903.06
2907.62
2901.62
2908.24
2910.67
2912.59
2909.25
2918.50
2914.83
2914.29
2914.60
2904.40
2910.42
2916.69
2917.27
2914.33
2903.50
2905.50
2904.80
2904.20
2910.00
2912.10
2908.80
2914.50
2910.60
2912.69
2923.00
2914.15
2914.00
2925.78
2944.06
2952.09
2944.28
2943.65
2933.29
2933.67
2934.95
2931.36
2930.14
2922.27
2925.26
2920.62
2918.00
2918.17
2918.75
2917.47
2914.40
2911.12
2914.80
2913.00
2910.92
2917.54
2916.22
2909.10
2910.67
2909.00
2908.69
2904.75
2900.67
2900.67
2879.44
2881.05
2879.38
2879.00
2893.00
2908.11
2906.57
2902.43
2897.95
2908.45
2906.47
2915.94
2931.00
2931.93
2933.67
2935.40
2937.00
2933.29
2933.73
2929.80
2929.30
2928.00
2925.20
2916.85
2923.90
2925.14
2927.33
2912.40
2903.75
2894.07
2896.27
2891.62
2886.12
2893.09
2892.43
2889.45
2884.84
2875.17
2875.20
2882.40
2874.92
2869.50
2855.50
2855.74
2846.72
2842.37
2839.53
2848.92
2838.81
2845.97
2852.81
2856.00
2860.45
2872.19
2866.41
2918.65
2916.75
2922.78
2923.13
2930.00
2926.00
2931.75
2933.50
2933.00
2941.00
2939.25
2939.78
2939.57
2940.88
2940.89
2941.00
2941.17
2952.50
2947.00
2952.00
2947.22
2942.50
2940.30
2937.56
2937.54
2940.67
2938.67
2934.22
2929.70
2930.38
2934.20
2938.42
2942.05
2965.28
2968.57
2962.31
2974.69
2975.33
2991.17
2991.25
2992.38
2990.77
2995.83
2996.31
2990.27
2992.83
2994.70
2996.67
2993.75
2995.60
2991.62
2985.61
2977.79
2981.36
2976.44
2971.23
2973.11
2970.71
2971.83
2973.14
2978.83
2970.88
2971.11
2973.11
2981.06
2980.30
2977.26
2978.87
2978.23
2976.38
2979.50
2976.00
2980.33
2982.00
2970.13
2974.92
2983.21
2979.66
2977.00
2979.52
2972.87
2967.25
2962.00
2960.50
2961.50
2957.80
2959.12
2955.40
2962.75
2970.85
2976.87
2976.61
2978.08
2983.98
2985.82
2986.00
2982.72
2989.97
2979.74
2977.62
2987.95
2987.08
2982.25
2977.69
2983.18
2981.73
2963.41
2953.75
2942.96
2939.58
2946.62
2942.20
2885.44
2938.46
2938.27
2942.56
2951.20
2948.33
2948.20
2947.60
2950.50
2949.30
2948.55
2943.33
2940.80
2947.88
2949.77
2949.25
2948.00
2952.25
2951.10
2948.75
2951.89
2950.12
2946.71
2954.38
2949.83
2951.14
2953.89
2953.00
2951.17
2951.00
2963.94
2960.19
2965.17
2976.36
2978.50
2983.80
2982.58
2983.20
2986.60
2989.38
2987.92
2986.83
2989.92
2985.67
2987.61
2988.11
2988.85
2993.32
2997.80
3006.08
3012.00
3000.77
3030.00
3030.17
3022.86
2896.22
3092.62
3021.36
3025.00
3024.82
3023.71
3024.33
3022.50
3020.20
3027.50
3015.67
3025.08
3026.10
3027.80
3027.80
3036.76
3034.37
3041.20
3078.50
3082.00
3808.00
3259.67
3241.33
3218.18
3234.18
3186.53
3188.29
3188.62
3181.84
3186.40
3183.47
3180.59
3179.78
3184.00
3182.36
3183.07
3187.71
3180.83
3176.78
3181.89
3174.91
3177.09
3171.44
3167.50
3168.43
3170.50
3164.20
3166.29
3168.00
3164.67
3162.00
3164.00
3158.67
3157.33
3149.67
3148.23
3145.83
3141.85
3137.33
3127.29
3124.27
3123.83
3127.86
3125.62
3126.69
3124.33
3117.67
3133.36
3138.50
3280.18
3150.28
3155.30
3161.27
3158.45
3162.65
3150.59
3165.50
3163.59
3150.73
3151.43
3142.92
3141.36
3142.33
3142.11
3142.00
3142.33
3141.00
3141.17
3143.25
3143.10
3142.75
3138.25
3149.75
3143.50
3146.82
3145.44
3156.00
3152.50
3153.50
3153.67
3154.00
3159.50
3156.67
3156.40
3156.33
3157.20
3817.75
3335.40
3256.62
3256.77
3256.64
3259.60
3265.62
3263.33
3262.91
3253.18
3258.16
3244.83
3249.83
3254.80
3249.50
3249.60
3249.90
3244.00
3247.22
3248.00
3245.57
3244.00
3242.50
3571.34
3390.00
3305.49
3195.92
3315.40
3315.50
3313.14
3313.83
3320.00
3317.67
3319.00
3329.00
3327.62
3323.67
3323.67
3326.83
3325.60
3323.30
3602.11
3318.00
3325.77
3326.69
3333.73
3339.61
3326.00
3368.35
3354.05
3380.30
3377.00
3377.17
3379.88
3377.33
3376.75
3944.00
3374.33
3371.36
3367.58
3565.18
3663.40
3355.80
3544.60
3352.91
5672.00
3548.58
3358.50
3360.50
3361.25
3373.93
3378.75
3395.00
3396.00
3396.00
3396.50
3398.67
3400.50
3970.00
3841.00
3402.50
3400.00
3399.00
3401.50
3404.88
3402.67
3409.00
3408.17
3409.10
3412.92
3713.62
3412.30
3415.00
3420.60
3415.12
3418.44
3419.07
3420.69
3420.20
3415.91
3413.93
3416.82
3417.80
3895.07
3421.00
3422.00
3422.50
3421.00
3420.75
3419.50
3415.33
3414.00
3413.62
3411.43
3416.50
3416.11
3411.12
3415.22
3419.78
3417.18
3412.75
3412.57
3414.80
3417.17
3423.00
3422.38
3417.56
3421.00
3414.50
3415.33
3417.00
3420.75
3414.14
3416.50
3416.67
3415.50
3415.50
3417.17
3415.70
3416.17
3398.84
3382.69
3373.08
3629.50
3199.25
3387.00
3388.63
3388.69
3389.58
3387.83
3392.38
3392.58
3380.33
3386.80
3381.60
3386.86
3390.10
3388.89
3384.50
3385.60
3387.70
3390.40
3399.31
3392.00
3416.00
3414.85
3422.14
3421.78
3424.30
3421.60
3423.87
3430.79
3434.13
3441.09
3433.82
3442.18
3438.00
3447.00
3471.12
3478.13
3648.03
3979.31
3452.95
3813.35
3946.28
3838.07
3999.82
3949.26
3662.25
3678.51
3726.81
3909.48
4026.83
4112.99
4166.64
4300.07
4336.87
4480.51
4607.83
4678.38
4847.60
5176.68
5251.22
5254.00
5248.00
5250.76
5248.79
5247.77
5260.34
5274.09
5282.21
5280.47
5281.80
5283.00
5283.00
5290.56
5293.50
5291.67
5294.40
5294.83
5298.71
5300.75
5312.10
5304.94
5300.82
5300.25
5301.00
5317.27
5319.64
5319.11
5320.75
5323.50
5318.96
5316.50
5311.28
5311.75
5308.67
5313.33
5292.25
5303.46
5301.39
5282.40
5267.35
5270.96
5269.72
5255.36
5256.10
5242.53
5239.64
5226.72
5222.25
5215.86
5219.17
5214.36
5213.46
5212.89
5214.00
5221.50
5220.80
5217.62
5229.00
5238.20
5234.23
5238.20
5236.08
5247.60
5243.00
5241.17
5242.25
5244.38
5242.44
5240.00
5238.20
5235.16
5234.62
5237.92
5237.33
5238.50
5224.52
5220.65
5219.71
5215.00
5217.88
5218.75
5217.60
5218.14
5227.78
5223.83
5228.40
5232.00
5231.33
5236.43
5229.36
5230.12
5232.44
