 63.00  6377.9857  46.55   7.98    100
 1951 04 15 07 30 00
 15/04/1951, 07:30:00, RES=0.2500  APOD FN = TRI
 2884.946 2930.606 0.0500116653     913
  0.49130
  0.49130
  0.49130
  0.49130
  0.49130
  0.49130
  0.49130
  0.58860
  0.59192
  0.59207
  0.59364
  0.59261
  0.59074
  0.59466
  0.59065
  0.59120
  0.59360
  0.59152
  0.58872
  0.58798
  0.59012
  0.58601
  0.58218
  0.58112
  0.58148
  0.57850
  0.57489
  0.57658
  0.58620
  0.59101
  0.59034
  0.58833
  0.58842
  0.58630
  0.58121
  0.57614
  0.57822
  0.58023
  0.58602
  0.58680
  0.58753
  0.58909
  0.58994
  0.59012
  0.58597
  0.59080
  0.59023
  0.58718
  0.58620
  0.58851
  0.58590
  0.57176
  0.57091
  0.57467
  0.56623
  0.56378
  0.56755
  0.56368
  0.56546
  0.57133
  0.57315
  0.57142
  0.56637
  0.57663
  0.58422
  0.58584
  0.58831
  0.59462
  0.59153
  0.58874
  0.59057
  0.59458
  0.59947
  0.59973
  0.60488
  0.59970
  0.59679
  0.59591
  0.59437
  0.59113
  0.59355
  0.59283
  0.59120
  0.58718
  0.58308
  0.58366
  0.58785
  0.59628
  0.59270
  0.59109
  0.59190
  0.58861
  0.59310
  0.60226
  0.59910
  0.59521
  0.59857
  0.59683
  0.58041
  0.58335
  0.58264
  0.58160
  0.58424
  0.58158
  0.58501
  0.58023
  0.58050
  0.57936
  0.57258
  0.57174
  0.56552
  0.56771
  0.56995
  0.57213
  0.56946
  0.57007
  0.57000
  0.56850
  0.57994
  0.58388
  0.58335
  0.58282
  0.58655
  0.58915
  0.58985
  0.58860
  0.58584
  0.58415
  0.59092
  0.58798
  0.58264
  0.58068
  0.57796
  0.58368
  0.57346
  0.57356
  0.57708
  0.57970
  0.57567
  0.57106
  0.57775
  0.57274
  0.57098
  0.57445
  0.57330
  0.58024
  0.57667
  0.57747
  0.58032
  0.58149
  0.58520
  0.58620
  0.58559
  0.58027
  0.57997
  0.58006
  0.57790
  0.57650
  0.57169
  0.57204
  0.57411
  0.58447
  0.58255
  0.58264
  0.58371
  0.58193
  0.58078
  0.57636
  0.58217
  0.57572
  0.56814
  0.56206
  0.55864
  0.55914
  0.55967
  0.56156
  0.56380
  0.56154
  0.56660
  0.56234
  0.56020
  0.55451
  0.54925
  0.54941
  0.55006
  0.54694
  0.54302
  0.54961
  0.53787
  0.53782
  0.54676
  0.55584
  0.55833
  0.56726
  0.56941
  0.57727
  0.57187
  0.57213
  0.57080
  0.57359
  0.57363
  0.56893
  0.56979
  0.57266
  0.57356
  0.57586
  0.57267
  0.57596
  0.57017
  0.57134
  0.57427
  0.57116
  0.56567
  0.57021
  0.56492
  0.55692
  0.54081
  0.53925
  0.53167
  0.52703
  0.51756
  0.49980
  0.49789
  0.50388
  0.49579
  0.49182
  0.49233
  0.49540
  0.49690
  0.49148
  0.50956
  0.49655
  0.49927
  0.50528
  0.50317
  0.51003
  0.49973
  0.48788
  0.47719
  0.47233
  0.46486
  0.46291
  0.46115
  0.45491
  0.44528
  0.47760
  0.53406
  0.53789
  0.40209
  0.33434
  0.31618
  0.31215
  0.31059
  0.27965
  0.27500
  0.24420
  0.25583
  0.24249
  0.24012
  0.23807
  0.23893
  0.25498
  0.26132
  0.26729
  0.30458
  0.29946
  0.46420
  0.36469
  0.37615
  0.36354
  0.55904
  0.41958
  0.48548
  0.41012
  0.41697
  0.42187
  0.41507
  0.43905
  0.45151
  0.45817
  0.45281
  0.45904
  0.45791
  0.45888
  0.55780
  0.47017
  0.45158
  0.45165
  0.60136
  0.61942
  0.61345
  0.25611
  0.58007
  0.46020
  0.80994
  0.51893
  0.48046
  0.39673
  0.57665
  0.57705
  0.57170
  0.58402
  0.60573
  0.58093
  0.56127
  0.56598
  0.57341
  0.58302
  0.58005
  0.50139
  0.43654
  0.42604
  0.43345
  0.43203
  0.43156
  0.43683
  0.44095
  0.47043
  0.49744
  0.47805
  0.53907
  0.50191
  0.49214
  0.49839
  0.49996
  0.50611
  0.49460
  0.49406
  0.49236
  0.49884
  0.48656
  0.48786
  0.50134
  0.49910
  0.48849
  0.49372
  0.49189
  0.50016
  0.48940
  0.50028
  0.50784
  0.52682
  0.52978
  0.61807
  0.73313
  0.66033
  0.51126
  0.68149
  0.67848
  0.64168
  0.65423
  0.56013
  0.62206
  0.63955
  0.65057
  0.59150
  0.59771
  0.61081
  0.59626
  0.62462
  0.62205
  0.60855
  0.59602
  0.56756
  0.57368
  0.59260
  0.54419
  0.50502
  0.54144
  0.52876
  0.52879
  0.51182
  0.50797
  0.47862
  0.63031
  0.57436
  0.57311
  0.56946
  0.56911
  0.57330
  0.58933
  0.59354
  0.59563
  0.59450
  0.59092
  0.58834
  0.58914
  0.58887
  0.58860
  0.58825
  0.58455
  0.56600
  0.55006
  0.55958
  0.57025
  0.57311
  0.57774
  0.57765
  0.58228
  0.58511
  0.57785
  0.59332
  0.59499
  0.59439
  0.59499
  0.59020
  0.59003
  0.58856
  0.58475
  0.58425
  0.58531
  0.58833
  0.58628
  0.58241
  0.56314
  0.55626
  0.55806
  0.55317
  0.55776
  0.56037
  0.56795
  0.56550
  0.56398
  0.56576
  0.56753
  0.56283
  0.55680
  0.55847
  0.55364
  0.54875
  0.54819
  0.54594
  0.53566
  0.50760
  0.49833
  0.50910
  0.51259
  0.59485
  0.53750
  0.54057
  0.54981
  0.55473
  0.56993
  0.57026
  0.56991
  0.58222
  0.58663
  0.58673
  0.58896
  0.58918
  0.58264
  0.58353
  0.58293
  0.56950
  0.58296
  0.57765
  0.57029
  0.57302
  0.57685
  0.57359
  0.56933
  0.60990
  0.54159
  0.53056
  0.52663
  0.48249
  0.47519
  0.47621
  0.47706
  0.47202
  0.47183
  0.47722
  0.48135
  0.48128
  0.47750
  0.47935
  0.50962
  0.49718
  0.49825
  0.49920
  0.49132
  0.48285
  0.48276
  0.48274
  0.47487
  0.45388
  0.49917
  0.53167
  0.60555
  0.53767
  0.56656
  0.58964
  0.51884
  0.50555
  0.48260
  0.50075
  0.35944
  0.35954
  0.48911
  0.30379
  0.28960
  0.25340
  0.24850
  0.24486
  0.24158
  0.25019
  0.32044
  0.40913
  0.24323
  0.44507
  0.48577
  0.50629
  0.52828
  0.48950
  0.55561
  0.53023
  0.53479
  0.56191
  0.52146
  0.41906
  0.42223
  0.45430
  0.43570
  0.44580
  0.43865
  0.44407
  0.45538
  0.44996
  0.48310
  0.44878
  0.45740
  0.42401
  0.41995
  0.41508
  0.43909
  0.42067
  0.41422
  0.41459
  0.45456
  0.44319
  0.40142
  0.42559
  0.48469
  0.54706
  0.52197
  0.31800
  0.32342
  0.30979
  0.51444
  0.28229
  0.41166
  0.36549
  0.25341
  0.22834
  0.25949
  0.36807
  0.21800
  0.21802
  0.21976
  0.21825
  0.36081
  0.19977
  0.19598
  0.18664
  0.20499
  0.18673
  0.18604
  0.18374
  0.18801
  0.21808
  0.21531
  0.45544
  0.24938
  0.24657
  0.43526
  0.23929
  0.29155
  0.44157
  0.46429
  0.51160
  0.54306
  0.39207
  0.52270
  0.45744
  0.52821
  0.44750
  0.43432
  0.50274
  0.45592
  0.44038
  0.44218
  0.52243
  0.52831
  0.50203
  0.53186
  0.44859
  0.45735
  0.56270
  0.58428
  0.48425
  0.47456
  0.52282
  0.51160
  0.56266
  0.51089
  0.49901
  0.50384
  0.49807
  0.49912
  0.49827
  0.49836
  0.49709
  0.49841
  0.48920
  0.51591
  0.48580
  0.48845
  0.50023
  0.50004
  0.53642
  0.51601
  0.52504
  0.52824
  0.54136
  0.59202
  0.56109
  0.55574
  0.55682
  0.57304
  0.58145
  0.56781
  0.58004
  0.56991
  0.57062
  0.57766
  0.58235
  0.57282
  0.52538
  0.52472
  0.51881
  0.56902
  0.53886
  0.54547
  0.55741
  0.56038
  0.57329
  0.57000
  0.57583
  0.59226
  0.58083
  0.58013
  0.57929
  0.58653
  0.58396
  0.57939
  0.61426
  0.59696
  0.57863
  0.57664
  0.57768
  0.57637
  0.55077
  0.55023
  0.55745
  0.55976
  0.56145
  0.55994
  0.74065
  0.58047
  0.58426
  0.58860
  0.58708
  0.58488
  0.58673
  0.58807
  0.58996
  0.58777
  0.59272
  0.58860
  0.55608
  0.54283
  0.53982
  0.55700
  0.55847
  0.56738
  0.56679
  0.56733
  0.56831
  0.57160
  0.57906
  0.58828
  0.60798
  0.59216
  0.59806
  0.59749
  0.60022
  0.59293
  0.58609
  0.58255
  0.58228
  0.58165
  0.58753
  0.59055
  0.59073
  0.58778
  0.58540
  0.58290
  0.58464
  0.58095
  0.58023
  0.57863
  0.58833
  0.58513
  0.57702
  0.57543
  0.57507
  0.57226
  0.56804
  0.56777
  0.56902
  0.61544
  0.54347
  0.53884
  0.53132
  0.52231
  0.51463
  0.51480
  0.50595
  0.48710
  0.48634
  0.47706
  0.45863
  0.45599
  0.48040
  0.48758
  0.49115
  0.49508
  0.50510
  0.51617
  0.52432
  0.53572
  0.54070
  0.57335
  0.56187
  0.55976
  0.56003
  0.60498
  0.58184
  0.59524
  0.57925
  0.57851
  0.57869
  0.56976
  0.56856
  0.57223
  0.56652
  0.57152
  0.56302
  0.57758
  0.55906
  0.52268
  0.50706
  0.50978
  0.51531
  0.51646
  0.53252
  0.53653
  0.54053
  0.53644
  0.53816
  0.55221
  0.55112
  0.56160
  0.56393
  0.56243
  0.62191
  0.56950
  0.57022
  0.56971
  0.56665
  0.56638
  0.55977
  0.56009
  0.55851
  0.56412
  0.55664
  0.55780
  0.55700
  0.55262
  0.55062
  0.54306
  0.52649
  0.52568
  0.53758
  0.49951
  0.49405
  0.50152
  0.46896
  0.50639
  0.43594
  0.42582
  0.43460
  0.44449
  0.44665
  0.45908
  0.44750
  0.55004
  0.52235
  0.51038
  0.50448
  0.50875
  0.52223
  0.53177
  0.53474
  0.53875
  0.53920
  0.53844
  0.54356
  0.54604
  0.54592
  0.55042
  0.53867
  0.52725
  0.52531
  0.52753
  0.52919
  0.52976
  0.53715
  0.51909
  0.53590
  0.53257
  0.53652
  0.53989
  0.56862
  0.54952
  0.55442
  0.55869
  0.56706
  0.56553
  0.56251
  0.57115
  0.57272
  0.57316
  0.56501
  0.56114
  0.56193
  0.56083
  0.55877
  0.55869
  0.55985
  0.56537
  0.55682
  0.56068
  0.56876
  0.58098
  0.57316
  0.55572
  0.55659
  0.55051
  0.54694
  0.54925
  0.54810
  0.55073
  0.55116
  0.54983
  0.55442
  0.55362
  0.55317
  0.54730
  0.54461
  0.54053
  0.54150
  0.51115
  0.51240
  0.51480
  0.51127
  0.51250
  0.51899
  0.51899
  0.51384
  0.49291
  0.47642
  0.49626
  0.48320
  0.47758
  0.42642
  0.46845
  0.47017
  0.46958
  0.46910
  0.47012
  0.46994
  0.47161
  0.47550
  0.47489
  0.45177
  0.40136
  0.30908
  0.15638
  0.13454
  0.13202
  0.14058
  0.14938
  0.14457
  0.14844
  0.14849
  0.49130
  0.49130
  0.49130
  0.49130
  0.49130
  0.49130
  0.49130