 63.00  6377.9857  46.55   7.98    100
 1951 04 15 07 30 00
 15/04/1951, 07:30:00, RES=0.2500  APOD FN = TRI
 2884.946 2929.232 0.0500409261     885
  0.36930
  0.71775
  0.58000
  0.67973
  0.71858
  0.62579
  0.63545
  0.62540
  0.62996
  0.55928
  0.58035
  0.55941
  0.58071
  0.55432
  0.52984
  0.51943
  0.48960
  0.49473
  0.69106
  0.71357
  0.70940
  0.68248
  0.76882
  0.44524
  0.53271
  0.69249
  0.66355
  0.64560
  0.66580
  0.64630
  0.79697
  0.70670
  0.69608
  0.74979
  0.71513
  0.63624
  0.64093
  0.58046
  0.52338
  0.62160
  0.57114
  0.64365
  0.67534
  0.66129
  0.66489
  0.63335
  0.68484
  0.68299
  0.78767
  0.45624
  0.51245
  0.58747
  0.59388
  0.62079
  0.60746
  0.63373
  0.61544
  0.63849
  0.60854
  0.61223
  0.59883
  0.51763
  0.50508
  0.53177
  0.51977
  0.55075
  0.56588
  0.51869
  0.67862
  0.69318
  0.65871
  0.64927
  0.68017
  0.64710
  0.72802
  0.59965
  0.56380
  0.56210
  0.56036
  0.55720
  0.55764
  0.57121
  0.58038
  0.58135
  0.58253
  0.58041
  0.57519
  0.57503
  0.57599
  0.57641
  0.57562
  0.57569
  0.56121
  0.53591
  0.53765
  0.55550
  0.56078
  0.56213
  0.56514
  0.56998
  0.57137
  0.56838
  0.58010
  0.58096
  0.58261
  0.57768
  0.57794
  0.57714
  0.57597
  0.57557
  0.57051
  0.57235
  0.57467
  0.57289
  0.57471
  0.54963
  0.54624
  0.54816
  0.54234
  0.54856
  0.54929
  0.55719
  0.55388
  0.55265
  0.55582
  0.55629
  0.55512
  0.54756
  0.54291
  0.54162
  0.53951
  0.53848
  0.53661
  0.53173
  0.49440
  0.48982
  0.48819
  0.50200
  0.51122
  0.52882
  0.52926
  0.53512
  0.53874
  0.55386
  0.55882
  0.55862
  0.56140
  0.57268
  0.57191
  0.57429
  0.57682
  0.56997
  0.57291
  0.57468
  0.57153
  0.57183
  0.56637
  0.56209
  0.56210
  0.56539
  0.56472
  0.56054
  0.53793
  0.53133
  0.52224
  0.52098
  0.47587
  0.46965
  0.47092
  0.47185
  0.46622
  0.46015
  0.47000
  0.47508
  0.47577
  0.47347
  0.47153
  0.49088
  0.49007
  0.49112
  0.48762
  0.48761
  0.47751
  0.47727
  0.47725
  0.44704
  0.44655
  0.44601
  0.42970
  0.41825
  0.41836
  0.53354
  0.59735
  0.37435
  0.47767
  0.54040
  0.34115
  0.29932
  0.29416
  0.27546
  0.26473
  0.25263
  0.23918
  0.23842
  0.23724
  0.23814
  0.23875
  0.24024
  0.24322
  0.24171
  0.29041
  0.29311
  0.29723
  0.45171
  0.54475
  0.43561
  0.58668
  0.38771
  0.40660
  0.41461
  0.42485
  0.42235
  0.43340
  0.42884
  0.43776
  0.43822
  0.43454
  0.43304
  0.42136
  0.42116
  0.41955
  0.41803
  0.41389
  0.40858
  0.40844
  0.40379
  0.40348
  0.39296
  0.38282
  0.37616
  0.37639
  0.37874
  0.35681
  0.32216
  0.32031
  0.31133
  0.31391
  0.27938
  0.27157
  0.26196
  0.30637
  0.23861
  0.23866
  0.23172
  0.22401
  0.20971
  0.20548
  0.21050
  0.21048
  0.20057
  0.19781
  0.19805
  0.19813
  0.19731
  0.19707
  0.19678
  0.19556
  0.19722
  0.20383
  0.20961
  0.22251
  0.21551
  0.22484
  0.23668
  0.24054
  0.24663
  0.26507
  0.27785
  0.28894
  0.31144
  0.32524
  0.33691
  0.36020
  0.40790
  0.39791
  0.40711
  0.39507
  0.40840
  0.41997
  0.43447
  0.43697
  0.44198
  0.44536
  0.46523
  0.46726
  0.47806
  0.48548
  0.49165
  0.49956
  0.49366
  0.49230
  0.49186
  0.49325
  0.49268
  0.49063
  0.48954
  0.48875
  0.49021
  0.50204
  0.47025
  0.47456
  0.49128
  0.48920
  0.49459
  0.50561
  0.51290
  0.51861
  0.52846
  0.54085
  0.54942
  0.54925
  0.54804
  0.55529
  0.55334
  0.55483
  0.56754
  0.56160
  0.56121
  0.56208
  0.56927
  0.53511
  0.51619
  0.51452
  0.52227
  0.52944
  0.54031
  0.54028
  0.54902
  0.56200
  0.56334
  0.56202
  0.57091
  0.57070
  0.56986
  0.56846
  0.57197
  0.57066
  0.56843
  0.58340
  0.58132
  0.57049
  0.56838
  0.56964
  0.55497
  0.54377
  0.54374
  0.54798
  0.55175
  0.55380
  0.55188
  0.56120
  0.57398
  0.57322
  0.57398
  0.57354
  0.57512
  0.57526
  0.57457
  0.57440
  0.57433
  0.57972
  0.57918
  0.53999
  0.53309
  0.53332
  0.54685
  0.54949
  0.55943
  0.55891
  0.55959
  0.56020
  0.56266
  0.57196
  0.57805
  0.58151
  0.58201
  0.58514
  0.58568
  0.58493
  0.58067
  0.57356
  0.57373
  0.57341
  0.57262
  0.57890
  0.57904
  0.58020
  0.57877
  0.57541
  0.57116
  0.57245
  0.57224
  0.57074
  0.57118
  0.57753
  0.57308
  0.56840
  0.56744
  0.56693
  0.56016
  0.56000
  0.56088
  0.56140
  0.54145
  0.53412
  0.53025
  0.51371
  0.51002
  0.51052
  0.50873
  0.48432
  0.47637
  0.47480
  0.45623
  0.45235
  0.45771
  0.48451
  0.48596
  0.48884
  0.49688
  0.50861
  0.51600
  0.52917
  0.53036
  0.55193
  0.55406
  0.55277
  0.55331
  0.56460
  0.57509
  0.57006
  0.57108
  0.57071
  0.57270
  0.56256
  0.55852
  0.55952
  0.56010
  0.55742
  0.55288
  0.54614
  0.53206
  0.52526
  0.50360
  0.50367
  0.50892
  0.51257
  0.52268
  0.53053
  0.53266
  0.53458
  0.53233
  0.54042
  0.54513
  0.54620
  0.55603
  0.55612
  0.55537
  0.55986
  0.56163
  0.56042
  0.55997
  0.55550
  0.55212
  0.55412
  0.55342
  0.55230
  0.55085
  0.55185
  0.55137
  0.54080
  0.54081
  0.53877
  0.51954
  0.51750
  0.50572
  0.49245
  0.48996
  0.48017
  0.45228
  0.42866
  0.42677
  0.42651
  0.42661
  0.43659
  0.44561
  0.44699
  0.46594
  0.47570
  0.49495
  0.49725
  0.50406
  0.51139
  0.52412
  0.52926
  0.53436
  0.53475
  0.53371
  0.53896
  0.54064
  0.54074
  0.53687
  0.53319
  0.52444
  0.52185
  0.52187
  0.52420
  0.52460
  0.53303
  0.53274
  0.53191
  0.53035
  0.53147
  0.53489
  0.54175
  0.54516
  0.54848
  0.55153
  0.56043
  0.56083
  0.55695
  0.56467
  0.56718
  0.56874
  0.56023
  0.55553
  0.55520
  0.55565
  0.55403
  0.55366
  0.55527
  0.55622
  0.55185
  0.55311
  0.57094
  0.56677
  0.55210
  0.55010
  0.55093
  0.54161
  0.54390
  0.54454
  0.54363
  0.54718
  0.54385
  0.54907
  0.54941
  0.54902
  0.54686
  0.54281
  0.53670
  0.53660
  0.52653
  0.51003
  0.51125
  0.51404
  0.51883
  0.51443
  0.51667
  0.51641
  0.51417
  0.49836
  0.49946
  0.48618
  0.48603
  0.47792
  0.48060
  0.47270
  0.47123
  0.46978
  0.47136
  0.47032
  0.47109
  0.47598
  0.47588
  0.46960
  0.36105
  0.28690
  0.25018
  0.16303
  0.15603
  0.15209
  0.15261
  0.16601
  0.16688
  0.16432
  0.16738
  0.16617
  0.16691
  0.16280
  0.15948
  0.15848
  0.15765
  0.15923
  0.16350
  0.16650
  0.15933
  0.15857
  0.15982
  0.15798
  0.35837
  0.33527
  0.71828
  0.66419
  0.68758
  0.63033
  0.67051
  0.65233
  0.68683
  0.70464
  0.69280
  0.66882
  0.71494
  0.76049
  0.79113
  0.45193
  0.41786
  0.66210
  0.68255
  0.66639
  0.65628
  0.67724
  0.65052
  0.71713
  0.69446
  0.68269
  0.68263
  0.68259
  0.62118
  0.64025
  0.64928
  0.69516
  0.68058
  0.67820
  0.69619
  0.70531
  0.66235
  0.64786
  0.66447
  0.67064
  0.66193
  0.74928
  0.52917
  0.67341
  0.67439
  0.68410
  0.69410
  0.65646
  0.62694
  0.62372
  0.67844
  0.68114
  0.65786
  0.66695
  0.65700
  0.66828
  0.64713
  0.65188
  0.64446
  0.63316
  0.67265
  0.66605
  0.71968
  0.72921
  0.66750
  0.65451
  0.64925
  0.87549
  0.56244
  0.37766
  0.66590
  0.71105
  0.66639
  0.66551
  0.69894
  0.69349
  0.69634
  0.70343
  0.74574
  0.66377
  0.75636
  0.71728
  0.67033
  0.62317
  0.65405
  0.64957
  0.66928
  0.70705
  0.64447
  0.68377
  0.67788
  0.65360
  0.64504
  0.64122
  0.75651
  0.55761
  0.54137
  0.70176
  0.66419
  0.68888
  0.65614
  0.71230
  0.72647
  0.69711
  0.69307
  0.69039
  0.69222
  0.68154
  0.67304
  0.66869
  0.67685
  0.67821
  0.65422
  0.67518
  0.67335
  0.69543
  0.72886
  0.69913
  0.69848
  0.67544
  0.83749
  0.64196
  0.41871
  0.60519
  0.67193
  0.65769
  0.63389
  0.66908
  0.70375
  0.63771
  0.71891
  0.68916
  0.68027
  0.70694
  0.66072
  0.57537
  0.56320
  0.61383
  0.61503
  0.64411
  0.68595
  0.68742
  0.66812
  0.70257
  0.71495
  0.66694
  0.68398
  0.77039
  0.57018
  0.62129
  0.66466
  0.60855
  0.66687
  0.67259
  0.66767
  0.66037
  0.67629
  0.67021
  0.65264
  0.66733
  0.65250
  0.64336
  0.64730
  0.65268
  0.63178
  0.62034
  0.64073
  0.68710
  0.68365
  0.76486
  0.72999
  0.68792
  0.66605
  0.69839
  0.81465
  0.44833
  0.41607
  0.66853
  0.65893
  0.62058
  0.67090
  0.69410
  0.69299
  0.67308
  0.58860
  0.67046
  0.77001
  0.78066
  0.73041
  0.71906
  0.69736
  0.65524
  0.63321
  0.62893
  0.71315
  0.70827
  0.73310
  0.67968
  0.75374
  0.75881
  0.79874
  0.60885
  0.55872
  0.67653
  0.71297
  0.73468
  0.69766
  0.69969
  0.72180
  0.71887
  0.71657
  0.76996
  0.68647
  0.68258
  0.68845
  0.65328
  0.64085
  0.66121
  0.65400
  0.68993
  0.67020
  0.68117
  0.68338
  0.70842
  0.65358
  0.69161
  0.72372
  0.86437
  0.46049
  0.65831
  0.68604
  0.66100
  0.69674
  0.71404
  0.74360
  0.75598
  0.72305
  0.69924
  0.73362
  0.79827
  0.80961
  0.70761
  0.71045
  0.70105
  0.68330
  0.72255
  0.68404
  0.71978
  0.71223
  0.67183
  0.67201
  0.62650
  0.58516
  0.62720
  0.75141
  0.47015
  0.61533
  0.60705
  0.54196
  0.56272
  0.60098
  0.59763
  0.62552
  0.59395
  0.60259
  0.58061
  0.57719
  0.58205
  0.61098
  0.58851
  0.56896
  0.55263
  0.50407
  0.54861
  0.61632