3299.50
3299.50
3299.50
3299.50
3299.50
3299.50
3299.50
3299.50
3299.50
3299.50
3299.50
3299.50
3299.50
3299.50
3299.50
3299.50
3299.50
3299.50
3299.50
3299.50
3299.50
3299.50
3299.50
3299.50
3299.50
3299.50
3299.50
3299.50
3299.50
3299.50
3299.50
3299.50
3299.50
3299.50
3299.50
3299.50
3299.50
3299.50
3299.50
3299.50
3299.50
3299.50
3299.50
3299.50
3299.50
3299.50
3299.50
3299.50
3299.50
3299.50
3299.50
3299.50
3299.50
3299.50
3299.50
3299.50
3299.50
3299.50
3299.50
3299.50
3299.50
3299.50
3299.50
3299.50
3299.50
3299.50
3299.50
3299.50
3299.50
3299.50
2988.92
4428.33
3141.50
2946.00
2985.86
3251.43
2791.89
2628.85
3159.10
2664.40
2867.64
2695.11
2650.01
2833.65
3202.00
1968.00
3048.97
2822.82
3214.33
3200.33
3067.00
2975.10
2909.33
3267.41
2971.43
2837.35
2987.48
2878.05
2930.76
2967.88
2438.05
2492.25
3984.67
3250.58
3813.81
4051.94
4194.00
3001.75
1973.00
1972.00
3146.46
3003.71
3550.42
1966.50
3684.57
1966.50
1967.00
2475.47
3018.92
2897.01
1972.00
1968.33
3182.20
2828.10
2915.68
2953.53
2882.09
2908.01
2508.24
2996.69
1628.77
2910.17
1865.67
2866.08
2597.54
2462.96
3005.05
2935.04
2884.73
2899.58
2955.76
2894.25
2882.97
2636.68
2847.41
2938.03
3044.40
3048.31
3051.60
2832.44
2885.12
4195.38
3028.54
3225.68
2638.68
2824.36
3292.60
3144.85
2876.14
2926.93
3188.28
3168.58
3172.53
2861.10
3014.52
3023.55
3384.88
3279.19
2958.63
2929.58
2936.44
2945.42
2954.06
3280.73
2958.29
2998.93
2957.97
2891.57
3047.74
3263.27
3224.37
3204.84
2943.66
2987.84
3277.21
2963.02
3087.39
2993.16
3038.35
3043.44
3176.85
3161.45
3076.94
3115.05
3021.62
3020.63
2987.74
3089.56
3053.23
3030.86
3181.99
3195.63
3214.30
3018.45
3079.93
3065.11
5201.71
3126.92
3252.00
3261.27
3144.86
3245.50
3143.54
3228.47
3376.81
3433.38
3396.34
3418.01
3510.97
3565.35
3578.99
3559.82
3577.82
3543.25
3872.94
3634.04
3548.23
3662.99
3602.82
3639.68
3639.30
3633.92
3798.03
3596.55
3657.86
3661.24
3650.36
3623.09
3593.38
3653.28
2716.09
3650.63
3665.61
3666.29
3611.64
3530.79
3687.29
3632.45
3686.04
3711.92
3646.64
3681.73
3664.71
3707.91
3657.90
3656.11
3677.49
3678.06
3663.69
3666.12
3725.95
3702.13
3679.57
3662.47
3698.20
3708.06
3711.08
3671.83
3691.03
3682.64
3713.48
3570.27
3591.38
3335.97
3660.48
3737.28
3690.90
3448.36
3673.50
3743.68
3722.90
3693.71
3674.63
3405.14
3475.99
3718.27
3675.76
3582.09
3570.89
2513.20
3996.33
3015.42
2634.50
3151.07
2895.98
2962.09
3693.93
3731.65
3567.89
3499.11
2210.67
3720.66
3583.56
3326.38
3261.36
3143.94
3713.13
3617.29
3192.60
3374.36
3457.96
3598.87
3318.79
3637.38
3417.38
3623.83
3417.93
3403.60
3573.59
3648.35
3381.68
3351.63
3395.99
3550.67
3695.42
3687.30
3691.66
3645.12
3450.32
3381.18
3295.65
3541.13
3577.72
3535.52
3383.90
3300.09
3295.60
3277.08
3366.32
3238.32
2889.32
2626.80
2626.69
2786.87
3024.38
3027.89
3184.01
3217.83
3168.47
3313.51
3398.92
3468.97
3646.73
3580.35
3678.51
3680.99
3629.21
3618.68
3666.92
3607.29
3561.09
3473.82
3672.89
3694.17
3708.86
3664.73
3593.94
3480.46
3482.29
3515.41
3159.40
3314.06
3202.83
3136.25
3166.90
2477.03
3155.98
3173.99
3132.67
3119.31
3097.39
3116.31
3170.03
3120.37
3277.81
3197.68
3202.31
3206.52
3140.58
3148.79
3272.92
3293.00
3281.02
3376.93
3412.10
3383.20
3401.85
3379.54
3271.20
3244.59
3370.78
3219.73
3372.89
3416.65
3203.20
3330.75
3405.43
2915.08
3200.90
3345.26
3207.79
3374.43
3418.55
3414.65
3228.63
3222.28
3431.71
3428.58
3263.26
3235.86
3190.76
3467.06
3312.31
3232.49
3274.71
3419.25
3354.16
3254.63
3364.29
2542.73
3314.34
3302.40
3288.73
3291.94
3415.82
3277.20
3234.73
3303.19
3287.80
3375.05
3269.63
3296.16
3310.92
3287.25
3275.52
3239.26
3702.22
3636.31
3230.97
3494.05
3389.68
3291.17
3275.81
3238.20
3313.59
3270.51
3288.60
3238.07
3223.48
3378.35
3639.44
3286.29
3261.84
3319.89
3802.56
3266.10
3279.80
3770.87
3251.51
3267.37
3440.09
3706.58
3657.86
3702.40
3472.71
3288.99
3323.13
3325.99
3552.78
3722.36
3880.72
3370.19
3335.35
3233.83
3232.45
3505.27
3683.52
3373.85
3340.84
3374.81
3399.04
3300.82
3283.24
3296.58
3271.85
3533.60
3546.36
3307.26
3471.22
3435.57
3254.70
3405.93
3315.90
3286.24
3365.90
3335.21
3300.98
3337.81
3271.10
3271.53
3297.03
3331.68
3276.25
3386.73
3391.13
3370.24
3380.88
3322.18
3414.73
3294.92
3447.11
3387.95
3530.84
3909.93
3415.10
3774.43
3246.65
3375.96
3189.55
3359.78
3251.10
3370.91
3582.27
3401.04
3353.71
3376.56
3544.44
3412.30
3378.83
3383.90
3370.43
3400.31
3281.78
3223.14
3272.21
3340.72
3322.41
3294.87
3306.45
3406.10
3393.99
3385.06
3436.99
3325.37
3320.90
3297.18
3286.90
3222.38
3220.07
3368.16
3251.05
3212.27
3182.57
3176.08
3221.37
3238.94
3202.72
3236.62
3041.33
3230.10
3288.57
3339.10
3202.16
3222.14
3421.72
3340.38
3399.27
3388.52
3253.51
3257.02
3367.94
3435.46
3312.68
3279.12
3259.71
3216.67
3240.95
3203.59
3255.59
3181.66
3084.35
3098.25
3310.76
3283.43
3199.98
3010.09
2942.71
2937.07
3019.55
3293.01
2968.91
2923.47
2958.71
2957.82
2962.69
3033.77
3272.27
3250.64
2928.99
3312.73
3040.68
2973.31
2923.83
2911.79
3138.76
3114.03
3337.02
3276.18
3282.70
2964.05
3149.23
3130.44
2762.78
2998.32
3216.23
3277.55
3258.56
2804.07
2848.69
2882.00
2655.99
2707.91
3197.89
3298.30
2661.04
2342.73
2132.67
2075.23
1890.05
1720.02
1690.85
1868.68
1916.64
2275.27
2512.47
2840.40
3005.96
3239.68
3475.26
3485.34
3590.32
3301.91
3350.17
3732.36
3467.68
3451.60
3491.52
3531.55
3509.07
3601.45
3588.30
3578.20
3516.08
3495.28
3625.25
3240.14
3138.41
3416.74
2989.26
2980.73
2684.57
2885.69
2522.28
3266.58
3236.94
2464.28
2707.58
2540.13
2471.14
2751.29
2545.25
2485.94
2545.68
2703.28
2516.53
2559.90
2495.04
2464.19
3141.28
2510.10
2953.54
2439.09
2926.94
2548.82
2859.46
3289.35
2565.09
3121.25
3284.16
3289.00
2871.96
2973.55
2457.60
2562.62
2965.32
2495.16
2926.87
3248.76
2694.43
3236.87
3008.09
3222.30
2807.74
3138.47
3087.44
2737.61
2968.66
2847.08
2494.96
2699.09
2628.61
3167.73
3104.81
3215.14
2706.59
2626.51
2534.63
2582.41
2568.95
2771.41
2878.04
2775.37
2811.16
3011.59
2892.63
2802.77
2581.32
2397.74
2384.42
2563.40
2422.58
2541.03
2831.39
3173.26
2778.91
2788.71
3189.71
2730.01
2744.54
2893.91
2825.84
2729.02
2859.37
2854.25
2945.22
2923.15
2861.83
2848.34
2813.60
2818.35
2939.60
2920.06
3036.37
2872.61
2963.81
2989.71
2992.95
2911.99
2595.17
2467.52
2395.06
2434.72
2962.53
3007.19
2743.43
2903.05
2892.77
2922.87
2910.78
2959.07
2852.04
2893.83
2815.62
2734.00
2847.43
2866.24
2665.85
2698.26
2579.65
2688.48
2571.28
2556.97
2744.57
2672.32
2719.20
2749.05
2732.26
2736.37
2786.32
2801.89
2655.58
2679.12
2733.71
2770.44
2793.58
2719.86
2760.27
2760.98
2867.50
2889.26
2954.26
2926.25
2854.23
2885.55
2735.23
2807.42
2864.86
2899.32
2771.28
2725.49
2776.36
2936.58
3002.92
2958.88
2865.82
2766.38
2717.73
2796.30
2899.19
3005.61
3016.43
3048.31
3019.71
3019.87
2998.59
2882.24
2826.22
2892.08
2907.96
3012.35
3021.34
2938.26
2940.76
2856.99
2968.42
2990.85
2998.29
2957.20
2991.66
2981.43
2736.49
2617.45
2649.93
2643.08
2850.63
2839.88
2947.14
2937.43
3085.12
2788.42
3090.86
3278.90
2919.93
3077.26
2952.38
2993.57
2962.02
3017.46
3181.97
3254.65
3354.44
3243.93
3263.72
3293.00
3271.97
3165.13
3257.39
3099.53
3079.87
3072.74
2078.29
2952.11
3239.16
3342.87
3250.34
3057.65
3027.04
3162.92
3059.88
3195.96
3331.32
3320.62
2754.42
3217.04
3329.66
3039.11
3205.27
3303.22
3067.23
2577.16
3015.55
2818.08
3012.68
3176.75
2418.47
2488.10
2921.44
3119.73
3118.44
2875.11
2950.36
3011.63
2086.90
2733.73
3238.33
3086.19
3144.04
3132.06
3100.90
3001.37
2788.15
3113.72
3096.76
3132.21
3088.85
2974.52
3052.33
2954.17
3067.17
2980.98
3129.74
2681.43
3087.29
3073.05
3289.97
2999.89
2420.65
2841.55
2035.96
2169.17
2119.31
2015.13
2582.20
2370.18
2721.40
2688.69
2645.30
3105.52
3083.75
3074.41
3172.08
3164.69
3003.43
3069.08
2859.50
3004.73
2692.46
3097.09
3042.76
3146.81
3061.47
3086.90
3070.36
2971.79
2897.37
2896.33
2899.50
2897.90
2899.93
2901.50
2903.00
3082.88
2905.50
2904.50
2905.71
2907.35
2905.28
2906.00
2906.50
2907.50
2908.50
2912.00
2914.50
2916.00
2920.00
2921.50
2924.50
2925.00
2927.00
2929.00
2932.00
2933.50
2929.95
2929.50
2929.00
3001.38
2927.50
2927.50
2927.00
2927.00
2998.60
2995.67
2996.39
2930.31
2930.07
2929.13
2926.50
2910.61
2894.44
2901.14
2918.10
2892.21
2887.61
2879.38
2827.97
2853.53
2812.15
2774.39
2787.03
2773.46
2797.88
2780.04
2899.73
2783.50
2847.18
2783.82
2818.49
2817.81
2778.03
2791.00
2790.59
2777.42
2830.81
2777.90
2791.47
2789.88
2788.27
2787.26
2786.00
2830.45
2778.50
2778.00
2848.74
2778.00
2778.00
2778.50
2850.70
2839.49
2781.00
2781.50
2784.00
2786.50
2786.50
2783.94
2783.34
2879.00
2790.00
2790.00
2789.60
2789.32
2790.43
2797.30
2800.50
2802.50
2802.23
2814.50
2818.22
2729.31
2730.85
2804.28
2830.00
3010.63
2817.86
2797.49
2727.00
2833.50
2833.00
2831.00
2827.50
2820.50
2839.41
2875.62
2819.50
2817.50
2814.00
2814.00
2812.50
2816.40
2814.58
2815.50
2816.00
2817.50
2818.00
2819.00
2820.68
2819.12
2822.00
2819.61
2816.50
2816.50
2816.00
2815.00
2814.50
2814.50
2814.00
2809.54
2815.50
2816.50
2817.50
2818.50
2820.00
2820.50
2820.00
2821.59
2821.00
2821.50
2821.00
2821.00
2819.50
2819.00
2819.00
2819.00
2819.00
2820.00
2821.00
2820.50
2821.50
2822.77
2832.86
2830.80
2836.69
2845.71
2853.40
2849.49
2875.36
2879.29
2908.25
2897.64
2877.86
2900.81
2917.09
2922.85
2931.70
2938.02
2939.96
2941.57
2951.47
2995.36
3040.62
3040.54
3042.05
3057.50
3058.00
3058.00
3054.37
3050.77
3047.13
3042.81
3033.19
3023.45
3012.82
3009.98
3010.82
3007.97
3009.92
2984.80
2980.47
2976.82
2971.68
2954.03
2944.13
2938.14
2937.39
2935.71
2971.14
3009.50
2925.03
2919.48
2918.48
2911.00
2906.50
2905.50
2905.00
2905.00
2905.50
2905.00
2905.00
2905.50
2906.00
2905.50
2905.50
2902.97
2900.44
2898.59
2894.56
2888.10
2882.69
2880.71
2875.78
2874.23
2875.33
2876.62
2881.97
2880.17
2879.14
2880.37
2881.50
2883.73
2881.45
2879.54
2879.00
2877.00
2868.61
2866.50
2865.57
2863.62
2856.00
2854.50
2853.50
2853.00
2955.66
2851.50
3050.10
2848.00
2850.00
2843.38
2840.62
2836.62
2835.31
2832.66
2835.21
2835.00
2840.01
2842.53
2844.85
2848.45
2806.51
2781.14
2308.98
2276.71
2417.84
2427.46
2659.18
2801.11
2881.92
2971.47
3237.97
3165.22
2819.33
2812.23
2810.02
2797.85
2791.79
2790.50
2790.50
2790.50
2791.50
2795.56
2789.94
2790.00
2787.92
2785.07
2784.49
2784.58
2779.62
2775.69
2773.39
2774.63
2773.31
2728.74
2771.50
2773.00
2777.50
2844.37
2785.00
2786.00
2788.50
2789.50
2792.23
2794.81
2796.94
2701.33
2628.05
2723.07
2763.19
2765.24
2778.56
2754.12
2887.54
2800.50
2800.50
2801.00
2801.00
2801.50
2804.00
2806.50
2871.90
2810.00
2813.50
2814.50
2815.50
2816.00
2815.50
2814.00
2810.00
2809.69
2809.00
2807.50
2808.00
2892.61
2808.50
2785.54
2809.50
2809.50
2810.50
2811.50
2815.50
2817.00
2817.00
2817.50
2818.50
2819.00
2819.50
2979.58
2821.00
2823.26
2829.67
2834.45
2834.34
2830.37
2826.08
2840.94
2823.60
2845.86
2826.82
2814.19
2934.88
2848.50
2848.00
3007.39
2933.10
2908.46
2840.74
2841.25
2839.17
2839.73
2839.05
2837.89
2836.00
2835.50
2835.50
2835.50
2835.94
2835.00
2832.92
2834.50
2823.64
2821.50
2820.00
2818.50
2817.17
2815.00
2814.00
2814.34
2817.50
2819.18
2819.00
2820.50
2826.00
2833.00
2837.71
2839.00
2835.08
2833.18
2831.30
2831.17
2826.95
2826.95
2826.06
2823.08
2822.00
2822.17
2823.23
2824.07
2826.41
2833.86
2853.10
2864.46
2877.20
2891.02
2898.86
2915.26
2948.75
2974.97
3000.34
2951.96
2959.77
2967.22
3028.73
3055.30
2933.80
2942.63
3082.97
2997.84
2991.68
2995.37
2997.20
2997.20
2997.77
2998.20
2995.69
2997.00
2993.43
2989.28
2985.81
2978.39
3105.89
2979.75
2983.52
2985.75
2990.39
2998.66
2999.43
2999.54
3039.41
3002.39
3009.25
3371.94
3022.50
3024.50
3100.68
3173.24
3023.50
3021.50
3011.06
3000.43
2995.50
2994.73
2993.59
2988.73
2990.59
2990.79
2986.58
2979.50
2979.21
2978.50
2977.98
2980.50
3033.53
2981.50
2981.54
2981.00
2978.84
2973.74
2972.50
2971.50
2968.00
2963.86
2960.00
2957.50
2949.50
2937.00
2935.00
2932.63
2930.63
2932.00
2932.00
2932.00
2932.50
2932.50
2936.67
2940.26
2943.41
2943.17
2946.69
2947.15
2948.29
2950.05
2951.35
2952.46
2953.75
2956.18
2956.00
2949.90
2949.54
2955.32
2953.46
2952.10
2948.50
2946.50
2943.50
2939.00
2935.00
2935.00
2935.50
2940.72
2942.29
2943.34
2944.64
2945.42
2946.50
2948.00
2948.50
2949.00
2947.36
2945.82
2943.03
2938.54
2936.21
2932.00
2931.00
2931.88
2930.65
2930.50
2935.27
2938.61
2941.12
2943.77
2948.70
2952.56
2939.50
2960.78
2969.50
2975.00
2979.50
2980.00
2981.00
2979.57
2982.00
2982.50
2986.47
2990.38
2992.34
2997.14
2998.38
3000.12
3001.51
3003.21
3006.33
2980.91
2943.72
2718.93
2503.55
2546.65
2638.91
2799.53
2997.63
3068.93
3022.83
3035.44
3023.50
2873.60
3012.51
3008.89
3007.70
3004.57
3006.62
3016.28
3025.96
3030.65
3035.00
3032.53
3036.17
3039.16
3040.25
3039.19
3042.57
3048.00
3048.50
3044.50
3042.50
3039.50
3038.50
3037.50
3038.00
3039.00
3039.50
3037.36
3041.00
3041.50
3042.48
3046.00
3047.64
3053.50
3055.19
3056.50
3056.50
3055.75
3056.26
3056.10
3056.42
3060.33
3066.00
3057.18
3084.13
3099.09
3079.86
3117.90
3118.10
2942.61
2908.70
2872.21
2888.88
3024.88
3105.94
3160.02
3160.78
3134.74
3273.85
3196.91
3302.93
3320.19
3319.75
3326.90
3268.19
3270.69
3265.11
3251.18
3257.29
3272.91
3268.28
3276.73
3319.77
3326.58
3324.97
3343.93
3347.92
3343.35
3339.23
3334.93
3333.05
3325.75
3310.12
3309.01
3306.09
3293.98
3271.14
3235.71
3278.83
3273.18
3262.32
3258.74
3256.38
3254.66
3246.22
3244.13
3138.22
3242.75
3163.00
3237.62
3229.02
2676.26
2561.03
2633.14
2744.13
2993.26
2672.07
2744.12
2854.73
2895.72
2997.36
3115.61
3050.50
3126.21
3030.95
3091.79
3069.96
3033.39
3044.59
3090.84
3093.03
3103.50
3090.15
3101.72
3102.90
3102.29
3098.61
3097.50
3095.50
3094.00
3089.00
3088.00
3084.45
3077.17
3074.00
3069.50
3067.50
3065.89
3057.52
3061.73
3052.83
3050.15
3042.37
2989.50
3043.35
3040.26
3043.83
3033.43
3029.71
3029.06
3020.15
3015.38
2997.29
2994.25
2975.82
2917.93
2956.89
2951.36
2961.00
2945.67
2941.60
2946.62
2944.94
2933.08
2929.64
2923.73
2922.00
2921.00
2917.44
2917.43
2917.50
2915.89
2915.40
2844.80
2848.71
2913.28
2913.49
2916.00
2918.50
2920.00
2920.00
2919.50
2919.50
2919.50
2919.00
2922.00
2884.81
2884.81
2918.50
2887.42
2889.07
2891.79
2878.86
2864.04
2854.45
2862.25
2857.48
2853.73
2844.57
2823.23
2827.68
2825.00
2822.50
2827.00
2835.00
2815.19
2841.00
2843.00
2771.61
2798.97
2846.22
2846.00
2846.50
2845.88
2844.08
2842.50
2843.23
2843.23
2839.72
2837.50
2837.45
2836.50
2835.86
2829.31
2803.78
2826.91
2956.48
2797.90
2824.45
2823.50
2822.50
2821.50
2818.50
2784.35
2813.50
2789.35
2939.97
2808.50
2878.93
2810.50
2812.00
2998.80
2815.50
2803.35
2822.50
2810.02
2811.65
2802.62
2819.11
2847.00
2920.52
2828.62
2827.86
2827.39
2859.50
2859.50
2859.00
2829.49
2809.31
2807.87
2824.74
2834.88
2832.74
2829.09
2827.38
2842.99
2809.86
2942.00
2825.01
2855.19
2819.14
2816.50
2851.79
2807.81
2804.39
2893.30
2875.71
2887.76
2975.35
3002.76
2894.06
2730.18
2827.74
2825.79
2799.44
2845.00
2889.54
2762.84
2791.13
2445.88
2742.79
2654.76
2622.03
2805.69
2966.11
3158.02
2907.23
3200.30
2860.79
2934.05
2967.64
2914.49
2912.84
2975.24
2857.59
2856.80
3075.91
2842.64
2841.15
2848.24
3038.47
3045.56
2861.76
3561.54
2888.50
2867.74
2879.56
2887.74
2951.70
2946.26
2946.35
2989.91
2906.19
3020.15
2992.11
2889.97
2899.37
2910.65
2889.97
2878.93
2867.03
2885.27
2878.74
2874.44
2854.00
2850.82
2845.40
2882.00
2882.50
2882.50
2882.00
2881.00
2878.50
2878.50
2878.50
2878.93
2865.85
2886.02
2872.96
2877.58
2878.11
2869.87
2896.04
2899.30
2877.06
2876.70
2878.03
2906.50
2905.23
2876.32
2910.00
2911.00
2888.24
2886.12
2923.25
2930.64
2929.36
2936.99
2570.02
2598.43
2494.51
3105.88
2568.59
2575.93
2623.55
2644.04
2607.66
2633.98
2998.21
2699.48
2846.02
2824.56
2947.86
3027.85
3078.29
3025.25
3035.96
3071.55
3078.50
3083.37
3088.93
3083.48
3092.45
3199.48
3099.82
3109.25
3115.47
3120.14
3138.50
3140.50
3141.00
3291.33
3277.70
3142.00
3143.50
3144.50
3148.50
3150.57
3161.53
3178.08
3168.79
3182.56
3212.84
2945.25
3073.18
3047.62
3282.25
3356.44
3368.31
3365.52
3375.88
3387.11
3414.93
3422.24
3402.05
3403.00
3297.26
3451.87
3453.00
3451.50
3450.00
3449.00
3449.50
3451.00
3450.00
3449.50
3443.93
3442.50
3443.47
3444.00
3444.50
3444.50
3445.00
3445.00
3443.97
3442.00
3441.00
3440.00
3438.00
3435.50
3433.50
3434.00
3371.22
3437.50
3437.50
3375.04
3443.00
3444.00
3452.72
3456.00
3454.66
3461.02
3476.00
3480.23
3480.87
3476.32
3257.57
3257.84
3321.05
3395.97
3390.67
3510.83
3515.50
3515.20
3515.06
3499.14
3483.98
3515.55
3473.32
3494.07
3486.00
3486.39
3463.95
3451.62
3447.55
3440.67
3438.50
3438.78
3437.76
3437.76
3435.50
3430.59
3428.00
3426.50
3414.54
3416.00
3414.50
3414.75
3417.00
3414.80
3413.24
3412.37
3415.00
3414.50
3414.00
3413.83
3414.86
3415.00
3415.36
3414.50
3414.87
3413.94
3413.24
3412.41
3414.39
3418.55
3420.31
3422.41
3425.68
3429.17
3430.63
3433.72
3440.00
3442.50
3444.50
3444.00
3444.00
3444.00
3444.50
3356.12
3442.00
3442.00
3440.50
3421.77
3411.58
3396.90
3391.78
3388.70
3383.81
3371.13
3294.62
3224.33
3210.18
3206.37
3215.21
3244.89
3214.80
3242.68
3255.31
3229.26
3270.32
3321.87
3327.50
3328.50
3328.50
3328.00
3327.00
3324.50
3323.00
3319.41
3317.74
3317.74
3318.50
3319.00
3319.50
3320.50
3323.00
3325.60
3328.50
3335.94
3341.38
3344.38
3346.68
3346.56
3348.47
3309.06
3316.00
3351.55
3345.21
3342.75
3342.50
3342.50
3342.50
3342.17
3341.50
3346.44
3350.68
3360.68
3361.23
3360.51
3256.97
3140.79
3253.93
3329.60
3396.33
3402.50
3584.11
3404.00
3405.00
3593.12
3405.50
3405.50
3406.00
3406.00
3511.83
3405.50
3405.50
3406.00
3406.50
3518.09
3620.39
3408.00
3407.00
3405.50
3467.19
3405.00
3405.00
3405.58
3359.75
3371.22
3405.00
3355.55
3355.55
3409.05
3339.25
3456.05
3483.06
3491.40
3429.95
3317.09
3317.61
3428.00
3546.78
3480.16
3404.28
3180.82
3429.63
3329.39
3507.52
3540.49
3482.53
3557.09
3571.67
3571.49
3573.23
3565.32
3566.51
3583.75
3553.96
3550.06
3584.50
3588.22
3587.69
3586.70
3587.61
3641.87
3335.79
3488.39
2950.43
2919.48
2902.68
2848.35
2822.55
3413.83
3145.33
2970.87
3113.49
3117.28
2938.65
2833.35
2989.43
3010.67
3190.51
3381.89
3081.73
2925.70
2974.38
2905.26
2717.26
2843.12
2781.61
2774.55
2604.28
2593.38
2812.02
3536.89
3610.54
3174.90
2858.40
3137.55
3755.50
3723.06
3547.04
3297.53
2999.69
2832.15
2813.10
2833.07
3039.92
2890.17
3182.47
2749.31
2784.42
2990.36
3608.94
3531.12
2520.18
2729.51
2904.18
2929.67
2770.10
2810.82
2899.49
2809.81
3381.10
2873.29
3532.12
3448.01
3383.13
1955.00
1955.00
3274.45
2985.59
3885.26
3780.44
3882.12
3672.96
3939.62
3876.87
3811.70
3357.68
3734.82
4067.15
4003.94
3914.94
3834.10
3860.20
3472.64
4036.43
3083.79
3043.42
3110.32
3070.82
3267.86
3214.47
3155.64
3073.78
3692.38
3125.83
2850.48
3092.84
3386.27
2913.36
3186.17
3076.65
3162.81
3325.25
3182.32
3300.37
3630.21
3417.34
3356.85
3411.77
3379.93
3284.41
3061.39
2996.21
3110.86
3093.37
3228.29
3337.45
3325.33
3482.20
3322.58
3351.37
3142.92
3134.23
3522.18
4217.50
4461.27
4466.50
4466.50
4473.34
3899.19
4008.58
4303.29
4205.95
4456.86
4484.35
4015.17
3011.95
3299.53
3073.92
3329.30
3059.72
3189.69
3182.02
3333.54
4231.53
2686.05
4339.62
2988.17
1953.00
4199.24
4301.88
4614.17
4260.00
1953.00
4261.60
4260.00
4435.73
4384.59
1953.00
3078.21
1953.00
4317.79
4149.39
3948.58
4673.50
4673.00
4674.50
4415.71
4389.32
4544.95
4686.30
4563.04
4326.12
3582.19
4693.48
4286.24
3726.36
4125.45
3855.66
4305.87
3284.87
3639.70
4141.23
4420.32
4747.00
4751.67
4778.63
4814.00
4816.50
4751.41
4825.50
4829.00
4830.00
4829.50
4829.00
4829.00
4748.59
4699.55
4833.71
4657.35
4728.93
4780.81
4843.00
4843.54
4846.36
4848.00
4785.09
4846.20
4717.64
4844.80
4844.65
4797.43
4844.50
4842.00
4932.55
4840.00
4839.50
4839.50
4872.83
4930.82
4889.05
4824.31
4833.50
4832.50
2584.71
2438.55
2246.10
2886.75
3165.54
4507.11
4170.90
4284.41
3938.00
3591.62
4208.47
4005.40
4780.64
4711.78
4723.78
4747.11
4776.15
3832.63
4072.91
4063.45
4156.35
4239.97
4318.76
4433.37
4601.68
4691.44
4716.09
4634.74
4701.82
4712.91
4749.69
4715.12
4709.55
4761.97
4802.50
4714.84
4709.72
4634.84
4749.87
4752.40
4674.12
4217.56
3961.80
4412.32
4338.67
4554.91
4293.90
4518.41
4515.14
3488.48
3532.15
3509.72
3739.23
3432.99
3323.25
3263.17
3303.16
3650.26
3519.68
3396.28
3548.75
3286.80
3287.91
3925.88
3291.97
3073.68
3084.03
3319.62
3421.51
3258.81
3281.99
3216.62
1951.00
3512.00
1951.00
1951.00
4204.09
3290.70
4071.13
4049.21
3604.21
3002.00
3431.57
3073.62
3899.12
4057.17
4243.43
4121.52
4090.76
3090.59
2842.73
2879.42
3122.25
3307.60
3664.39
2844.16
3037.19
3449.29
3383.27
2680.55
2920.84
3109.77
3956.18
1951.00
1950.50
1950.50
2748.52
3254.96
3303.89
3386.01
3014.26
2923.59
3308.39
3608.42
3917.25
3591.73
3165.85
3226.29
3309.74
3285.78
3401.67
3209.88
2851.59
2871.38
2926.61
2710.05
2586.03
2554.49
2935.33
2904.58
2999.37
2595.59
3001.64
2875.73
3241.77
3194.76
3105.97
3188.32
3137.13
2936.78
3214.01
3220.77
2891.89
3395.88
3369.43
3421.54
3501.00
3441.09
3942.50
3832.33
3829.63
3779.14
3788.98
3793.75
3784.09
3704.77
3766.86
3769.91
3771.15
3782.92
3789.05
3792.77
3777.04
3751.97
3820.88
3745.99
3785.09
3748.36
3090.30
3176.06
3043.53
3029.93
3369.46
3536.79
3671.87
3709.18
3707.50
3708.50
3674.69
3746.48
3651.72
3661.50
3679.30
3725.00
3726.81
3692.91
3694.24
3445.39
3736.11
3647.59
3600.05
3660.64
3755.79
3679.89
3667.99
3553.01
3557.62
3286.25
3614.66
3676.52
3668.50
3662.74
3662.27
3662.44
3665.05
3664.50
3666.59
3667.28
3675.40
3682.61
3683.49
3687.84
3696.60
3641.72
3647.17
3653.50
3658.59
3650.50
3562.89
3581.69
3512.20
3628.95
3605.57
3421.53
3380.55
3167.03
3471.68
3635.50
3635.00
3635.50
3636.50
3636.50
3637.50
3638.00
3639.00
3609.29
3646.33
3648.85
3650.50
3394.68
3364.00
3564.80
3285.00
3164.48
3496.08
3496.08
3567.28
3547.47
3460.65
3254.71
3554.12
3075.00
4016.00
3497.75
2935.22
2810.48
3247.47
3439.14
3489.08
3462.98
3352.07
3452.16
3589.64
3580.76
3601.18
3417.21
3026.21
3177.73
3655.37
3606.93
3681.42
3696.69
3712.41
3721.01
3713.52
3701.85
3736.16
3695.42
3689.62
3687.48
3691.02
3681.42
3677.83
3675.19
3742.00
3744.00
3684.53
3673.12
3674.08
3749.50
3684.81
3682.73
3752.50
3753.50
3754.50
3756.00
3757.50
3758.00
3676.82
3676.82
3759.50
3770.26
3782.68
3786.40
3782.18
3791.48
3293.31
3421.09
3150.42
3173.58
3376.67
3499.02
3608.78
3587.88
3778.98
3778.08
3722.49
3766.24
3785.81
3789.59
3793.71
3801.15
3804.09
3848.35
3979.13
3810.09
3813.50
3814.50
3815.00
3814.53
3814.53
3814.50
3889.57
3815.95
3815.50
3820.46
3825.64
3822.32
3792.27
3802.48
3769.68
3759.91
3798.74
3805.95
3774.77
3789.84
3748.07
3765.09
3397.68
3637.16
3939.69
3785.81
3727.06
3782.83
3783.80
3793.18
3812.35
3775.57
3516.82
3516.30
3110.91
3135.49
2873.07
3353.28
3301.78
3907.54
3879.95
3787.56
3808.79
3824.27
3771.00
3734.68
3863.22
3867.95
3776.49
2882.33
3705.00
3448.25
3731.94
3689.13
2792.91
2901.67
2977.71
2924.79
2999.51
2999.11
3252.16
3782.95
3444.88
4021.50
4013.18
3014.65
3901.97
3858.31
3959.15
3652.78
3730.88
3400.46
3157.18
2951.35
2919.47
3096.77
3957.94
3918.47
3678.69
3793.73
3366.27
2973.23
3036.92
3176.31
3182.82
3124.34
3059.26
3062.64
2977.35
3074.84
3487.05
3118.60
3093.38
2986.33
2944.33
2870.95
2880.15
3340.28
3006.49
3063.70
3227.84
3209.07
3038.03
3037.59
3050.68
3064.33
3053.78
3046.49
3014.41
3029.84
2965.59
3020.04
4033.47
4252.34
4238.00
4299.23
4336.00
4337.00
4336.50
4338.00
4339.00
4225.76
4220.55
4340.50
4341.50
4342.50
4342.00
4233.72
4300.43
4291.94
4299.89
4314.41
4329.23
4327.63
4394.50
4395.50
4396.50
4397.00
4397.50
4407.27
4421.97
4417.96
4367.57
3665.58
3270.43
3163.29
3200.72
3258.07
3248.71
3244.53
3345.83
3357.98
3355.67
3369.61
3338.49
3426.57
3487.33
3470.12
3298.55
3213.76
3237.15
3820.39
4309.98
4600.27
4579.86
4657.48
4637.50
4637.50
4635.61
4635.55
4636.50
4550.59
4460.78
4652.59
4493.68
3985.96
3246.16
3197.75
3411.82
4634.00
4620.28
4548.10
4706.54
4708.38
4724.03
4585.42
4692.83
4620.56
3131.21
3213.63
3246.41
3360.50
3412.54
3480.69
3503.31
3386.18
3601.27
4750.74
4700.54
4760.58
4740.89
4827.50
4826.00
4825.50
4843.43
4746.69
4699.14
4705.30
4705.30
4705.30
4705.30
4830.00
4830.50
4830.50
4831.95
4832.48
4836.72
4840.87
4771.49
4845.84
4636.98
3813.29
3414.82
3260.56
3045.91
4217.33
4737.18
4674.73
3951.48
3647.81
4273.37
4795.41
4654.73
4797.36
4854.47
4196.87
3134.67
3574.19
3203.50
3379.84
3504.69
3901.81
4625.71
4967.50
4552.25
4509.70
4684.72
4875.23
4882.83
4921.98
4995.50
5000.00
4869.83
4877.12
4871.91
4893.33
4904.28
4912.84
4899.52
4910.96
4382.03
3946.28
4092.59
4466.71
4355.66
4962.41
4970.77
4964.78
1837.92
1623.50
2716.43
2145.61
3106.53
4808.56
4880.15
4877.64
4744.31
4715.62
4994.50
4995.50
4996.00
4419.46
3849.16
3675.47
3974.62
4356.25
4641.12
4409.32
4224.98
4209.09
4080.27
3980.27
3909.20
4929.13
5057.84
5061.19
4977.09
4988.54
5069.00
5075.00
5009.37
5010.35
4924.29
5038.96
5079.00
4919.82
4968.43
5075.33
4945.08
5074.77
4992.98
5071.00
4926.19
5072.50
5073.50
5068.50
5062.66
5062.47
5022.12
5015.48
5034.00
5046.67
5070.04
5071.45
5075.61
5077.00
5078.50
5076.50
5073.17
5073.68
5073.86
5073.95
5074.50
5074.50
5075.00
5075.50
4961.04
5075.50
5074.50
5074.00
5073.50
5073.50
5073.34
5074.00
5075.00
4994.13
5076.62
5076.73
5075.54
5071.28
5004.02
5012.26
4967.49
5011.87
5060.07
5066.18
5064.61
5064.68
5000.00
5001.09
5013.75
5015.25
5010.65
5004.48
5000.21
4985.39
4867.00
5005.45
5006.70
5005.12
4930.74
4924.02
4884.32
4879.77
5088.50
4980.24
4983.37
4997.75
4926.75
4963.38
5035.55
5033.56
5057.09
5057.09
5049.17
4953.26
4586.98
4661.05
4585.19
4661.00
4633.44
4658.28
3923.35
4274.28
4428.77
4653.16
4270.41
4633.58
4522.09
4784.84
4676.22
4637.36
4792.64
5033.77
5030.41
4937.58
4867.38
4857.32
4848.65
4350.89
4553.91
3486.36
2996.41
3217.51
3218.39
3356.52
3925.19
3847.76
3507.69
3242.33
3418.93
3089.84
3359.86
2909.77
2983.93
3424.31
3977.51
4493.87
4452.81
4752.22
3871.61
4446.33
4783.68
4810.87
4724.17
4664.44
4956.33
4873.89
4879.35
4907.33
4741.28
4356.15
4686.83
4528.63
4198.80
3793.41
4129.87
3781.11
4462.38
3979.65
4093.58
3684.72
3085.66
3177.51
4440.32
4504.21
4616.52
4662.52
4040.78
4732.03
4636.60
4636.60
4551.42
4643.10
4660.57
4751.72
4665.90
4210.15
4181.44
4249.53
3417.91
3174.06
3195.72
3161.17
4420.33
3397.21
4033.66
4605.14
4633.75
4505.88
4512.44
4112.61
3689.93
4321.07
4096.11
1947.00
3519.17
4303.86
3262.56
3107.45
3093.66
3000.02
3022.11
3167.41
3957.35
3206.67
4211.61
4419.66
4434.44
3989.25
4331.36
4132.93
4184.50
4458.09
3140.25
3353.60
3396.66
2978.00
3441.36
4436.00
4445.10
2828.80
2875.89
3071.61
4071.22
3865.29
3456.19
4406.72
4405.41
4322.95
4297.48
4227.94
4407.43
3510.02
4313.80
3385.62
1947.00
4286.00
4050.44
3247.50
4003.30
4089.07
3601.67
4141.75
2803.54
3483.76
3015.61
3644.62
2855.65
2888.51
3935.94
3718.36
3134.36
3139.82
4049.30
4175.36
4111.80
3889.86
3501.37
3073.16
3671.38
3292.42
3931.58
3972.00
4220.91
4154.63
4204.70
4288.95
4167.30
4162.82
1947.00
4095.14
3905.89
3737.84
3921.23
3916.73
2669.89
3492.72
2684.86
2565.47
2957.10
2957.48
3758.62
3408.58
3975.02
3565.23
1947.50
2850.80
3318.72
3034.44
3526.44
3344.54
3456.74
3483.13
3529.93
3722.00
3675.98
3505.92
3883.37
3888.26
3588.42
3456.87
3066.35
3239.82
3268.86
3398.73
3465.61
3596.79
3638.77
3648.30
3810.52
3623.87
3816.74
3761.73
3234.55
3112.96
3011.82
3202.27
2870.34
3449.13
3347.65
3514.39
3296.15
3368.62
3670.34
3287.77
3345.43
3747.62
3819.48
3765.05
3660.69
3771.86
3768.02
3761.85
3360.55
3232.79
3416.18
3027.93
3661.22
3496.30
3348.24
2788.57
3468.55
2734.87
2744.32
2842.76
3304.30
3597.71
3104.86
2815.58
3150.69
3128.04
3301.71
3076.72
3204.03
3036.48
3270.73
3042.82
3104.25
3398.81
3504.59
3410.92
3253.14
3070.87
3585.93
3645.81
3238.81
2614.72
2521.86
2500.50
2974.66
3219.25
3468.31
3308.26
3056.12
2868.63
3497.04
3364.44
3535.32
3592.27
3635.74
3595.97
3584.74
3570.31
3589.23
3575.77
3569.32
3536.68
3482.21
3501.68
3498.25
3485.06
3475.67
3522.55
3518.48
3208.06
3222.26
3352.09
3444.41
3517.61
3519.52
3452.54
3490.12
3048.00
1947.00
1947.00
1947.00
3392.14
3345.81
3290.57
3437.13
1947.00
3303.81
3433.89
3360.27
3393.12
3415.23
3301.32
3278.17
3078.30
3116.22
2574.36
2603.96
2617.56
2803.61
2864.93
3195.94
3215.31
3197.59
3293.76
3368.10
3404.71
3381.25
3234.12
3392.42
3414.12
3442.90
3440.85
3378.20
3397.86
3212.71
3220.82
2958.64
3092.06
2787.08
3046.09
3127.04
2924.94
3014.13
3186.26
3118.25
3240.50
3229.94
3160.02
3112.12
3122.42
3299.02
3033.69
2952.16
3259.29
3306.04
3175.18
3249.50
3306.94
3297.47
3272.00
2749.99
2969.06
2962.78
2827.05
2754.60
2754.80
2680.15
2738.41
2862.95
3006.74
2774.77
2651.21
3048.89
3184.28
3281.50
3286.50
3289.00
3290.80
3297.11
3303.45
3308.85
3309.43
3310.00
3312.00
3311.00
3311.00
3310.57
3316.48
3239.83
3200.90
3212.21
3269.66
3252.49
3235.93
3276.94
3275.32
3301.05
3297.34
3303.25
3317.11
3316.32
3316.64
3316.70
3318.64
3314.95
3317.65
3312.65
3311.00
3306.50
3306.00
3307.50
3309.50
3311.00
3311.50
3311.50
3310.37
3312.00
3307.12
3310.40
3300.89
3299.30
3305.26
3309.03
3303.70
3305.96
3307.26
3312.90
3306.81
3319.15
3318.57
3332.58
3338.35
3341.79
3343.48
3337.68
3332.89
3324.76
3318.33
3319.14
3320.36
3320.12
3318.05
3317.65
3321.00
3326.32
3326.97
3324.89
3326.60
3336.76
3339.50
3321.11
3354.50
3355.00
3353.84
3351.66
3350.50
3347.00
3343.50
3335.50
3291.69
3334.00
3332.00
3328.00
3327.50
3253.65
3286.68
3220.23
3187.65
3308.22
3328.12
3296.91
3320.68
2515.76
2328.16
2379.45
2525.78
1964.00
3101.63
2964.72
3205.31
3308.21
3435.29
3569.03
3768.81
3445.40
3637.29
3694.96
3373.45
3272.96
3294.95
3479.42
3477.43
3464.55
3412.92
3364.14
3434.40
3421.90
3448.00
3438.27
3309.77
3361.22
3213.29
3089.14
3252.14
3400.09
3424.50
3346.74
3368.36
3372.00
3358.55
3378.06
3376.43
3370.78
3346.40
3304.34
3322.14
3236.80
3247.44
3266.16
3323.02
3254.60
3258.49
3297.09
3267.44
3296.77
3259.55
3259.55
3328.66
3336.00
3336.00
3298.74
3326.50
3326.00
3298.75
3296.42
3308.04
3304.74
3298.84
3291.35
3080.57
3098.26
2960.62
3083.86
3077.38
3152.51
3123.57
3214.33
3232.47
3228.27
3230.94
3196.30
3144.52
3180.34
3228.50
3229.00
3227.81
3227.00
3224.49
3220.79
3203.31
3200.71
3193.30
3171.28
3185.24
3156.36
3176.50
3174.97
3167.24
3164.44
3356.52
2953.50
3118.07
3221.93
3161.50
3159.24
3156.62
3155.63
3113.59
3115.63
3119.44
3112.85
3117.11
3108.31
3104.53
3101.45
3094.87
3092.21
3131.21
3019.13
3002.45
3026.85
3048.64
2882.11
3003.26
2995.33
2930.61
2946.94
2941.98
2718.39
2810.16
2955.90
2967.02
2691.74
2545.46
2430.69
2931.53
2952.56
2983.02
2954.15
2945.97
1945.00
2451.50
2953.62
2943.27
2951.35
2962.90
2947.24
2959.78
2968.00
2971.00
2952.33
2956.60
2953.31
2953.48
2985.52
2939.69
2926.00
2985.56
2985.19
2945.48
2941.00
2980.50
2979.50
2947.18
2946.65
2949.50
2948.91
2947.67
2929.37
2940.96
2914.22
2930.98
2880.55
2825.94
2858.07
2736.20
2739.70
2802.93
2864.25
2877.42
2926.18
2961.82
2958.51
2961.68
2953.38
2955.00
2954.50
2955.50
3006.15
2933.07
2899.41
2938.14
2959.20
2943.73
2935.50
2933.68
2992.04
2918.36
2915.89
2836.42
2816.19
3020.47
2795.54
3033.36
2786.85
2847.77
2839.82
2854.23
2854.55
2856.86
2849.10
2854.59
2857.65
2830.71
2862.39
2916.23
2870.88
2878.74
2854.03
2853.06
2906.00
2881.79
2882.02
2906.00
2905.50
2904.50
2904.50
2903.71
2903.50
2903.50
2903.00
2902.50
2901.50
2901.50
2900.00
2910.05
2897.62
2893.81
2892.24
2885.16
2881.50
2881.71
2856.81
2578.35
2890.15
2753.60
2900.31
2850.50
2842.68
2853.95
2896.90
2867.24
2855.03
2822.96
1943.00
2810.02
2929.15
2888.20
2739.00
2882.78
2924.05
2938.72
2854.46
2889.34
2945.81
2808.73
2754.38
2971.30
3066.83
3028.59
3033.51
3103.19
3120.93
3109.18
3129.72
3125.53
3144.51
3214.73
3332.23
3202.10
3255.50
3064.44
3048.79
3130.64
3131.63
2776.67
3144.30
3132.65
3132.42
3146.54
3160.00
3140.42
3112.89
3128.06
3232.28
3202.51
3154.61
3121.05
3133.06
3115.67
3130.50
1943.00
3079.68
3062.39
3061.63
2931.60
3156.93
3091.08
3013.06
3175.45
3236.77
3397.66
3328.66
3200.40
3131.98
3015.00
3325.05
3055.52
3069.23
3050.16
2997.86
3089.59
3007.54
3008.40
3067.31
3068.00
3135.31
3001.23
2963.07
2943.32
2995.65
3090.64
3143.43
3225.56
3184.12
3037.00
3029.50
3017.31
3019.94
2986.15
3019.17
3046.25
3052.35
3037.68
3051.94
3018.63
2979.78
3038.63
2966.55
2920.19
2961.29
2970.28
3007.20
3000.25
3000.43
3032.90
2945.49
2940.49
2931.90
2908.69
2905.73
2902.34
2901.43
2843.47
2787.13
2843.05
2833.39
2866.79
3023.76
2933.32
2838.51
2829.06
2901.21
2947.66
2928.59
2848.66
2860.46
2922.26
2901.16
2961.76
2917.31
2918.28
2913.13
2907.57
2900.50
2898.39
2885.61
2892.25
2874.17
2850.96
2848.27
2923.60
2655.08
2841.71
2833.54
2838.67
2763.08
2799.17
2766.39
2758.80
2754.55
2766.79
2764.81
2812.39
2765.71
2824.14
2839.23
2856.50
2858.50
2858.50
2858.50
2857.63
2822.13
2812.07
2850.00
2850.50
2830.42
2826.79
2857.07
2845.92
2845.29
2862.18
2819.10
2824.95
2826.19
2835.04
2868.33
2865.50
2868.11
2830.74
2830.15
2829.34
2829.36
2830.12
2829.76
2828.92
2847.77
2681.50
2766.30
2551.43
2363.15
2405.30
2761.66
2842.00
2845.00
2847.50
2822.62
2796.15
2850.00
2851.00
2769.29
2935.70
2794.63
2797.16
2856.50
2857.00
2794.86
2793.07
2859.00
2861.50
2865.00
2865.00
2864.00
2854.78
2836.55
2835.74
2848.78
2848.68
2816.25
2816.24
2811.45
2803.14
2723.77
2443.37
2474.03
2663.19
2534.61
2614.31
2827.62
2753.25
2753.58
2701.89
2780.35
2737.75
2827.65
2819.01
2810.41
2848.29
2824.35
2604.27
2689.21
2794.80
2582.82
2830.79
2836.10
2837.18
2830.50
2859.50
2831.34
2803.62
2824.73
2826.52
2837.03
2843.79
2845.57
2847.88
2847.88
2907.68
2846.06
2803.62
2784.80
2833.53
2823.39
2843.36
2842.24
2843.00
2844.92
2844.23
2839.86
2856.75
2861.19
2846.93
2863.91
2874.12
2761.35
2796.50
2786.71
2827.52
2707.38
2637.54
2879.83
2870.50
2958.14
2952.36
2806.35
2553.85
2822.83
2961.08
2960.75
2968.00
2943.94
2978.00
2991.61
2992.51
2988.74
2988.46
2990.41
2988.82
2961.26
2991.24
2991.24
3021.50
3017.00
2982.03
2970.96
2968.96
2968.00
2930.00
2968.00
2965.88
2968.79
2940.78
2889.35
2921.90
2978.45
2575.25
2665.38
2954.42
2834.47
2889.19
2972.50
2970.50
2965.50
2963.50
2960.00
2958.00
2958.00
2957.50
2957.00
2957.50
2906.75
2901.22
2868.48
2906.12
2910.30
2878.66
2910.31
2875.37
2955.00
2956.50
2906.80
2918.82
2896.24
2938.76
2935.91
2934.38
2693.07
2937.86
2319.01
1980.31
2198.75
2343.49
2585.56
2735.28
3022.88
3217.02
3517.88
3687.13
3799.20
3696.12
3520.72
2952.28
2991.42
2885.12
2880.55
2838.82
2842.66
2847.12
2840.18
2839.24
2830.25
2830.00
2845.46
2846.29
2846.29
2829.77
2843.49
2841.18
2821.40
2817.39
2811.39
2820.43
2819.61
2817.67
2810.22
2779.03
2801.83
2801.83
2800.52
2769.86
2800.52
2799.56
2768.00
2796.85
2829.50
2830.50
2830.00
2829.50
2828.50
2828.00
2829.00
2795.88
2800.86
2831.50
2832.00
2832.00
2832.50
2805.55
2804.22
2804.25
2801.27
2802.45
2800.89
2795.95
2795.96
2796.02
2794.84
2793.15
2814.74
2814.00
2812.50
2811.50
2809.48
2808.98
2809.32
2808.00
2806.87
2808.50
2791.82
2809.26
2793.02
2812.11
2812.78
2813.93
2822.00
2828.00
2828.00
2828.00
2827.50
2826.00
2771.36
2780.43
2782.24
2764.38
2783.37
2785.67
2787.59
2777.03
2808.91
2813.18
2816.95
2818.00
2817.00
2821.00
2824.50
2826.00
2827.00
2827.50
2829.36
2829.00
2829.00
2829.00
2827.50
2824.50
2821.00
2819.00
2815.50
2813.50
2809.50
2832.03
2803.50
2802.00
2793.64
2792.19
2788.00
2921.08
2790.00
2904.07
2797.00
2874.95
2798.10
2839.81
2795.76
2799.16
2870.76
2701.66
2751.05
2721.20
2739.75
2832.54
2852.59
2792.86
2804.89
2882.49
2984.69
3006.08
3034.08
3005.00
3058.00
3058.50
3060.00
3063.50
3066.00
3068.00
3120.22
3122.82
3047.02
3075.00
3047.11
3077.50
3046.78
3076.50
3076.50
3076.50
3074.50
3073.00
3038.43
3035.49
3035.28
3030.17
3032.25
3028.23
3018.93
2767.25
2863.10
2913.36
2995.77
2993.30
2983.56
2980.78
2911.30
2965.20
2990.00
2959.15
2950.59
2844.59
2898.31
2941.76
2943.43
2943.43
2946.28
2946.87
2896.74
2900.57
2943.41
2942.03
3047.72
2937.45
2940.28
2932.85
2918.39
2915.50
2915.00
2848.79
2914.00
2862.32
2870.73
2870.05
2917.50
2876.00
2876.96
2876.96
2877.91
2880.17
2879.21
2880.36
2883.26
2884.07
2885.43
3015.03
2885.03
2885.03
2883.50
2884.06
2883.50
2884.06
2883.10
2885.27
2884.03
2884.41
2886.45
2886.45
2885.47
2884.30
2883.53
2908.50
2903.50
2863.76
2902.00
2901.50
2900.50
2898.50
2896.00
2892.50
2890.00
2862.40
2889.50
2860.34
2860.76
2859.94
2860.44
2855.23
2863.69
2829.56
2820.83
2812.51
2820.47
2821.09
2812.40
2800.59
2835.50
2833.00
2901.56
2899.22
2825.22
2820.90
2813.22
2818.78
2771.35
2792.79
2687.27
2686.55
2687.55
2676.97
2690.38
2713.07
2685.47
2683.49
2700.23
2731.74
2768.34
2788.77
2797.00
2797.77
2793.29
2791.15
2790.28
2789.50
2787.00
2786.00
2778.00
2774.50
2771.50
2768.85
2736.28
2705.73
2737.10
2737.66
2751.50
2722.77
2695.53
2729.53
2657.90
2729.44
2796.06
2743.37
2745.19
2762.50
2764.00
2765.23
2747.54
2746.07
2746.23
2746.35
2746.17
2745.98
2806.52
2807.10
2809.48
2921.76
2820.65
2730.76
2706.52
2706.52
2729.00
2729.28
2696.19
2765.00
2766.50
2770.00
2741.83
2773.50
2767.50
2768.00
2769.00
2770.87
2784.07
2866.51
2736.46
3044.58
2918.56
2934.93
2764.03
2748.67
2837.43
2760.14
2763.60
2838.00
2790.97
2792.83
2850.32
2811.62
2808.50
2805.25
2803.79
2803.79
2801.19
2799.81
2799.33
2798.79
2794.79
2785.22
2788.32
2688.17
2796.71
2797.72
2798.62
2799.41
2832.50
2832.50
2831.50
2832.50
2814.68
2817.54
2818.45
2820.26
2821.00
2819.32
2818.03
2818.55
2817.70
2819.88
2816.43
2816.48
2806.58
2812.38
2809.57
2807.64
2862.65
2790.73
2858.65
2779.49
2816.91
2699.82
2891.26
2783.24
2855.34
2780.64
2784.26
2783.35
2782.38
2760.40
2508.67
2781.40
2803.50
2803.50
2779.14
2779.97
2804.50
2805.14
2803.83
2778.44
2800.73
2800.00
2782.63
2780.96
2772.62
2793.00
2764.70
2757.68
2757.04
2758.00
2757.27
2791.50
2795.50
2803.82
2807.20
2808.43
2758.00
2792.36
2794.00
2808.21
2794.11
2794.07
2816.00
2815.50
2813.47
2812.00
2810.00
2785.83
2792.21
2775.54
2787.05
2784.52
2859.21
2830.00
2833.00
2804.05
2838.50
2840.00
2844.50
2847.00
2848.50
2815.50
2847.50
2843.50
2842.00
2919.68
2839.50
2839.00
2839.50
2840.50
2841.50
2842.00
2818.26
2843.00
2845.00
2845.00
2817.83
2839.50
2837.00
2834.78
2834.33
2831.65
2830.67
2830.31
2834.50
2834.00
2836.64
2835.50
2837.00
2840.50
2842.00
2848.00
2850.44
2851.50
2851.50
2852.00
2851.00
2851.50
2851.50
2851.50
2851.16
2850.50
2849.50
2849.00
2846.00
2845.50
2844.00
2843.00
2839.84
2826.00
2813.00
2811.00
2799.11
2807.50
2807.00
2806.50
2806.00
2806.50
2807.00
2930.94
2808.23
2873.72
2814.00
2815.00
2876.56
2830.50
2832.50
2833.50
2821.24
2836.49
2838.50
2840.48
3027.85
2853.50
2823.56
2861.88
2862.39
2987.50
2864.20
2863.76
3046.85
2866.46
2838.75
2868.50
3115.92
2925.11
2868.50
2868.00
2867.00
2867.00
2866.50
2867.50
2867.50
2868.00
2868.50
2868.50
2842.68
2869.50
2870.50
2870.00
2870.53
2872.50
2873.00
2873.50
2874.50
2875.86
2879.37
2891.49
2892.27
2896.60
2905.47
2893.43
2910.10
2913.50
2909.17
2916.00
2915.50
2881.25
2911.00
2910.50
2910.50
2910.00
2910.00
2910.00
2911.00
2911.50
2912.00
2910.50
2886.79
2910.00
2909.50
2909.50
2908.50
2908.50
2909.00
2910.13
2911.75
2909.29
2904.53
2904.63
2907.18
2905.25
2902.50
2902.00
2903.08
2906.00
2901.96
2625.24
2370.66
2500.56
2644.92
2841.47
3054.14
3259.26
3265.87
3218.42
3083.44
3004.40
3016.00
3017.16
2988.22
2994.67
3020.90
3066.80
3070.25
3040.79
3042.49
3171.90
3060.50
3061.54
3072.03
3072.50
3121.59
3128.55
3071.94
3072.00
3071.50
3072.00
3075.00
3079.50
3163.10
3145.21
3094.27
3080.55
3118.36
3121.36
3124.50
3113.29
3075.60
3122.94
3181.64
3185.97
3038.13
3052.59
3170.99
3167.80
3194.84
3198.31
3230.50
3230.50
3228.88
3228.94
3227.50
3224.50
3217.00
3215.00
3210.50
3210.50
3210.00
3152.71
3258.63
3173.68
3172.30
3205.88
3169.74
3206.50
3206.50
3207.50
3207.50
3208.00
3209.00
3212.05
3216.97
3225.66
3209.10
2989.72
3143.52
3267.99
3047.83
3253.29
3287.34
3254.07
3269.36
3288.09
3123.04
2841.85
3227.59
3385.03
3388.50
3392.94
3322.10
3367.13
3368.66
3365.97
3419.29
3362.16
3380.74
3332.51
3462.71
3413.00
3377.18
3376.72
3368.61
3375.56
3419.79
3422.73
3379.63
3379.89
3381.50
3505.28
3445.78
3416.00
3315.07
3296.25
3418.50
3421.82
3425.68
3380.42
3391.82
3486.59
3487.86
3444.66
3536.53
3482.47
3446.75
3409.37
3564.14
3586.48
3575.39
3524.86
3524.00
3455.39
3491.69
3547.77
3574.10
3545.00
3391.71
3448.73
3430.38
3459.33
3395.20
3603.29
3528.00
3481.50
3517.00
3478.63
3516.96
3492.81
3380.94
3354.86
3359.01
3356.48
3353.44
3342.57
3334.23
3338.14
3343.61
3346.31
3382.60
3400.50
3400.50
3448.33
3389.53
3366.19
3330.70
3351.15
3346.63
3312.75
3338.28
3338.00
3341.00
3339.09
3341.00
3341.00
3339.05
3329.00
3327.63
3322.83
3320.73
3340.21
3318.97
3318.45
3313.29
3298.00
3291.00
3290.91
3289.00
3287.00
3278.93
3272.52
3267.93
3264.95
3212.88
3256.00
3253.00
3249.50
3248.00
3183.72
3173.12
3072.45
3202.00
3199.12
3201.68
3298.26
3198.56
3195.76
3189.86
3248.87
3177.50
3176.50
3173.96
3169.00
3136.07
3132.11
3150.25
3137.44
3128.88
3125.38
3120.62
3109.43
3129.00
3101.88
3095.50
3089.00
3088.00
3088.00
3089.50
3089.00
3089.00
3083.32
3084.03
3077.13
3050.03
3046.77
3070.94
3073.86
3052.55
3031.61
2717.04
2970.04
2887.47
2876.38
2900.06
2962.72
2935.90
2906.27
2783.35
2819.23
2902.69
2896.61
2946.50
2923.32
2947.13
2945.15
2942.21
2921.92
2941.70
2920.29
2912.10
2876.51
2943.00
2946.81
2924.93
2951.00
2879.15
2953.50
2955.00
2956.00
2956.06
2922.58
2954.00
2953.00
2952.50
2952.50
2951.50
2951.50
2950.26
2951.63
2952.08
2951.23
2921.61
2949.77
2947.11
2942.09
2941.10
2939.54
2927.86
2918.88
2854.56
2739.71
2604.06
2596.89
2520.16
2432.31
2637.94
2732.01
2641.65
2630.34
2743.05
2722.19
2820.90
2804.49
2849.39
2751.88
2755.63
2635.07
2713.78
2736.42
2729.13
2799.94
2653.57
2757.48
3147.36
3490.58
3127.15
2980.64
2822.98
2847.00
2846.50
2845.50
2845.00
2844.07
2823.98
2824.86
2824.98
2824.17
2805.67
2823.61
2823.09
2947.32
2910.58
2828.06
2826.09
2828.25
2829.34
2824.70
2825.03
2819.43
2817.46
2818.24
2833.02
2807.32
2802.06
2802.74
2809.03
2812.89
2920.19
2960.39
2831.17
2834.39
2783.06
2851.33
2899.55
3000.36
2861.76
2888.50
2894.08
2900.19
2874.86
2894.85
2896.84
2884.12
2899.14
2901.08
2998.27
2939.30
2883.07
2936.06
2905.69
2905.10
2904.38
2886.25
2988.52
2901.91
2919.50
2915.50
2915.00
3034.95
2888.75
2888.46
2887.73
2918.00
2916.82
2883.07
2887.28
2887.28
2879.30
2875.32
2875.32
2873.21
2870.96
2870.96
2873.67
2888.28
2888.59
2891.00
2886.43
2885.14
2897.16
2897.09
2892.96
2893.85
2907.23
2914.88
2914.26
2916.26
2922.51
2926.81
2924.40
2926.95
2928.30
2927.92
2928.45
2902.14
2939.95
2946.36
2966.06
2953.39
2969.21
2971.11
2849.77
2948.45
2963.76
2894.13
2921.01
2962.81
2935.03
2665.11
2501.76
2739.99
2697.23
2640.35
2696.00
2751.59
2652.17
2726.07
2663.35
2913.99
3104.00
3075.63
3079.58
2830.12
2976.32
3016.23
3048.41
3047.67
3093.26
3108.17
3138.97
3081.62
3174.16
3104.14
3053.02
3109.86
3170.73
3216.28
3195.56
3228.49
3254.98
3237.05
3237.77
3236.41
3236.80
3228.60
3194.28
3249.00
3212.50
3212.50
3306.00
3211.53
3209.38
3208.46
3258.49
3189.00
3232.59
3231.56
3229.83
3189.67
3176.70
3176.07
3178.84
3152.82
3160.14
3166.13
3164.82
3188.29
3188.12
3178.34
3170.86
3171.07
3169.88
3169.88
3168.38
3169.63
3170.71
3173.63
3174.25
3169.72
3186.45
3166.12
3185.08
3184.93
3169.45
3133.40
3127.36
3094.46
3086.54
3092.20
3103.65
3057.58
3036.71
3054.52
3047.16
3044.75
3289.61
3131.00
3050.68
3057.66
3058.72
3058.57
3039.27
3058.29
3078.00
3057.97
3057.79
3056.98
3055.22
3039.50
3031.26
3031.40
3058.00
3038.43
3040.25
3041.23
3042.11
3043.27
3067.50
3068.50
3071.00
3077.00
3186.00
3057.00
3057.98
3084.00
3059.93
3061.67
3037.45
3065.74
3062.08
3063.82
3065.38
3062.39
3059.21
3059.07
3115.14
3175.11
3038.50
3037.84
3022.74
2942.14
2646.60
2742.99
3046.32
3057.51
2733.82
2738.89
2956.24
2975.31
2976.03
2975.48
2978.11
2955.94
2981.38
2981.64
2983.12
3001.00
3002.63
3002.22
2982.44
2981.46
2981.27
3036.51
3035.71
2991.00
3089.57
2970.88
2957.00
2937.21
2933.49
3027.45
2927.74
2956.31
2949.92
2899.43
2934.36
2880.59
2923.00
2872.62
3047.47
3099.68
2866.03
2933.00
2894.44
3054.90
2878.53
2937.00
2937.00
2937.00
2933.05
2932.76
2878.74
2750.64
2941.37
3071.23
3191.45
3314.85
3406.80
3470.34
3008.32
2889.00
2897.45
2899.00
2887.06
2810.03
2900.77
2995.61
3022.49
2930.75
2818.20
2829.61
2833.37
2838.70
2831.06
2832.38
2851.22
2832.66
2843.56
2880.70
2903.51
2905.10
2909.33
2909.81
2915.50
2978.50
2919.50
2918.00
2914.36
2890.24
2983.69
2923.49
2888.00
2888.86
2891.88
2873.81
2886.49
2891.48
2895.43
2904.83
2908.76
2910.36
2901.05
2905.54
2985.21
2917.49
2911.33
2911.94
2944.00
3055.90
3001.56
2956.95
2912.70
2957.74
2908.64
2891.63
2883.15
2916.16
2923.79
2929.60
2970.61
3006.68
2934.27
2938.09
3015.17
3015.05
2972.02
2967.90
2961.72
2959.26
3051.47
3008.21
2915.91
2957.13
2956.00
2927.91
2945.50
2942.00
2907.76
2756.59
2943.35
2946.82
2858.61
2902.41
2926.03
2925.49
2925.00
2866.82
2925.06
2925.06
2924.09
3009.59
2923.61
2954.50
2923.61
2925.00
2924.58
2924.09
2923.55
2924.52
2923.90
2960.50
2964.00
2966.64
2853.11
2924.96
2924.96
2927.16
2868.13
2772.41
2904.42
2933.23
2967.00
2966.00
2965.50
2965.00
2965.00
2964.50
2964.50
2964.00
2963.00
2896.74
2961.50
2959.50
2959.50
2959.50
2959.50
2960.00
2963.07
2963.50
2964.50
2966.62
2969.06
2973.92
2969.31
2978.48
2988.09
2854.80
2841.82
2993.80
2965.43
2840.76
2874.54
2814.44
2992.59
2778.52
3035.00
3035.00
3035.00
3034.50
3072.87
3194.44
3118.95
3000.18
3018.82
3003.00
2980.21
3006.83
3033.50
3030.78
3034.03
3036.55
3046.50
3049.17
3048.03
3041.07
3051.61
3067.07
3008.35
2832.59
2670.01
2693.95
2670.40
2670.01
3001.51
2846.14
2998.70
3114.09
3113.21
3045.27
3122.71
3121.83
2935.08
3095.58
3086.69
3168.11
3139.14
3144.88
3146.17
3131.22
3139.60
3149.97
3165.64
3169.49
3150.60
3187.40
2970.87
2766.59
2984.98
2735.56
2917.33
2894.26
3126.52
3005.66
3087.92
3222.00
3223.43
3236.53
3235.04
3215.46
3238.49
3289.24
3265.76
3290.12
3288.48
3322.00
3278.18
3232.03
3253.78
3284.65
3308.57
3312.33
3333.57
3325.87
3336.48
3337.59
2891.06
2880.80
3342.12
3311.08
3320.49
3210.75
2989.19
3310.69
3375.14
1933.00
2665.50
3312.25
2828.77
2915.37
3016.77
2809.63
2894.29
2958.16
2946.40
3420.57
1932.50
1932.50
3131.66
3479.78
3186.46
2915.19
2915.21
2852.18
3002.26
2855.35
2709.35
2592.44
3569.99
3591.00
3671.14
3262.22
3657.49
3619.10
3599.04
3634.43
3658.95
3658.95
3706.50
3704.56
3704.00
3705.00
3643.14
3668.75
3706.50
3703.00
3702.77
3707.00
3708.00
3708.00
3708.00
3708.00
3708.00
3952.08
3702.50
3824.34
3704.75
3708.38
3709.65
3710.27
3711.50
3401.85
3625.29
1932.50
1932.50
3623.56
3483.86
3463.73
3667.24
3613.15
3691.97
3686.01
3671.00
3645.68
3793.39
3799.06
3717.58
3611.81
3611.81
3587.47
3595.50
3594.10
3637.00
3542.47
3443.77
3472.69
3488.58
3226.86
3378.88
3421.43
3528.37
3537.55
3518.00
3509.82
3522.07
3580.00
3581.33
3584.50
3584.50
3541.13
3545.07
3546.43
3546.43
3547.36
3549.38
3548.90
3581.00
3577.53
3568.49
3562.13
3536.70
3505.23
2962.55
2867.71
2862.79
3095.35
3083.97
3173.70
3204.40
2803.03
2916.83
3267.45
3448.32
3264.53
3385.15
3297.29
3217.43
3253.31
3123.33
3121.68
3179.85
3193.07
3212.41
3108.33
3133.82
3023.35
3204.17
3270.85
2924.83
3165.37
3114.25
3131.49
3131.87
3251.34
3269.60
3256.76
3229.15
3262.84
3262.93
3264.02
3295.00
3294.00
3209.20
3295.06
3261.43
3260.80
3279.00
3263.50
3233.05
3246.90
3273.23
3246.53
3243.50
3191.37
3187.87
3222.00
3193.70
3263.14
3170.08
3170.50
3170.68
3202.00
3198.69
3160.36
3041.46
2869.50
2974.26
3054.09
3040.91
2984.62
3016.02
3096.22
3102.77
3122.07
3130.00
3103.20
3099.72
3090.22
3039.72
3020.57
3102.54
3099.43
3096.50
3061.61
3091.88
3086.88
3081.49
3076.00
3075.00
2970.34
2999.00
3061.07
3040.95
3067.50
3067.00
3065.50
3063.50
3060.50
3059.50
3059.00
3058.50
3059.00
3060.50
3061.00
3061.50
3062.00
3063.00
3064.00
3064.50
3065.50
3067.00
3069.00
3070.50
3071.50
3072.00
3071.50
3067.00
3066.50
3057.92
3055.84
3055.04
3056.35
3055.38
3053.16
3051.84
3048.59
3040.50
3037.50
3038.00
3038.50
3038.50
3038.00
3033.50
3032.00
3030.50
3029.50
3029.00
3027.50
3026.50
3025.50
3024.16
3022.00
3020.00
3020.50
3021.00
3021.50
3024.00
3027.35
3027.18
3036.13
3041.54
3045.82
3055.18
3007.56
3022.93
3002.02
3012.31
3002.10
2992.72
2986.13
2991.56
2996.57
3018.55
3046.25
3066.00
3066.00
3067.00
3067.50
3068.50
3070.00
3073.55
3078.00
3083.37
3087.35
3094.98
3101.57
3102.50
3105.00
3108.50
3116.00
3123.00
3124.50
3130.53
3132.50
3132.04
3136.08
3137.94
3136.93
3141.59
3144.28
3145.50
3145.50
3145.50
3141.50
3142.00
3141.50
3142.50
3142.50
3142.50
3143.00
3142.50
3142.00
3141.50
3141.00
3139.50
3139.00
3136.00
3132.00
3128.98
3121.79
3116.42
3117.64
3113.54
3112.78
3113.19
3114.60
3113.71
3114.47
3115.17
3118.23
3125.07
3125.54
3129.07
3131.89
3132.81
3130.60
3128.53
3127.75
3127.34
3090.39
3102.26
3099.01
3087.76
3054.50
3055.49
3045.65
3056.72
3030.82
2989.03
3052.64
3073.00
3053.82
3075.00
3000.19
2558.89
2163.86
1742.02
2054.15
2264.26
2497.66
2615.53
2769.62
3005.29
3123.09
3300.40
3440.78
3675.53
3446.21
3228.80
3081.86
3148.38
3048.84
3077.12
3053.67
3117.29
3073.66
3060.50
3064.76
3094.25
3201.27
3193.47
3100.11
3101.50
3100.50
3099.00
3037.40
3098.00
3092.50
3089.00
3087.70
3087.90
3087.39
3085.34
3082.29
3079.26
3188.90
3080.18
3081.09
3077.29
3074.00
3073.50
3110.39
3065.50
3064.00
3062.00
3060.00
3057.85
3055.00
3052.50
3053.55
3052.84
3043.86
3038.94
2785.54
2821.82
2945.30
2804.56
3013.00
2848.81
3009.46
2835.67
2988.09
3058.38
3060.98
2975.66
2966.13
2907.72
3007.00
3006.50
3004.52
3005.50
3005.00
3005.50
2996.00
2996.67
2995.00
2990.50
2983.50
2980.50
2979.50
2979.00
2978.50
2977.50
2977.00
2976.50
2976.50
2943.34
2974.50
2965.22
2956.50
2953.50
2953.00
2952.00
2951.00
2927.90
2939.50
2878.30
2734.88
2913.69
2889.15
2885.92
2882.33
2905.63
2903.50
2898.00
2897.00
2900.59
2901.00
2898.50
2904.58
2908.50
2918.07
2923.00
2923.15
2925.75
2921.08
2918.10
2873.61
2925.00
2922.88
2922.73
2936.50
2825.51
2773.14
2928.00
2920.50
2913.00
2905.17
2872.11
2872.05
2903.06
2761.42
2752.60
2754.43
2845.49
2879.88
2880.44
2802.83
2793.91
2771.91
2881.00
2877.62
2875.00
2845.15
2873.50
2873.00
2872.68
2854.40
2851.79
2840.30
2818.69
2820.22
2821.44
2857.00
2833.22
2846.06
2858.95
2863.84
2866.24
2902.14
2868.41
2869.40
2875.43
2871.90
2890.15
2895.41
2897.28
2898.16
2899.24
2897.84
2722.70
2807.64
2835.89
2960.92
3020.91
2883.50
2940.00
2939.50
2979.40
2911.29
2892.86
2890.24
2891.70
2923.30
2906.97
2904.68
2911.16
2938.50
2941.00
2920.98
2922.90
2944.00
2945.50
2946.00
2915.47
2917.97
2920.15
2921.84
2921.55
2918.72
2905.90
2899.86
2934.35
2934.93
2939.03
2940.50
2941.50
2943.80
2948.00
2951.00
2952.50
2953.50
2954.50
3002.57
2975.30
2981.92
2977.50
3000.73
2934.39
2920.27
2952.69
2951.39
2963.94
2958.89
2952.50
2952.00
2948.50
2918.08
2916.51
2916.51
2916.15
2917.49
2916.51
2945.50
2944.50
2915.54
2944.00
2943.00
2937.54
2903.08
2922.41
2913.70
2914.42
2912.00
2882.76
2909.42
2899.60
2904.08
2906.33
2907.37
2911.28
2929.71
2931.94
2938.40
2947.50
2903.35
2794.46
2789.48
2963.50
2964.50
2964.00
2963.00
2959.00
2955.00
2951.00
2945.68
2941.81
2940.91
2921.47
2906.52
2917.98
2691.57
2780.38
2897.87
2896.68
2896.68
2792.21
2872.88
2813.41
2861.00
2881.95
2878.55
2727.09
2760.31
2811.35
2821.91
2629.57
2790.23
2704.09
2793.90
2794.46
2616.02
2592.05
2459.82
2784.58
2754.96
2805.89
2784.71
2645.71
2888.14
2950.39
2851.33
2773.67
2846.29
2912.27
2959.93
2917.05
2929.04
2933.10
2935.42
2932.17
2931.46
3023.58
2934.31
2926.19
2936.60
2936.60
2929.91
2937.90
2936.53
2892.12
2837.61
2785.00
2961.00
2962.78
2964.50
2964.00
2967.81
2974.48
2974.48
2951.77
2964.07
2970.87
3081.72
2893.18
2992.22
2983.03
3018.50
3020.50
3020.50
3022.00
3023.00
3024.00
3024.00
3024.00
3024.00
3022.00
3020.50
3013.50
3011.50
3122.82
3009.00
3005.00
3000.82
3001.50
3001.50
3002.00
3003.00
3003.98
3005.00
3005.50
3006.00
3006.50
3008.00
3009.50
3009.50
3010.00
3011.00
3011.50
3011.50
3010.50
3009.00
3009.50
3009.00
3007.67
3006.35
3006.75
3000.50
3104.35
2986.85
2982.84
2982.61
2984.97
3062.23
2996.83
3002.51
3004.83
3005.19
2990.43
3003.12
2998.31
2964.71
2983.65
2963.06
2995.62
2976.77
2998.87
3011.24
3010.32
3010.19
3007.30
3002.63
2967.98
2967.28
2964.76
2951.63
3006.73
3036.00
3016.25
2996.69
2970.10
2973.00
2973.50
2975.94
3057.34
2978.00
3057.34
3075.41
3057.34
2977.50
2978.00
2977.72
2976.50
2977.88
2978.50
2978.00
2978.50
2978.50
2979.50
2980.00
2980.50
2981.00
2981.00
2980.50
2980.50
2980.50
3059.67
2982.66
2983.69
2989.00
2993.50
2996.69
2999.00
3003.50
3012.48
3011.50
2976.14
3015.00
3014.50
3014.50
3013.00
3013.00
3013.00
3014.50
2988.02
3006.86
3007.97
3029.39
3014.66
3014.95
2968.90
3083.51
3115.67
3050.60
3049.28
2967.30
3048.00
3047.52
3149.71
3050.04
3153.11
3051.00
3051.50
3052.00
3242.51
3053.50
3018.19
3055.00
3055.46
3069.74
3077.60
3067.75
3066.79
3049.07
2990.06
2915.88
3013.72
3003.76
3075.80
3034.61
3162.26
3189.08
3213.35
3217.00
3217.00
3217.50
3216.24
3215.67
3215.67
3212.00
3466.17
3287.47
3274.55
3212.00
3277.59
3498.67
3207.88
3207.24
3205.65
3205.13
3202.45
3199.50
3197.50
3197.00
3195.30
3193.00
3192.00
3188.50
3181.00
3177.00
3176.50
3382.24
3204.85
3687.71
3247.19
3690.72
4275.66
4417.07
4561.83
4663.88
3240.10
4215.66
4312.57
3892.84
4081.88
4411.41
4375.67
4377.82
3580.95
3695.01
4297.05
4269.62
3629.77
3767.58
3742.01
3266.83
3183.27
3181.50
3175.50
3171.00
3170.50
3112.64
3169.00
3168.50
3270.57
3114.61
3115.57
3171.00
3120.21
3120.21
3124.19
3172.00
3405.11
3116.14
3083.31
3084.23
3181.50
3182.50
3183.00
3228.84
3184.50
3185.50
3228.44
3198.84
3241.17
4202.70
4384.15
4465.92
4146.12
3661.44
3291.50
3420.97
3924.57
4251.25
3285.50
3283.50
3282.76
3282.78
3204.72
3195.80
3275.00
3275.00
3196.57
3166.98
3150.35
3234.93
3083.00
2986.20
3156.87
3317.99
3627.94
3856.41
3947.07
3241.07
4220.53
3599.89
3371.45
3293.84
3370.76
3387.74
3353.50
3298.23
3299.78
3351.50
3386.70
3385.10
3307.42
3294.76
3418.31
3353.95
3384.96
3351.96
3353.71
3352.85
3530.06
3610.99
3366.12
3357.91
3357.91
3403.50
3404.24
3403.50
3402.67
3402.82
3399.50
3399.50
3396.00
3359.44
3333.00
3332.04
3419.30
3335.11
3335.28
3411.61
3416.25
3341.42
3813.89
3502.56
3420.35
3366.87
3614.04
5703.00
4104.52
3776.10
3855.90
4130.97
5667.00
5665.00
3646.90
3537.52
3885.40
3772.00
3805.50
3832.82
3746.10
3710.38
3963.94
3560.44
3547.30
3650.45
3561.00
3584.25
3661.48
3612.98
3512.26
3823.98
3856.67
4114.26
4021.16
5660.00
4118.04
3682.79
3685.76
3547.79
3454.00
3453.94
3576.22
3801.42
3715.96
3708.00
3442.50
3442.50
3439.56
3437.00
3440.84
3492.70
3594.96
3501.10
3587.15
3446.63
3446.50
3447.50
3511.49
3569.11
3447.00
3446.50
3447.00
3447.00
3447.50
3448.00
3447.50
3446.00
3444.50
3441.58
3444.50
3429.89
3439.42
3439.27
3432.04
3422.13
3950.94
4217.33
4251.46
4502.35
3764.49
3649.19
3412.00
3616.13
3574.76
3610.36
3989.28
3573.14
3564.00
3691.38
3741.43
3684.48
3612.45
3966.56
3471.84
3421.09
3469.31
3500.74
3532.58
3483.85
3675.45
3834.36
4761.53
4777.61
4336.83
3661.00
4298.86
3773.55
4320.07
4555.53
4111.05
4487.79
4297.79
4480.61
3840.42
3831.62
3932.11
3944.32
3885.36
3865.13
3832.06
3844.32
3904.97
4067.98
3884.18
3914.74
3959.40
3849.92
3839.88
3873.63
3933.30
4069.92
4136.51
4052.81
4034.55
4069.42
4212.22
4482.03
4479.40
4285.59
4252.72
4333.85
4491.82
4375.64
4374.36
4504.88
4562.88
4652.87
4963.47
5221.80
5219.97
5220.65
5234.68
5239.71
5256.65
5270.73
5318.55
5302.77
5385.28
5468.35
5506.28
5352.02
5210.09
5322.50
5323.50
5324.50
5326.00
5327.50
5337.67
5342.50
5344.00
5382.94
5376.86
5345.79
5346.65
5348.00
5349.50
5352.50
5243.03
5274.08
5349.50
5348.50
5351.81
5341.00
5340.50
5356.18
5332.50
5338.76
5334.63
5294.86
5314.52
5319.00
5325.64
5305.79
5322.81
5305.29
5294.78
5255.31
5251.00
5157.75
5249.00
5248.50
5249.00
5161.83
5163.58
5252.50
5256.00
5259.00
5262.50
5267.24
5275.05
5278.95
5281.43
5284.05
5277.50
5277.00
5294.61
5280.19
5270.83
5270.21
5262.25
5260.00
5258.50
5258.00
5257.50
5256.56
5258.30
5250.00
5251.50
5253.00
5254.00
5254.00
5254.50
5256.00
5258.00
5260.50
5262.00
5263.50
5263.50
5263.50
5262.50
5262.50
5261.50
5255.74
5253.50
5250.36
5249.36
5248.93
5248.63
5248.93
5249.41
5247.51
5252.00
5253.00
5255.52
5257.50
5259.00
5261.36
5269.86
5276.90
5279.88
5280.00
5281.46
5281.82
5282.13
5282.29
5282.95
5285.90
5288.26
5289.84
5289.73
5290.94
5292.62
5294.50
5297.88
5303.00
5305.00
5305.50
5306.50
5306.50
5307.50
5309.50
5310.00
5307.92
5305.62
5306.19
5305.03
5305.92
5305.27
5306.97
5307.55
5308.18
5311.00
5311.50
5312.00
5312.00
5312.50
5313.00
5312.00
5311.00
5309.00
5308.50
5308.00
5307.00
5302.72
5301.50
5301.17
5303.00
5303.50
5302.68
5304.56
5303.10
5300.12
5299.34
5295.20
5294.58
5288.68
5285.12
5283.71
5281.53
5277.76
5270.50
5265.00
5262.00
5260.50
5259.00
5258.50
5256.00
5251.00
5250.50
5250.50
5252.00
5255.61
5263.52
5262.44
5265.96
5272.25
5278.00
5279.75
5293.67
5300.53
5302.00
5303.06
5307.00
5306.57
5307.15
5306.16
5307.33
5309.74
5312.14
5314.16
5312.96
5307.75
5307.28
5311.35
5310.00
5309.50
5306.13
5300.81
5302.36
5295.04
5293.56
5291.84
5289.75
5290.36
5294.27
5295.61
5307.06
5306.28
5295.06
5314.25
5320.46
5321.02
5322.71
5326.81
5318.50
5315.77
5320.62
5318.67
5318.56
5317.31
5312.47
5304.47
5303.42
5154.86
4595.15
3334.13
2236.50
2950.70
3324.67
2889.63
3068.80
4457.82
2815.93
3838.76
2819.86
2897.63
3469.26
2697.24
2804.51
2968.61
5575.75
2633.45
2644.68
2675.10
2868.42
2677.83
2633.42
2363.03
2181.27
2340.21
2421.84
2546.60
2796.14
3045.26
3308.60
3187.97
3206.91
3201.50
3198.51
3376.58
3259.45
3214.24
3208.02
3213.47
3212.81
3212.51
3212.21
3215.41
3249.58
3321.58
3208.03
3273.83
3204.20
3196.51
3204.89
3312.71
3306.41
3227.90
3223.51
3540.16
3413.10
3272.50
3449.30
3247.25
3289.32
3250.09
3226.21
3232.06
3231.15
3229.61
3239.82
3236.23
3312.93
3239.98
3261.42
3232.01
3239.74
3372.35
3304.21
3307.79
3376.21
3235.04
3233.63
3238.72
3234.76
3231.15
3248.48
3312.76
3434.14
3324.38
3233.70
3224.35
3280.96
3278.51
3225.49
3265.32
3400.84
3277.97
3292.48
3249.71
3288.83
3334.16
3267.00
3102.72
2851.47
3276.10
3282.80
3252.87
3252.25
3264.27
3248.89
3249.98
3366.14
3269.34
3317.82
3252.42
3263.39
3298.49
3312.75
3311.66
3274.14
3328.91
3326.90
3262.22
3271.51
3269.96
3287.96
3277.44
3300.96
3317.29
3286.49
3272.07
3279.04
3279.97
3276.16
3255.68
3309.02
3398.66
3301.00
3292.31
3301.67
3286.23
3313.64
3252.24
3255.17
3340.21
3262.77
3269.54
3283.35
3287.44
3285.15
3257.45
3172.97
3139.19
2918.51
3226.29
2692.87
1600.55
1361.10
1412.80
1226.41
1413.76
1526.01
1781.74
1921.93
2107.30
2660.89
2359.82
2393.99
2572.20
2857.72
3327.15
3431.12
3442.58
3473.54
3812.34
3805.84
3987.17
3257.81
3308.00
3331.52
3209.01
3224.73
3250.12
3219.38
3244.03
3230.56
3220.35
3299.84
3343.24
3208.48
3216.97
3307.92
3493.04
3249.58
3212.37
3205.50
3203.16
3224.48
3221.59
3311.34
3297.08
3220.79
3216.83
3215.18
3213.68
3204.34
3230.39
3228.89
3234.33
3222.52
3215.54
3241.99
3262.80
3264.32
3250.24
3254.00
3235.32
3229.04
3230.72
3223.34
3226.86
3231.77
3228.59
3290.49
3224.03
3239.75
3224.88
3226.56
3216.67
3220.39
3277.24
3236.26
3233.66
3233.41
3227.72
3230.82
3231.87
3230.74
3228.55
3287.32
3337.39
3228.64
3282.80
3233.66
3232.51
3232.93
3238.09
3289.96
3226.05
3229.04
3242.98
3241.13
3229.14
3226.29
3419.44
3220.04
3282.98
3221.91
3228.62
3232.19
3392.99
3286.63
3240.99
3249.24
3374.98
3314.33
3301.45
3449.45
3305.70
3287.06
3519.05
3526.22
3294.25
3281.04
3271.61
3289.64
3301.09
3308.13
3286.24
3282.79
3285.52
3269.69
3284.53
3323.32
3284.42
3290.44
3315.13
3265.42
3280.79
3381.63
3274.03
3281.76
3412.79
3302.75
3290.77
3300.50
3406.85
3318.12
3288.45
3292.28
3327.87
3326.96
3328.88
3312.26
3295.35
3289.36
3303.13
3279.07
3343.68
3289.00
3370.48
3284.91
3319.25
3294.26
3274.27
3238.00
3251.89
3250.23
3269.75
3268.79
3350.07
3260.54
3220.92
3228.96
3223.87
3227.43
3219.83
3222.35
3209.49
3199.48
3204.16
3203.34
3199.37
3235.40
3319.57
3335.97
3215.79
3208.11
3227.26
3225.59
3201.90
3200.66
3205.27
3212.83
3245.48
3200.05
3205.70
3198.43
3208.37
3363.28
3263.49
3215.92
3262.52
3215.02
3211.89
3208.51
3213.47
3213.19
3268.51
3256.01
3215.10
3229.71
3229.56
3226.96
3234.47
3228.99
3243.92
3243.75
3222.08
3231.68
3229.44
3234.23
3235.35
3266.44
3229.23
3229.17
3229.09
3226.11
3213.77
3212.04
3217.60
3222.48
3206.28
3284.59
3263.92
3209.98
3188.43
3215.34
3202.25
3232.96
3213.71
3208.51
3256.69
3329.36
3219.04
3227.63
3229.42
3230.27
3242.65
3405.25
3277.48
3259.17
3226.39
3256.51
3280.99
3259.76
3234.83
3242.76
3255.12
3228.97
3230.22
3241.28
3251.12
3239.53
3263.03
3265.03
3275.58
3267.77
3320.55
3399.73
3310.79
3249.49
3279.77
3277.73
3425.46
3293.59
3338.25
3291.18
3288.63
3289.19
3287.77
3303.53
3288.69
3287.02
3288.55
3285.00
3287.27
3287.99
3301.06
3301.87
3384.31
3477.36
3316.82
3422.33
3402.41
3356.72
3295.95
3301.36
3304.26
3279.88
3280.39
3292.11
3290.66
3322.13
3293.13
3291.79
3292.64
3280.85
3245.71
3217.20
3269.77
3262.88
2313.25
2118.11
3233.27
3263.42
2736.53
2955.13
3275.74
3226.79
3299.09
3406.71
3296.88
3206.61
3212.09
3245.86
3229.17
3207.89
3203.51
3330.77
3223.39
3210.62
3231.87
3295.48
3222.23
3214.27
3282.60
4072.60
3301.62
3207.54
3205.25
3207.43
3209.59
3204.24
3209.85
3201.87
3430.74
3339.97
3213.04
3210.99
3211.39
3209.91
3221.14
3214.49
3312.19
3279.86
3216.80
3214.06
3210.41
3204.95
3233.00
3212.36
3233.75
3220.89
3225.97
3219.17
3229.59
3229.94
3217.32
3208.76
3217.28
3213.61
3185.23
3175.70
3231.62
3304.57
3236.42
3275.40
3225.43
3231.77
3230.25
3231.55
3223.57
3336.94
3366.49
3224.70
3224.66
3231.97
3230.56
3218.92
3219.41
3205.81
3220.96
3213.39
3225.46
3229.08
3218.01
3221.35
3209.83
3227.73
3227.81
3211.00
3223.16
3226.63
3219.04
3226.13
3219.51
3221.26
3248.58
3239.11
3227.43
3237.98
3244.66
3259.53
3291.52
3400.77
3273.88
3288.55
3270.35
3275.13
3392.71
3398.37
3291.68
3313.20
3302.48
3293.66
3317.12
3298.56
3283.22
3285.16
3311.42
3291.28
3287.28
3285.26
3337.34
3295.95
3291.09
3291.07
3289.77
3281.05
3306.93
3303.75
3088.29
3236.98
3309.72
3292.47
3280.40
3278.24
3275.38
3336.22
3286.68
3287.26
3288.02
3291.61
3275.57
3276.04
3283.59
3383.06
3287.22
3262.51
3279.83
3262.77
3290.60
3297.07
3324.04
3382.14
3283.37
3285.63
3282.06
3249.23
3244.18
3268.27
3414.37
3353.75
3381.23
3258.00
3219.34
3248.63
3205.16
3202.77
3203.32
3232.64
3225.62
3202.00
3244.03
3276.65
3426.82
3203.59
3203.78
3188.19
3305.20
3259.50
3270.88
3208.32
3205.54
3234.86
3215.73
3250.35
3236.13
3309.15
3239.78
3238.01
3212.15
3207.42
3211.06
3208.88
3195.21
3216.27
3215.92
3223.93
3223.49
3212.89
3221.00
3211.64
3290.84
3208.31
3217.77
3407.09
3221.38
3227.45
3226.17
3221.35
3184.45
3207.03
3184.30
3206.74
3184.68
3193.84
3186.29
3203.93
3207.49
3202.84
3005.39
2586.17
3320.22
3174.82
3192.88
3325.71
3168.76
3203.78
3157.24
3187.69
3201.95
3172.59
3170.77
3333.35
3204.57
3159.83
3146.20
3137.96
3182.13
3204.71
3270.93
3114.55
3209.67
3217.44
3200.41
3211.72
3307.73
3281.83
3210.26
3457.68
3249.11
3251.56
3256.80
3240.14
3263.04
3261.07
3273.91
3262.21
3272.49
3270.84
3273.40
3278.83
3281.82
3279.90
3379.92
3437.03
3334.86
3292.34
3292.80
3289.83
3287.39
3285.94
3285.58
3289.62
3311.36
3359.13
2917.98
3179.74
3296.44
3288.92
3290.23
3340.69
3293.37
3291.58
3291.01
3308.94
3225.08
3281.35
3276.22
3050.61
3210.56
3117.00
1273.48
1098.47
1095.72
1499.17
1773.18
1363.84
1771.87
2224.74
2448.35
2232.62
2488.39
2644.81
2821.04
2868.95
3064.90
3343.96
3554.99
3785.13
3931.65
3830.61
3733.18
4291.89
4396.14
3280.25
4695.70
4710.61
3695.83
3203.89
3205.13
3199.20
3312.03
3222.16
3224.48
3213.64
3199.92
3229.40
3415.30
3276.86
3298.16
3264.92
3202.87
3206.51
3246.82
3208.32
3226.63
3350.59
3424.98
3237.57
3212.25
3215.85
3215.02
3231.78
3230.42
3213.77
3235.34
3223.92
3220.31
3228.16
3231.38
3278.50
3284.47
3258.46
3240.80
3218.48
3225.51
3225.38
3213.63
3238.76
3229.82
3243.36
3229.74
3225.67
3226.86
3228.05
3231.05
3225.83
3252.62
3269.45
3253.47
3254.76
3247.43
3235.35
3240.18
3230.51
3226.62
3204.25
3217.64
3235.12
3205.58
3221.84
3229.13
3248.42
3275.61
3236.57
3221.84
3337.34
3261.91
3230.85
3213.09
3217.33
3255.35
3226.63
3260.65
3264.90
3244.63
3252.42
3274.71
3293.43
3328.43
3379.11
3279.06
3271.90
3281.69
3349.47
3318.58
3242.73
3343.63
3313.01
3311.13
3359.99
3165.40
3341.42
3429.22
3322.68
3280.15
3453.16
3295.47
3302.85
3292.99
3295.85
3412.27
3325.18
3294.39
3345.29
3407.12
3339.50
3304.04
3310.95
3392.90
3297.16
3299.16
3284.59
3419.44
3474.26
3311.84
3389.79
3453.69
3403.09
3311.62
3063.44
2911.44
3129.41
3439.22
3523.59
3338.62
3382.60
3389.52
3400.68
3409.92
3287.09
3272.35
3285.49
3347.12
3248.69
3274.30
3249.67
3473.76
3247.90
3230.49
3234.71
3371.41
3240.38
3285.80
3241.00
3267.74
3256.05
3202.37
3203.28
3204.00
3207.80
3199.84
3209.22
3230.11
3206.55
3203.62
3207.03
3206.69
3204.72
3205.25
3205.62
3234.22
3206.11
3206.07
3224.05
3217.77
3215.54
3212.06
3211.82
3210.80
3209.20
3213.39
3220.64
3220.58
3224.10
3226.02
3226.11
3228.35
3229.73
3231.73
3230.93
3225.25
3229.77
3237.79
3251.12
3226.61
3232.96
3230.32
3235.84
3236.25
3242.90
3233.82
3233.50
3289.55
3230.96
3228.20
3246.83
3240.61
3230.32
3233.75
3320.32
3250.50
3219.60
3227.81
3228.41
3230.26
3230.39
3223.58
3206.77
3249.12
3223.28
3231.40
3218.92
3277.99
3272.73
3233.05
3238.81
3215.33
3221.71
3219.41
3313.79
3202.76
3214.76
3225.13
3222.70
3226.31
3229.32
3207.87
3247.48
3270.24
3249.15
3230.27
3232.34
3278.04
3276.80
3269.04
3272.00
3273.72
3266.13
3255.63
3284.41
2699.14
2711.18
3319.11
3268.52
3265.85
3252.82
3273.26
3274.27
3288.76
3280.20
3282.01
3265.81
3279.10
3285.10
3280.09
3308.54
3248.75
3270.49
3282.25
3258.59
3269.19
3203.11
3226.87
3216.95
3266.40
3277.03
3280.44
3246.69
1902.02
1695.18
2925.40
3012.56
2045.66
2879.70
3145.82
2894.15
3272.75
3271.47
2910.98
2743.02
3089.54
3255.62
3281.33
3463.23
3506.06
3714.43
3392.68
3284.61
4012.25
3299.87
3212.75
3241.53
3236.47
3268.92
3204.79
3284.31
3225.61
3205.94
3205.07
3224.83
3220.54
3205.24
3206.36
3209.16
3260.23
3248.82
3218.67
3245.20
3284.46
3367.80
3230.26
3238.36
3319.68
3259.70
3299.73
3312.16
3325.96
3259.23
3229.93
3244.04
3229.69
3240.00
3213.16
3210.93
3251.49
3228.93
3347.38
3326.94
3278.01
3230.12
3259.40
3271.13
3242.42
3239.37
3271.08
3272.61
3215.54
3237.42
3243.95
3275.53
3229.22
3230.87
3239.82
3318.48
3257.78
3265.18
3250.02
3269.57
3257.38
3275.11
3237.46
3282.22
3245.96
3231.03
3230.57
3226.85
3231.73
3227.43
3378.36
3292.82
3230.56
3242.70
3261.42
3237.43
3255.85
3257.24
3433.52
3393.41
3302.36
3338.72
3255.34
3316.23
3254.48
3235.31
3272.93
3286.90
3369.47
3262.45
3261.66
3289.54
3260.15
3279.48
3306.30
3302.58
3312.18
3272.35
3272.35
3292.08
3276.11
3394.07
3417.83
3390.12
3300.13
3330.56
3330.80
3279.68
3277.54
3288.66
3291.11
3329.01
3366.82
3303.18
3320.97
3309.13
3282.09
3285.42
3420.54
3052.88
3336.41
3290.77
3309.61
3309.02
3320.23
3444.34
3219.62
3389.63
3441.05
3303.27
3288.01
3292.15
3370.26
3349.35
3295.77
3287.58
3304.36
3291.56
3378.75
3358.91
3315.25
3318.26
3279.26
3321.59
3277.22
3280.46
3267.71
3388.49
3348.78
3356.19
3339.77
3330.66
3395.35
3287.97
3288.61
3252.39
3211.82
3214.64
3240.52
3338.28
3243.91
3281.63
3245.01
3240.67
3274.10
3300.91
3366.79
3267.47
3314.24
3314.43
3283.82
3188.31
3238.48
3331.40
3298.17
3342.26
3386.05
3423.04
3298.18
3331.96
3308.25
3240.31
3281.88
3270.73
3331.54
3335.18
3275.61
3243.69
3337.54
3346.61
3333.13
3388.89
3334.04
3333.62
3409.66
3066.89
3283.75
3323.45
3244.18
3293.35
3349.85
3356.84
3268.61
3250.20
3242.01
3308.92
3459.74
3400.63
3541.81
3270.29
3324.17
3238.14
3250.64
3375.14
3288.20
3309.88
3353.96
3279.02
3239.60
3448.11
3333.54
3429.76
3288.53
3273.16
3279.95
3263.94
3311.72
3386.37
3450.53
3274.54
3249.78
3250.95
2972.59
3112.70
3336.88
3407.34
3328.49
3271.18
3217.41
3235.74
3289.63
3369.20
3292.36
3311.98
3259.68
3281.05
3294.51
3332.34
3359.16
3345.60
3299.27
3445.46
3459.63
3181.80
3419.23
3382.77
3365.36
3358.71
3378.44
3456.25
3342.73
3327.21
3342.84
3352.73
3373.10
3484.92
3310.98
3396.42
3288.54
3310.25
3363.25
3306.79
3097.49
3156.98
2816.02
2327.05
2326.68
1912.84
1608.20
1293.54
1162.91
1475.14
1548.22
1675.70
1767.67
2149.07
2300.10
2302.01
2513.47
2710.03
2948.51
3109.08
3290.67
3376.26
3645.38
3791.49
3942.63
4024.39
4166.59
4196.11
4367.62
4370.76
4421.34
4396.75
3386.11
3283.80
3214.50
3281.91
3236.65
3277.79
3228.39
3392.57
3260.81
3202.87
3204.08
3246.36
3328.75
3115.83
3252.49
3239.22
3397.59
3394.48
3466.48
3244.82
3247.90
3443.52
3352.48
3229.26
3231.35
3243.11
3476.89
3218.02
3210.43
3223.17
3211.61
3254.41
3536.24
3432.74
3507.11
3233.28
3232.36
3263.11
3199.26
3024.20
3215.48
3313.61
3292.20
3247.90
3229.05
3227.25
3228.14
3356.96
3384.36
3360.15
3238.56
3225.44
3234.50
3255.63
3315.68
3292.15
3261.00
3456.84
3275.34
3304.15
3257.87
3273.39
3361.26
2979.29
3411.19
3252.16
3232.42
3478.53
3278.86
3268.47
3308.50
3399.61
3271.62
3290.01
3297.43
3227.82
3224.04
3235.58
3287.52
3369.72
3488.83
3336.09
3561.16
3383.11
3419.35
3615.08
3614.82
3502.82
3446.41
3419.20
3553.07
3535.37
3593.64
3415.38
3532.51
3077.64
3447.52
3614.48
3486.76
3256.24
3077.07
3574.08
3504.85
2931.48
3423.09
3497.22
3310.15
3588.33
3656.53
3600.18
3654.95
3577.13
3639.93
3524.47
3671.67
3479.15
3460.41
3204.39
3462.50
3540.05
3423.92
3643.29
3496.89
3504.48
3597.83
3623.22
3468.07
3603.60
3323.42
3392.98
3472.98
3484.69
3602.87
3061.35
3284.14
3145.17
3351.86
3347.22
3294.67
3381.48
3385.96
3226.94
3284.46
3506.34
3346.83
3311.48
3257.83
3383.47
3281.01
3241.60
3259.07
3248.20
3351.36
3409.71
3236.39
3290.33
3459.13
3215.43
3466.68
3486.70
3321.33
3315.02
3246.36
3217.17
3314.56
3303.16
3554.48
3316.40
3400.65
3565.60
3231.95
3225.44
3232.28
3227.77
3302.17
3386.22
3637.09
3491.41
3278.08
3265.06
3286.79
3268.59
3254.46
3635.12
3314.14
3316.64
3711.42
3261.73
3245.81
3244.65
3284.42
3486.59
3560.86
3424.05
3266.38
3685.58
3325.14
3260.14
3293.27
3495.39
3611.78
3478.65
3488.71
3316.67
3493.85
3301.14
3307.97
3597.63
3254.06
3229.79
3246.38
3679.45
3520.74
3270.41
3244.97
3341.63
3529.57
3288.44
3288.29
3282.19
3307.07
3315.12
3695.85
3186.68
3420.71
3346.39
3551.64
3751.42
3635.46
3552.16
3264.83
3351.92
3413.34
3303.85
3289.17
3618.27
3763.73
3838.78
3802.50
3586.78
3685.68
3717.38
3713.85
3811.57
3547.21
3657.44
3740.09
3218.68
3786.84
3311.87
3775.76
3728.81
3718.16
3402.77
3436.84
3560.83
3626.84
3631.59
3419.82
3345.78
3315.90
3322.11
3716.03
3578.78
3308.50
3762.06
3631.65
3708.14
2917.28
3068.94
3296.11
3263.03
3191.65
2915.27
3212.28
2955.76
3298.64
2637.46
3286.49
3297.17
2390.87
3372.48
3436.17
3384.85
3419.54
3588.12
3732.98
3719.55
3663.64
3431.66
3433.95
3398.91
3484.21
3230.51
3372.32
3367.16
4189.71
4233.99
3540.40
3474.23
4228.85
4341.45
3998.96
3832.91
3463.71
3346.38
3543.76
3368.82
3377.18
3344.11
3253.80
3364.72
2846.89
3472.08
3233.34
3281.25
3344.32
3316.43
3594.94
3325.80
3318.58
3248.36
3281.87
3231.82
3236.47
3217.06
3320.68
2763.10
3437.53
3659.42
3348.71
3331.06
3257.20
3322.80
3339.38
3145.69
3270.45
3525.39
3406.99
3303.13
3359.49
3343.21
3327.59
3108.60
3433.10
3335.32
3297.08
3308.47
3318.77
3309.53
3601.54
3348.47
3322.36
3326.32
3443.94
3529.16
3276.24
3298.01
3306.45
3433.19
3489.84
3309.67
3307.13
3229.33
3293.71
3307.85
3319.62
3376.91
3464.58
3339.19
3351.95
3270.72
3246.72
3424.74
3311.20
3305.96
3343.81
3475.33
3304.86
3382.82
3253.30
3570.45
3313.88
3347.82
3458.10
3340.76
3473.22
3456.55
3363.90
3425.96
3558.05
3595.98
3493.20
3308.81
3292.69
3289.98
3346.76
3314.51
3339.05
3383.37
3406.81
3353.89
3299.14
3296.63
3330.69
3298.64
3356.95
3319.23
3604.69
3415.28
3361.77
3424.01
3567.41
3463.03
3416.78
3401.88
3538.59
3371.05
3418.69
3539.87
3506.41
3295.58
3555.40
3366.27
3320.78
3344.55
3471.16
3416.12
3355.54
3355.64
3333.35
3329.77
3532.90
3549.35
3500.23
3298.16
3282.09
3253.54
3284.06
3299.87
3349.17
3480.15
3421.56
3489.04
3270.20
3290.58
3313.02
3486.29
3359.47
3420.93
3374.33
3268.21
3384.78
3559.72
3374.55
3517.19
3244.71
3270.01
3248.80
3262.16
3204.24
3205.59
3204.64
3347.11
3207.86
3264.10
3213.78
3224.16
3249.30
3218.83
3252.50
3278.30
3217.96
3225.36
3225.20
3626.15
3317.26
3336.68
3613.87
3337.14
3230.51
3218.33
3280.95
3277.17
3242.14
3294.21
3503.27
3315.93
3355.58
3281.44
3265.60
3266.20
3283.86
3236.01
3282.73
3416.06
3317.22
3407.07
3278.04
3594.63
3031.52
3258.69
3454.64
3295.34
3045.76
3418.12
3295.60
3381.48
3287.67
3303.84
3411.86
3209.82
3270.89
3331.68
3505.31
3583.56
3382.62
3552.01
3401.24
3364.04
3561.87
3492.01
3366.17
3432.84
3474.36
3430.47
3497.92
3449.57
3540.44
3639.93
3313.63
3505.81
3315.07
3319.16
3313.13
3426.13
3354.82
3407.01
3128.05
3322.77
3318.58
3492.07
3339.31
3305.41
3309.63
3300.91
3312.13
3387.66
3531.55
3514.70
3326.99
3341.61
3334.99
3472.51
3546.34
3289.06
3339.11
3289.86
3303.89
3529.99
3393.02
3401.64
3390.14
3317.05
3288.65
3299.94
3286.33
3291.37
2772.02
3309.17
3102.34
3246.80
2446.51
2080.16
1493.42
1270.98
1304.22
1743.56
2010.20
2271.13
2219.90
2367.94
2527.33
2576.48
2823.21
3058.08
3266.54
3433.79
3580.91
3654.08
3480.23
3598.39
3861.54
3561.40
3266.93
3240.67
3239.35
3423.68
4259.65
4268.12
3701.06
3281.62
3203.85
3199.08
3203.76
3204.34
3201.34
3213.67
3210.56
3202.64
3203.04
3239.23
3240.46
3201.86
3200.93
3206.72
3206.82
3202.88
3209.87
3229.60
3219.60
3209.07
3215.62
3244.46
3220.73
3261.98
3210.54
3208.04
3211.69
3213.17
3231.47
3282.00
3218.55
3239.29
3227.89
3228.10
3227.96
3227.35
3232.17
3306.72
3246.23
3231.71
3351.21
3226.46
3225.31
3227.50
3227.08
3281.17
3241.56
3226.62
3290.41
3235.93
3235.91
3347.14
3414.81
3437.18
3233.73
3228.78
3227.92
3230.24
3227.88
3226.85
3227.68
3247.83
3277.45
3228.08
3225.53
3221.63
3228.09
3228.07
3231.45
3261.69
3282.10
3279.65
3220.39
3223.06
3219.71
3217.10
3396.32
3084.90
3413.46
3305.86
3247.48
3260.11
3264.11
3248.22
3264.64
3268.98
3276.73
3271.28
3261.44
3269.76
3279.97
3283.09
3355.04
3364.47
3346.71
3308.03
3291.12
3325.77
3028.56
3433.00
3306.74
3263.35
3289.52
3307.82
3305.01
3323.45
3348.80
3302.38
3305.89
3344.74
3120.87
3326.25
3302.10
3320.68
3390.36
3323.12
3239.92
2937.05
2667.70
2877.03
3174.78
2834.66
3225.25
2840.63
2769.30
2978.41
3232.69
3106.74
3107.40
3218.11
3288.04
3265.27
3244.76
3193.11
3226.62
3230.21
3232.38
3272.57
3312.08
3219.83
3256.43
3208.87
3084.66
3034.55
3187.40
3274.34
3301.41
3041.38
2709.74
3109.97
2391.21
2867.54
3160.99
3354.77
3167.88
3152.05
3187.16
3008.40
3293.71
3350.96
3017.19
3078.38
3238.03
3173.37
3169.10
3153.34
3082.83
3094.51
3131.40
3146.80
3168.30
3198.23
3153.76
3176.26
3195.29
3219.44
3222.51
3227.10
3220.17
3212.80
3210.80
3183.01
3209.12
3225.18
3221.78
3223.25
3224.63
3221.13
3214.46
3150.40
3226.39
3222.87
3201.52
3216.28
3211.97
3219.38
3188.07
3130.32
3206.91
3219.04
3212.29
3204.88
3142.36
3182.07
3219.45
3193.21
3218.30
3226.37
3222.91
3211.52
3221.99
3208.51
3166.56
1935.69
2377.53
2250.18
2824.29
2449.03
2567.84
2986.08
3065.00
3161.12
3072.59
3043.58
2929.45
3033.17
3030.82
3037.13
3220.57
3225.83
3201.78
3233.40
3237.39
3251.52
3254.83
2337.67
2761.43
3053.68
2210.89
2549.15
2882.68
3039.60
3070.66
3033.80
3088.10
3075.37
2322.13
2752.57
2977.98
2924.81
2605.13
2396.41
2341.35
2303.20
2991.61
2931.07
2555.45
2881.58
2994.33
3205.16
3270.22
3232.96
3177.26
3221.18
3243.91
3107.51
3266.32
3119.27
3221.16
3037.62
2615.51
2967.73
2460.14
2784.98
2726.45
2788.86
2990.52
3024.58
2997.38
3050.55
3052.43
3062.33
3113.07
3014.78
3003.44
3005.09
3051.55
3036.95
3093.40
3057.04
3061.82
3134.34
3111.06
3127.37
3038.96
2915.89
2952.41
2908.45
2915.02
2958.25
2979.43
3014.00
3017.23
2978.45
2912.06
2935.28
2952.24
2947.36
2890.68
2894.08
2680.70
2551.36
2788.45
2571.52
2838.93
2956.01
2952.19
2883.63
2292.20
2536.55
2309.06
2397.04
2795.11
2813.86
2896.91
2974.19
2915.72
2764.25
2446.06
2319.80
2954.17
2981.08
2989.50
2593.49
2982.71
2994.19
3010.71
2988.74
2969.58
2962.88
2920.32
2739.45
2943.46
3010.48
3024.26
2990.03
2893.27
2965.57
2966.37
2988.35
2996.56
2991.36
2984.70
2964.68
2988.94
2979.67
2943.49
2762.91
2578.59
2942.20
2974.81
2866.86
2932.52
2964.37
2948.27
2971.79
2655.02
2978.67
2993.08
2931.99
2981.05
2960.23
2938.47
2894.40
2906.14
2923.30
2917.28
2963.74
2970.93
2980.67
2582.24
2121.23
2989.20
2704.47
2589.27
2366.58
2476.92
2668.19
2927.73
3018.34
2952.50
2909.30
3006.31
3029.26
3027.89
3033.43
3035.64
3004.33
3056.87
3030.47
3032.20
3032.89
3027.72
3033.99
2870.29
2835.29
3011.96
3026.57
3027.28
3013.47
3033.13
3031.80
3020.07
3021.06
2943.00
2958.35
2987.36
2980.14
3019.49
3018.29
3035.17
2972.62
3032.47
3024.21
3028.23
3000.46
3010.75
3018.52
2974.90
2733.98
3028.67
3019.16
3011.41
2986.35
2988.43
2997.44
2992.48
3005.27
2988.87
2981.90
2984.76
2959.11
3019.44
2952.99
2961.54
2979.17
2953.68
2946.28
2950.76
2934.37
2942.31
2946.62
2952.85
2960.67
2969.06
2934.23
2952.49
2928.06
2957.20
2368.89
2239.90
2050.15
2944.95
2933.01
2944.60
2935.13
2926.43
2935.12
2926.93
2925.89
2934.83
2937.79
2927.02
2952.47
2975.80
2951.28
2969.10
2968.68
2942.90
2952.40
2947.67
2936.21
2942.88
2943.83
2972.31
2967.65
2959.49
3133.40
2955.34
2986.12
2988.51
2961.24
3019.16
3035.47
2474.24
2992.83
3003.03
2963.28
2964.57
2964.67
2996.41
3056.55
2962.05
3006.67
3068.42
2973.31
2949.95
2953.76
2960.71
2967.22
2978.42
2969.42
2977.34
3031.81
3152.13
2986.32
2974.32
2968.58
3035.42
2979.27
2970.12
2976.51
2972.43
2982.14
2971.28
3057.55
3035.57
3038.77
2981.72
2993.78
3007.13
3098.72
3033.02
3018.29
2993.71
3064.75
3054.38
3057.69
3136.63
3058.51
2988.62
2995.29
2466.55
2599.08
3046.26
3073.93
3003.45
3052.89
3001.04
2736.84
3027.06
3033.13
3025.00
3024.05
3022.81
2912.66
2798.52
2458.50
3049.04
3059.71
2990.94
2902.06
2837.81
2973.53
3008.05
2883.71
1451.65
1492.28
1411.42
1158.32
1503.63
1821.46
2303.02
2184.76
2331.23
2733.07
2753.59
3076.64
3213.71
3338.65
3497.33
3604.47
3675.52
3701.39
3831.90
3379.71
3117.24
3031.23
3335.72
3672.11
3222.23
3470.26
3627.35
2337.68
1524.96
2415.24
2600.05
2906.05
2569.82
2970.58
2925.97
2920.82
2899.35
2896.19
2916.49
2871.98
2909.57
2909.74
2889.52
2910.13
2939.93
2932.25
2946.11
2881.68
2931.33
2941.32
2943.84
2886.11
2906.39
2627.95
2927.51
2898.09
2880.39
2917.00
2924.89
2913.36
2912.86
2924.51
2967.31
2356.09
2653.51
2895.27
2943.80
2933.07
2953.95
2942.42
2977.98
2955.27
2959.29
2942.29
2939.34
2933.12
2889.93
2937.11
2932.90
2900.08
2960.48
2963.13
2950.85
2980.54
2803.36
2916.52
2664.88
2385.19
2895.11
2906.13
2862.08
2957.80
2945.86
2931.37
2872.96
2901.93
2930.67
2919.77
2945.48
2981.77
2942.23
2943.79
3005.31
2975.08
2970.48
2969.18
2914.07
2966.96
2977.30
2959.53
2958.07
2943.11
2948.84
2995.64
2941.33
2911.93
2780.96
2934.53
2955.51
2969.68
2960.62
3008.29
2978.86
3029.72
2850.54
2936.95
2879.37
2452.21
3009.23
2876.62
2659.00
2700.66
3005.27
2634.12
2353.99
2562.94
2345.01
2460.68
2232.94
2377.50
2529.20
2784.42
3018.31
3042.74
1975.58
2123.56
1723.01
1796.34
2172.08
2869.71
2865.59
2353.90
2365.17
2883.47
3090.14
3040.18
3029.55
3063.52
2721.61
2885.04
2623.78
2316.13
2960.77
3068.24
3039.72
3054.10
3041.72
3094.48
3136.40
3050.83
3046.41
3110.68
3102.10
2793.65
3084.14
3049.16
2799.37
3100.71
3008.11
3113.84
3105.02
3008.27
3050.90
3086.77
3108.76
3039.15
3027.02
3025.25
3027.74
3113.08
3056.29
2943.86
2692.14
2748.27
3148.29
3045.44
3051.83
3055.61
3045.03
3047.30
3189.93
2893.78
2380.99
2262.30
2512.55
2494.50
3139.54
2911.15
3187.55
3182.86
3100.42
3112.92
3161.91
3254.66
3030.86
2721.69
2729.77
2297.38
3170.13
3089.26
3110.60
3117.41
3131.60
3154.41
3216.43
3178.13
3184.32
3158.39
2289.65
2829.49
3181.18
3254.53
2724.07
3047.08
2673.92
3096.45
3210.12
3222.80
3221.69
3294.08
3219.13
3147.63
3149.02
3133.27
3166.08
3200.42
3134.75
3123.84
3095.01
3216.34
3279.68
3480.81
3281.92
3114.40
3137.15
3168.84
3180.97
3177.44
3146.86
3173.84
3155.92
3133.11
3153.25
3185.92
3067.99
3445.55
3312.21
3168.43
3168.08
3158.19
3219.99
3237.69
3310.44
3241.51
3443.81
3474.20
3315.03
3338.95
3548.36
3487.26
3216.73
3246.15
3247.18
3212.74
3232.80
3182.78
3194.02
3248.58
3290.77
3286.81
3254.59
3244.69
3275.66
3140.41
3133.55
3165.37
3103.25
3083.99
3077.17
3071.22
3069.99
2343.68
2384.01
2121.40
2509.16
3262.34
3320.52
3408.94
3357.09
3569.48
3678.21
3578.45
3330.42
3270.81
3271.86
3319.69
3277.24
3325.37
3319.06
3287.32
3333.12
3248.83
3288.66
3305.55
3496.83
3523.93
3498.21
3430.51
3188.87
3182.41
3199.67
3294.83
3340.37
3170.77
3258.96
3340.59
3390.13
3306.46
3313.92
3290.07
3246.74
3222.45
3191.15
3180.69
3192.68
3186.88
3223.53
3193.09
3203.02
3228.49
3186.09
3277.06
3352.28
3417.81
3232.02
3243.66
3220.70
3196.72
3179.98
3234.41
3215.77
3203.88
3233.62
3222.29
3242.48
3222.11
3299.76
3375.16
3334.81
3353.75
3246.68
3253.47
3256.26
3261.02
3285.62
3294.41
3374.77
3345.97
3394.95
3336.58
3292.71
3349.80
3449.69
3362.14
3322.55
3277.72
3303.62
3271.76
3269.69
3271.34
3372.77
3413.48
3326.79
3326.13
3316.26
3298.63
3294.67
3339.51
3343.85
3349.06
3272.50
3235.82
3197.00
3234.03
3317.59
3329.86
3365.51
3399.74
3410.06
3444.16
3463.45
3327.19
3298.56
3274.24
3371.15
3337.18
3425.57
3349.59
3323.72
3256.97
3301.90
3310.47
3366.88
3395.11
3450.28
3356.35
3320.89
3324.19
3295.35
3361.53
3332.19
3420.57
3365.22
3343.54
3319.37
3315.99
3249.36
3339.31
3265.03
3416.50
3299.89
3296.09
3467.52
3562.01
3408.54
3340.35
3320.83
3398.06
3417.22
3537.66
3342.35
3332.49
3323.71
3310.24
3481.75
3436.84
3328.08
3319.88
3309.69
3286.04
3344.85
3350.87
3353.86
3490.70
3523.23
3370.76
3357.85
3289.56
3343.48
3677.90
3356.04
3357.41
3332.50
3333.95
3334.88
3452.93
3382.60
3351.98
3319.23
3325.81
3321.50
3339.26
3291.12
3349.27
3307.02
3311.40
3337.05
3353.90
3394.72
3340.98
3368.01
3384.47
3391.19
3339.88
3349.76
3371.59
3415.39
3395.80
3334.81
3338.38
3320.17
3317.76
3375.30
3537.97
3459.24
3434.52
3333.33
3345.37
3326.13
3350.13
3309.39
3321.82
3336.83
3333.61
3353.19
3331.82
3347.36
3386.65
3381.71
3482.50
3354.40
3378.37
3285.81
3377.39
3381.15
3382.83
3310.73
3337.83
3530.68
3299.50
3299.50
3299.50
3299.50
3299.50
3299.50
3299.50
3299.50
3299.50
3299.50
3299.50
3299.50
3299.50
3299.50
3299.50
3299.50
3299.50
3299.50
3299.50
3299.50
3299.50
3299.50
3299.50
3299.50
3299.50
3299.50
3299.50
3299.50
3299.50
3299.50
3299.50
3299.50
3299.50
3299.50
3299.50
3299.50
3299.50
3299.50
3299.50
3299.50
3299.50
3299.50
3299.50
3299.50
3299.50
3299.50
3299.50
3299.50
3299.50
3299.50
3299.50
3299.50
3299.50
3299.50
3299.50
3299.50
3299.50
3299.50
3299.50
3299.50
3299.50
3299.50
3299.50
3299.50
3299.50
3299.50
3299.50
3299.50
3299.50
3299.50
3299.50
