 63.00  6377.9857  46.55   7.98    100
 1951 04 15 07 30 00
 15/04/1951, 07:30:00, RES=0.2500  APOD FN = TRI
 3293.204 3347.123 0.0500176027    1078
  0.46979
  0.52811
  0.57478
  0.60292
  0.64639
  0.67663
  0.68546
  0.67504
  0.66652
  0.66573
  0.63499
  0.61002
  0.57142
  0.51978
  0.45416
  0.39159
  0.33596
  0.27516
  0.23287
  0.22142
  0.23293
  0.29950
  0.38847
  0.47571
  0.56370
  0.62295
  0.67595
  0.71890
  0.75921
  0.77701
  0.79219
  0.80290
  0.80011
  0.80220
  0.81616
  0.82343
  0.81997
  0.81955
  0.82463
  0.82642
  0.81650
  0.80114
  0.80439
  0.81187
  0.82554
  0.83815
  0.83340
  0.82902
  0.82613
  0.82088
  0.82782
  0.81883
  0.79771
  0.79357
  0.78716
  0.75967
  0.75993
  0.74594
  0.73730
  0.75126
  0.76239
  0.77239
  0.77548
  0.76287
  0.75126
  0.73606
  0.70723
  0.67453
  0.63127
  0.58103
  0.52147
  0.45532
  0.39807
  0.33849
  0.30734
  0.31222
  0.32405
  0.37790
  0.41863
  0.42717
  0.41973
  0.36467
  0.33017
  0.28263
  0.22465
  0.17571
  0.14240
  0.11265
  0.09700
  0.09674
  0.12577
  0.18409
  0.27294
  0.32953
  0.37283
  0.40587
  0.40843
  0.39458
  0.37364
  0.35988
  0.35563
  0.35788
  0.41363
  0.48762
  0.60088
  0.68497
  0.73231
  0.77530
  0.81117
  0.81895
  0.82682
  0.82578
  0.82423
  0.83679
  0.84563
  0.85155
  0.85282
  0.86042
  0.85653
  0.84925
  0.83871
  0.83798
  0.83928
  0.82871
  0.82902
  0.83420
  0.82744
  0.80828
  0.78403
  0.78229
  0.78236
  0.75341
  0.71802
  0.66971
  0.62611
  0.57693
  0.54056
  0.53354
  0.54460
  0.55817
  0.57869
  0.60937
  0.63978
  0.66210
  0.69145
  0.74964
  0.80465
  0.82459
  0.83958
  0.86673
  0.87727
  0.87776
  0.88614
  0.88185
  0.87373
  0.86994
  0.87507
  0.87836
  0.87527
  0.88245
  0.90130
  0.90687
  0.88810
  0.87567
  0.87896
  0.89062
  0.89451
  0.89122
  0.88498
  0.87657
  0.87228
  0.86570
  0.86750
  0.86510
  0.86162
  0.86923
  0.85934
  0.85988
  0.87029
  0.87505
  0.87467
  0.85005
  0.83202
  0.81811
  0.80418
  0.78196
  0.75699
  0.72434
  0.66433
  0.60285
  0.54508
  0.48429
  0.41616
  0.37264
  0.34911
  0.33117
  0.33994
  0.38507
  0.47015
  0.58042
  0.67038
  0.73270
  0.77618
  0.80015
  0.82413
  0.83520
  0.85415
  0.86122
  0.86829
  0.87434
  0.87378
  0.87288
  0.87926
  0.87966
  0.88066
  0.89366
  0.89980
  0.89222
  0.87796
  0.88504
  0.88976
  0.89222
  0.89336
  0.89587
  0.90179
  0.89920
  0.91046
  0.91166
  0.92435
  0.93638
  0.92801
  0.92432
  0.92292
  0.93469
  0.93409
  0.93060
  0.93933
  0.94194
  0.92263
  0.91983
  0.92572
  0.93878
  0.93110
  0.92572
  0.92562
  0.92272
  0.93022
  0.93684
  0.93469
  0.93389
  0.94033
  0.94047
  0.94416
  0.94693
  0.94074
  0.93812
  0.93577
  0.92552
  0.92811
  0.92133
  0.91176
  0.90847
  0.90337
  0.90358
  0.89840
  0.89551
  0.89342
  0.88943
  0.88325
  0.88702
  0.88773
  0.89322
  0.89551
  0.88041
  0.87527
  0.87438
  0.87007
  0.85115
  0.84616
  0.82845
  0.81466
  0.81262
  0.78612
  0.74247
  0.70641
  0.66513
  0.60993
  0.57672
  0.55816
  0.55168
  0.55251
  0.54346
  0.51340
  0.49674
  0.46337
  0.42676
  0.37049
  0.32907
  0.26797
  0.23311
  0.19769
  0.16538
  0.15133
  0.12909
  0.09382
  0.08125
  0.07317
  0.04376
  0.04027
  0.04832
  0.03398
  0.00535
  0.00089
  0.00678
  0.00527
  0.01301
  0.04240
  0.07566
  0.11376
  0.16835
  0.23620
  0.33147
  0.42023
  0.47473
  0.51588
  0.55317
  0.58817
  0.61156
  0.64806
  0.68965
  0.70710
  0.72468
  0.76719
  0.78346
  0.79084
  0.79642
  0.78981
  0.77659
  0.77917
  0.78077
  0.74488
  0.71098
  0.67542
  0.62919
  0.56897
  0.49635
  0.42403
  0.35403
  0.30792
  0.29961
  0.35011
  0.43978
  0.53501
  0.63783
  0.69921
  0.73835
  0.75719
  0.76907
  0.78874
  0.80021
  0.80489
  0.80948
  0.80172
  0.79383
  0.80181
  0.80001
  0.80860
  0.80116
  0.77721
  0.76861
  0.75166
  0.71609
  0.69088
  0.65476
  0.59245
  0.50569
  0.42941
  0.37560
  0.33695
  0.31342
  0.31146
  0.31738
  0.40832
  0.49735
  0.57535
  0.62105
  0.64190
  0.65197
  0.65137
  0.64838
  0.64089
  0.60378
  0.58637
  0.55200
  0.49998
  0.44164
  0.40174
  0.37595
  0.26926
  0.19216
  0.15394
  0.10290
  0.07073
  0.05752
  0.15523
  0.09417
  0.13444
  0.10788
  0.16509
  0.19377
  0.22769
  0.35058
  0.45854
  0.51460
  0.57881
  0.61827
  0.65644
  0.70324
  0.73551
  0.74408
  0.75595
  0.77050
  0.78725
  0.81917
  0.82682
  0.83539
  0.85996
  0.86929
  0.86913
  0.87158
  0.87148
  0.88165
  0.88016
  0.87208
  0.87976
  0.87428
  0.86299
  0.86351
  0.85414
  0.85874
  0.88126
  0.90421
  0.90658
  0.90358
  0.90907
  0.93902
  0.94525
  0.93090
  0.92950
  0.92751
  0.92253
  0.92432
  0.90940
  0.90990
  0.88943
  0.89906
  0.91180
  0.91831
  0.91505
  0.92757
  0.93439
  0.93160
  0.93030
  0.92292
  0.93243
  0.94466
  0.94017
  0.92884
  0.92392
  0.91459
  0.90638
  0.90933
  0.90638
  0.89429
  0.89182
  0.89043
  0.88424
  0.84487
  0.81308
  0.76146
  0.71492
  0.66098
  0.59676
  0.53746
  0.51709
  0.51904
  0.54031
  0.62573
  0.70580
  0.76267
  0.78505
  0.78755
  0.79617
  0.81771
  0.83201
  0.84376
  0.86590
  0.86909
  0.86901
  0.87146
  0.86863
  0.85498
  0.82481
  0.80191
  0.75449
  0.71617
  0.68578
  0.62708
  0.56460
  0.56155
  0.56663
  0.59599
  0.63441
  0.66308
  0.70460
  0.74131
  0.77823
  0.81327
  0.83968
  0.85633
  0.86550
  0.88869
  0.90803
  0.92090
  0.94156
  0.94705
  0.95233
  0.95263
  0.94825
  0.94520
  0.93477
  0.94517
  0.95851
  0.95530
  0.95502
  0.95502
  0.95333
  0.94407
  0.93319
  0.94117
  0.94326
  0.94884
  0.94196
  0.90682
  0.88574
  0.88086
  0.87048
  0.85526
  0.85175
  0.84915
  0.87144
  0.89968
  0.93853
  0.94308
  0.93927
  0.94735
  0.95291
  0.95237
  0.94938
  0.94525
  0.95248
  0.95522
  0.95393
  0.94645
  0.95904
  0.95412
  0.93888
  0.93676
  0.92937
  0.92990
  0.92757
  0.91143
  0.89481
  0.90165
  0.91166
  0.90576
  0.89763
  0.89700
  0.89646
  0.89242
  0.88823
  0.87178
  0.85673
  0.84394
  0.83174
  0.77837
  0.73112
  0.67846
  0.61490
  0.53336
  0.45615
  0.37722
  0.30564
  0.25971
  0.24248
  0.25432
  0.35685
  0.47521
  0.59093
  0.67619
  0.73251
  0.76423
  0.79901
  0.82164
  0.82952
  0.84017
  0.84038
  0.80968
  0.77406
  0.73844
  0.68030
  0.67480
  0.67669
  0.68624
  0.72809
  0.74388
  0.73441
  0.70571
  0.64805
  0.57603
  0.51739
  0.43863
  0.39532
  0.37922
  0.43034
  0.46307
  0.50236
  0.53495
  0.55168
  0.58189
  0.63394
  0.70356
  0.78336
  0.84131
  0.86651
  0.86750
  0.87826
  0.88305
  0.89732
  0.91176
  0.90436
  0.90432
  0.90322
  0.88095
  0.86458
  0.84138
  0.80568
  0.77229
  0.72432
  0.65448
  0.57445
  0.52847
  0.48268
  0.45399
  0.42712
  0.42049
  0.39218
  0.37681
  0.35119
  0.29154
  0.26069
  0.24863
  0.25273
  0.28394
  0.33144
  0.36974
  0.39517
  0.41212
  0.42485
  0.45407
  0.48110
  0.51988
  0.55401
  0.57222
  0.58705
  0.58399
  0.52967
  0.47712
  0.41584
  0.32602
  0.25228
  0.22755
  0.22668
  0.23184
  0.25520
  0.28053
  0.35028
  0.43580
  0.53635
  0.66114
  0.75948
  0.82454
  0.86315
  0.88883
  0.90615
  0.91484
  0.93310
  0.92610
  0.93065
  0.94506
  0.94625
  0.93927
  0.94306
  0.94336
  0.93549
  0.92827
  0.91365
  0.91455
  0.91664
  0.90886
  0.90014
  0.89985
  0.90800
  0.90259
  0.90561
  0.91724
  0.91754
  0.92532
  0.92462
  0.91843
  0.85056
  0.80866
  0.75373
  0.69232
  0.64798
  0.60631
  0.58287
  0.55648
  0.54530
  0.58310
  0.64597
  0.74630
  0.81494
  0.86266
  0.88287
  0.91500
  0.94755
  0.95284
  0.95724
  0.96306
  0.96888
  0.96785
  0.97548
  0.98508
  0.99520
  0.98952
  0.97738
  0.97304
  0.96479
  0.96190
  0.96709
  0.97216
  0.97795
  0.98086
  0.98752
  0.98992
  0.99681
  0.98920
  0.98491
  0.99669
  0.99864
  0.99220
  0.98017
  0.97706
  0.97038
  0.96340
  0.97008
  0.95948
  0.95881
  0.95702
  0.96928
  0.97716
  0.96838
  0.96304
  0.95901
  0.96370
  0.96091
  0.94674
  0.93578
  0.94258
  0.95194
  0.94368
  0.94418
  0.94642
  0.93130
  0.92248
  0.92123
  0.92421
  0.91814
  0.91854
  0.92768
  0.93748
  0.93628
  0.93588
  0.93205
  0.93141
  0.91723
  0.91595
  0.92717
  0.92807
  0.93608
  0.94097
  0.93479
  0.92990
  0.92601
  0.92529
  0.93150
  0.93586
  0.92741
  0.91216
  0.90349
  0.90817
  0.89710
  0.87508
  0.85693
  0.85268
  0.83778
  0.81147
  0.78830
  0.75876
  0.70026
  0.64703
  0.57292
  0.52080
  0.45114
  0.37908
  0.31883
  0.25179
  0.20098
  0.18048
  0.19059
  0.26575
  0.38200
  0.50230
  0.61307
  0.70026
  0.75015
  0.81957
  0.83352
  0.83152
  0.83569
  0.83849
  0.84467
  0.84280
  0.83376
  0.84516
  0.85944
  0.85833
  0.86238
  0.86209
  0.84676
  0.83998
  0.83692
  0.82652
  0.82393
  0.81466
  0.77621
  0.74099
  0.71477
  0.69065
  0.65013
  0.59590
  0.54321
  0.48569
  0.41688
  0.32499
  0.24800
  0.17531
  0.12849
  0.08856
  0.05725
  0.04655
  0.06041
  0.08981
  0.15116
  0.24796
  0.34015
  0.42794
  0.51220
  0.59079
  0.65634
  0.72244
  0.76638
  0.78721
  0.79672
  0.81312
  0.82503
  0.82494
  0.83609
  0.85509
  0.85683
  0.86211
  0.88528
  0.89641
  0.90079
  0.89863
  0.89977
  0.90336
  0.90656
  0.91671
  0.91457
  0.90618
  0.90421
  0.90096
  0.89242
  0.89152
  0.88135
  0.86078
  0.84014
  0.83309
  0.77404
  0.73608
  0.69828
  0.64548
  0.63851
  0.64340
  0.66919
  0.72486
  0.75354
  0.76701
  0.77452
  0.78677
  0.78763
  0.79397
  0.81765
  0.83545
  0.84477
  0.85135
  0.85783
  0.86788
  0.85684
  0.83579
  0.82443
  0.82024
  0.76905
  0.71662
  0.65938
  0.61750
  0.55230
  0.51721
  0.50901
  0.53334
  0.60305
  0.66405
  0.72275
  0.78052
  0.82514
  0.84895
  0.86002
  0.88172
  0.89828
  0.89930
  0.88763
  0.88762
  0.89740
  0.89292
  0.88679
  0.87079
  0.83965
  0.82082
  0.79233
  0.74767
  0.71115
  0.69982
  0.71525
  0.75448
  0.81214
  0.84119
  0.84547
  0.87029
  0.88903
  0.88943
  0.88165
  0.86128
  0.84935
  0.84503
  0.79225
  0.71339
  0.63845
  0.57653
  0.56374
  0.58116
  0.65109
  0.71934
  0.76230
  0.81696
  0.85095
  0.85404
  0.84008
  0.82274
  0.81051
  0.81935
  0.84721
  0.86993
  0.88305
  0.88225
  0.89521
  0.90819
  0.91026
  0.90079
  0.90525
  0.91196
  0.91714
  0.91934
  0.91624
  0.92691
  0.93010
  0.92406
  0.92472
  0.93658
  0.93661
  0.92591
  0.91983
  0.90737
  0.90568
  0.90826
  0.90239
  0.90594
  0.90927
  0.91574
  0.91286
  0.91423
  0.91615
  0.92582
  0.92831
  0.92073
  0.92153
  0.92667
  0.94027
  0.94037
  0.93522
  0.91912
  0.90907
  0.90797
  0.90917
  0.91475
  0.92083
  0.90817
  0.90329
  0.90378
  0.89412
  0.84355
  0.80814
  0.74351
  0.68138
  0.63548
  0.63174
  0.64932
  0.70989
  0.75103
  0.77329
  0.80846
  0.84445
  0.86002
  0.87308
  0.88718
  0.89501
  0.90965
  0.91854
  0.91076
  0.90757
  0.91030
  0.91754
  0.90937
  0.90229
  0.89980
  0.89780
  0.90069
  0.90444
  0.89920
  0.88823
  0.89302
  0.89910
  0.90057
  0.90757
  0.91924
  0.92512
  0.92910