 63.00  6377.9857  46.55   7.98    100
 1951 04 15 07 30 00
 15/04/1951, 07:30:00, RES=0.2500  APOD FN = TRI
 3347.288 3403.144 0.0500048353    1117
  0.94148
  0.94119
  0.93453
  0.93531
  0.90146
  0.87320
  0.85606
  0.84524
  0.83453
  0.82602
  0.81870
  0.81055
  0.80891
  0.81043
  0.79985
  0.77780
  0.76495
  0.76395
  0.77423
  0.80297
  0.82619
  0.85366
  0.87269
  0.89399
  0.91157
  0.92565
  0.92707
  0.93255
  0.94238
  0.93362
  0.91721
  0.91572
  0.92024
  0.92811
  0.93352
  0.93655
  0.92094
  0.90995
  0.91361
  0.91228
  0.89957
  0.89597
  0.90043
  0.89706
  0.87515
  0.83586
  0.82591
  0.80725
  0.80306
  0.81496
  0.82989
  0.84123
  0.87187
  0.88355
  0.89730
  0.90868
  0.90839
  0.90536
  0.90593
  0.90934
  0.90448
  0.90697
  0.90352
  0.89711
  0.90097
  0.89802
  0.88649
  0.88052
  0.83937
  0.80861
  0.78791
  0.72750
  0.66299
  0.60623
  0.54385
  0.51247
  0.50468
  0.52122
  0.56755
  0.64279
  0.69909
  0.76014
  0.79718
  0.83594
  0.85571
  0.87326
  0.89365
  0.90915
  0.90460
  0.90725
  0.92248
  0.93750
  0.93788
  0.93426
  0.94954
  0.95371
  0.94983
  0.94964
  0.96113
  0.96985
  0.96225
  0.95125
  0.94063
  0.92954
  0.92252
  0.90712
  0.90119
  0.90981
  0.91399
  0.90405
  0.89275
  0.89133
  0.89235
  0.86754
  0.83842
  0.78676
  0.74138
  0.69147
  0.66122
  0.63297
  0.63021
  0.63059
  0.57380
  0.52072
  0.46566
  0.40096
  0.36505
  0.34104
  0.35874
  0.39779
  0.46301
  0.54532
  0.63006
  0.67839
  0.71022
  0.72794
  0.74797
  0.75300
  0.74361
  0.73688
  0.72910
  0.71404
  0.69022
  0.66838
  0.66351
  0.67864
  0.69592
  0.73508
  0.77642
  0.81415
  0.83890
  0.84354
  0.84477
  0.82236
  0.80105
  0.76398
  0.71676
  0.65616
  0.58826
  0.55322
  0.54801
  0.54550
  0.50261
  0.45137
  0.36582
  0.29397
  0.23409
  0.20299
  0.20062
  0.21594
  0.25548
  0.31610
  0.39033
  0.45561
  0.52285
  0.60436
  0.65737
  0.68720
  0.70826
  0.73081
  0.74846
  0.75471
  0.74816
  0.74257
  0.72016
  0.69451
  0.67925
  0.66116
  0.63299
  0.60068
  0.54570
  0.45086
  0.39545
  0.31108
  0.22657
  0.21492
  0.21715
  0.26608
  0.31999
  0.39002
  0.46573
  0.54799
  0.62453
  0.69096
  0.74417
  0.79102
  0.82313
  0.84752
  0.86926
  0.90310
  0.91133
  0.90903
  0.91209
  0.91491
  0.92551
  0.93820
  0.93678
  0.93325
  0.93902
  0.94698
  0.95781
  0.96824
  0.96438
  0.95125
  0.94613
  0.94471
  0.94167
  0.92802
  0.91300
  0.88573
  0.86687
  0.85335
  0.85046
  0.86676
  0.87459
  0.86939
  0.86582
  0.86061
  0.84428
  0.78717
  0.70718
  0.61472
  0.50003
  0.38335
  0.32109
  0.30861
  0.31039
  0.33010
  0.40540
  0.48557
  0.52487
  0.56444
  0.58125
  0.58499
  0.58019
  0.55793
  0.45661
  0.37188
  0.34556
  0.33939
  0.34876
  0.42751
  0.50018
  0.57543
  0.64531
  0.69519
  0.74525
  0.78094
  0.80465
  0.81985
  0.83488
  0.84883
  0.86001
  0.86022
  0.84629
  0.83818
  0.82185
  0.81519
  0.80018
  0.76982
  0.73725
  0.70085
  0.63205
  0.54776
  0.46703
  0.36677
  0.26117
  0.18286
  0.16990
  0.15678
  0.15465
  0.18480
  0.23136
  0.29917
  0.35925
  0.42087
  0.43395
  0.43089
  0.43418
  0.35848
  0.29961
  0.29407
  0.30844
  0.36507
  0.41654
  0.47749
  0.54550
  0.60750
  0.67850
  0.68393
  0.68586
  0.68799
  0.67768
  0.60659
  0.57755
  0.54008
  0.52254
  0.53490
  0.57618
  0.62349
  0.67281
  0.72510
  0.75373
  0.76295
  0.76295
  0.76929
  0.77853
  0.78921
  0.78874
  0.77329
  0.76956
  0.75001
  0.70307
  0.65564
  0.60969
  0.55033
  0.47857
  0.41966
  0.36691
  0.32271
  0.23788
  0.16751
  0.11042
  0.10325
  0.10516
  0.10363
  0.11167
  0.18311
  0.22527
  0.28035
  0.29174
  0.28924
  0.28463
  0.28775
  0.34226
  0.39548
  0.43252
  0.44404
  0.42296
  0.33851
  0.27839
  0.20828
  0.15616
  0.10221
  0.06393
  0.04885
  0.04608
  0.03667
  0.03442
  0.03944
  0.06955
  0.10486
  0.14357
  0.18933
  0.24158
  0.29521
  0.35146
  0.39785
  0.41177
  0.39020
  0.36497
  0.33089
  0.33307
  0.35332
  0.39364
  0.46098
  0.53087
  0.59604
  0.65050
  0.69944
  0.72144
  0.72151
  0.71848
  0.71507
  0.66508
  0.62252
  0.55400
  0.46161
  0.37097
  0.26145
  0.18486
  0.14630
  0.13776
  0.15353
  0.20042
  0.26615
  0.33240
  0.40199
  0.48664
  0.55554
  0.60795
  0.65794
  0.69838
  0.72189
  0.74074
  0.76966
  0.82867
  0.81301
  0.80007
  0.76269
  0.71739
  0.64007
  0.54217
  0.46389
  0.38852
  0.33145
  0.32445
  0.33218
  0.35912
  0.39773
  0.40162
  0.40696
  0.42925
  0.44876
  0.48117
  0.54730
  0.61142
  0.67022
  0.71431
  0.74996
  0.77627
  0.78400
  0.78362
  0.78231
  0.75423
  0.72770
  0.71915
  0.72123
  0.73061
  0.76838
  0.79604
  0.81995
  0.87077
  0.88962
  0.89408
  0.89834
  0.89104
  0.89540
  0.90147
  0.89266
  0.88621
  0.88953
  0.88678
  0.88526
  0.87575
  0.85833
  0.84121
  0.82143
  0.76681
  0.69416
  0.62473
  0.57220
  0.54674
  0.55396
  0.57494
  0.62107
  0.68458
  0.74795
  0.79892
  0.83653
  0.85803
  0.88572
  0.92349
  0.93266
  0.93342
  0.94736
  0.94839
  0.94158
  0.94888
  0.94907
  0.93608
  0.92849
  0.93186
  0.94120
  0.93902
  0.93302
  0.93860
  0.94651
  0.95384
  0.95201
  0.95674
  0.96528
  0.95997
  0.96343
  0.96291
  0.96528
  0.96364
  0.96281
  0.96528
  0.96413
  0.96661
  0.97579
  0.97960
  0.97855
  0.96489
  0.96120
  0.96604
  0.96424
  0.95741
  0.95651
  0.95020
  0.94414
  0.94840
  0.95087
  0.95153
  0.95400
  0.94945
  0.95462
  0.96689
  0.96708
  0.96187
  0.94603
  0.93722
  0.91484
  0.90258
  0.91894
  0.92896
  0.92717
  0.92100
  0.91493
  0.90329
  0.87687
  0.84083
  0.80459
  0.74822
  0.67753
  0.60879
  0.55306
  0.51544
  0.51028
  0.51897
  0.57789
  0.64014
  0.70675
  0.75195
  0.79229
  0.82728
  0.84961
  0.88221
  0.89702
  0.90365
  0.91075
  0.90945
  0.89518
  0.86302
  0.82534
  0.80382
  0.79481
  0.79350
  0.81113
  0.84423
  0.88360
  0.89446
  0.89341
  0.89275
  0.90435
  0.91355
  0.91569
  0.91798
  0.92053
  0.92476
  0.93883
  0.93229
  0.91909
  0.91531
  0.90862
  0.87559
  0.86388
  0.85786
  0.86384
  0.87331
  0.87771
  0.89314
  0.91174
  0.96572
  0.95769
  0.94604
  0.93750
  0.92745
  0.91332
  0.88423
  0.85179
  0.81985
  0.74404
  0.68116
  0.63728
  0.62388
  0.64568
  0.70522
  0.77163
  0.83278
  0.86938
  0.88061
  0.87492
  0.85672
  0.84373
  0.83154
  0.82448
  0.83500
  0.86380
  0.86999
  0.86388
  0.84819
  0.83993
  0.83969
  0.84366
  0.85005
  0.87729
  0.88943
  0.89768
  0.89398
  0.84981
  0.82173
  0.80361
  0.73903
  0.67069
  0.63711
  0.63973
  0.65250
  0.68021
  0.71388
  0.76760
  0.81853
  0.85940
  0.88306
  0.90166
  0.91190
  0.90507
  0.89104
  0.89408
  0.90375
  0.91365
  0.91963
  0.92293
  0.94082
  0.93911
  0.93395
  0.90280
  0.86581
  0.81576
  0.75715
  0.67228
  0.60279
  0.54286
  0.51853
  0.53477
  0.59199
  0.65913
  0.72597
  0.78161
  0.82521
  0.86563
  0.88892
  0.89958
  0.91054
  0.91527
  0.91531
  0.92176
  0.92887
  0.94395
  0.94783
  0.93978
  0.94081
  0.96056
  0.96537
  0.95656
  0.95798
  0.96187
  0.96481
  0.96604
  0.96215
  0.96007
  0.96367
  0.95960
  0.94011
  0.92650
  0.93691
  0.95125
  0.94590
  0.94556
  0.93907
  0.92126
  0.90316
  0.89673
  0.89282
  0.87725
  0.86018
  0.84680
  0.81147
  0.78083
  0.72913
  0.64394
  0.59394
  0.49910
  0.37863
  0.33720
  0.33334
  0.33846
  0.40512
  0.47567
  0.55762
  0.62630
  0.68615
  0.73365
  0.76842
  0.80343
  0.81263
  0.80419
  0.78967
  0.78392
  0.77502
  0.74597
  0.71056
  0.67693
  0.62765
  0.56512
  0.49160
  0.40969
  0.30463
  0.21442
  0.15147
  0.12259
  0.12126
  0.13307
  0.17368
  0.22521
  0.27847
  0.35261
  0.43645
  0.50370
  0.56680
  0.60517
  0.63170
  0.65411
  0.66637
  0.67964
  0.68454
  0.68236
  0.62730
  0.57592
  0.51401
  0.45312
  0.38675
  0.33108
  0.23284
  0.19137
  0.15040
  0.12415
  0.07693
  0.06504
  0.09062
  0.12349
  0.15254
  0.18888
  0.25310
  0.29656
  0.36828
  0.40495
  0.50249
  0.56140
  0.61720
  0.66312
  0.69768
  0.72825
  0.76426
  0.78128
  0.80495
  0.84215
  0.86388
  0.87037
  0.88336
  0.88863
  0.89511
  0.90052
  0.90949
  0.93268
  0.94775
  0.95430
  0.95109
  0.94428
  0.95333
  0.94838
  0.93833
  0.93520
  0.92252
  0.90574
  0.90547
  0.91228
  0.91342
  0.91357
  0.92128
  0.93876
  0.95053
  0.97068
  0.97467
  0.96376
  0.96765
  0.98282
  0.99432
  0.99040
  0.98809
  0.97855
  0.97884
  0.98499
  0.97979
  0.97859
  0.97109
  0.96866
  0.97903
  0.99059
  0.99138
  0.99302
  0.97438
  0.96816
  0.95619
  0.94471
  0.95199
  0.95845
  0.95836
  0.93969
  0.93257
  0.93522
  0.93541
  0.94830
  0.95317
  0.93589
  0.92792
  0.92887
  0.93375
  0.93579
  0.94426
  0.95931
  0.95599
  0.95599
  0.97606
  0.98263
  0.98244
  0.98424
  0.97618
  0.96111
  0.95722
  0.95020
  0.94966
  0.95258
  0.94938
  0.95495
  0.95529
  0.93743
  0.92660
  0.91644
  0.88865
  0.86687
  0.85302
  0.83615
  0.80158
  0.73111
  0.65245
  0.62276
  0.59618
  0.60558
  0.63724
  0.66325
  0.69383
  0.69317
  0.67834
  0.65041
  0.62441
  0.58360
  0.52786
  0.49180
  0.35196
  0.26586
  0.17821
  0.12027
  0.07155
  0.02734
  0.01777
  0.00820
  0.00826
  0.01529
  0.02010
  0.01239
  0.01557
  0.02721
  0.03499
  0.05309
  0.07754
  0.10791
  0.14841
  0.21158
  0.27118
  0.33359
  0.40038
  0.45448
  0.50719
  0.55416
  0.58507
  0.63364
  0.68449
  0.72413
  0.74980
  0.77346
  0.79624
  0.82317
  0.84661
  0.87151
  0.88790
  0.90593
  0.91219
  0.91076
  0.91664
  0.92859
  0.92821
  0.92347
  0.93015
  0.93636
  0.93826
  0.93503
  0.94101
  0.94660
  0.95322
  0.95741
  0.96149
  0.96581
  0.97111
  0.98291
  0.97865
  0.97988
  0.98085
  0.98169
  0.96758
  0.96796
  0.98660
  0.99605
  0.98871
  0.96975
  0.93714
  0.93266
  0.93522
  0.93485
  0.93579
  0.92681
  0.92501
  0.91845
  0.87635
  0.84969
  0.82997
  0.79242
  0.74442
  0.69553
  0.67186
  0.67114
  0.67017
  0.67449
  0.71037
  0.72986
  0.74813
  0.76353
  0.75740
  0.75241
  0.72436
  0.67180
  0.61201
  0.54325
  0.46420
  0.39997
  0.34665
  0.28759
  0.20117
  0.13880
  0.13475
  0.10367
  0.06122
  0.04831
  0.04750
  0.05234
  0.06396
  0.08255
  0.12194
  0.16918
  0.23805
  0.31087
  0.39292
  0.46620
  0.54279
  0.60782
  0.66688
  0.74033
  0.77381
  0.78721
  0.81363
  0.82935
  0.83321
  0.84233
  0.84525
  0.84346
  0.85958
  0.88059
  0.88801
  0.88848
  0.88109
  0.86492
  0.83682
  0.78544
  0.74646
  0.69160
  0.68710
  0.69838
  0.71291
  0.76248
  0.80786
  0.84306
  0.89467
  0.92144
  0.94510
  0.95845
  0.96137
  0.96452
  0.96847
  0.97362
  0.96756
  0.97531
  0.97230
  0.95893
  0.96470
  0.96063
  0.96073
  0.95544
  0.92271
  0.91617
  0.92859
  0.95018
  0.95938
  0.95694
  0.95809
  0.96727
  0.95570
  0.92822
  0.90401
  0.88497
  0.86914
  0.85710
  0.85473
  0.84922
  0.84525
  0.84620
  0.84136
  0.84183
  0.74012
  0.69788
  0.67610
  0.67724
  0.71418
  0.76412
  0.79256
  0.79843
  0.79187
  0.74634
  0.69626
  0.68359
  0.68274
  0.69103
  0.73419
  0.73951
  0.72499
  0.67912
  0.61694
  0.55454
  0.46478
  0.39004
  0.30664
  0.29781
  0.30943
  0.37569
  0.45153
  0.53891
  0.62894
  0.70377
  0.75364
  0.79561
  0.82302
  0.83927
  0.84652
  0.85463
  0.86157
  0.87418
  0.88346
  0.87805
  0.85709
  0.83937
  0.82711
  0.76718
  0.72311
  0.67059
  0.59562
  0.51585
  0.45875