 63.00  6377.9857  46.55   7.98    100
 1951 04 15 07 30 00
 15/04/1951, 07:30:00, RES=0.2500  APOD FN = TRI
 2884.946 2904.649 0.0500080187     394
  0.84711
  0.80631
  0.71793
  0.56280
  0.48781
  0.65664
  0.69595
  0.58593
  0.45448
  0.31720
  0.23120
  0.17931
  0.17766
  0.17119
  0.15510
  0.17316
  0.18292
  0.25633
  0.38824
  0.44613
  0.38161
  0.31071
  0.29571
  0.45812
  0.47848
  0.43285
  0.28749
  0.19934
  0.16353
  0.19490
  0.26508
  0.35548
  0.47771
  0.62111
  0.64942
  0.56214
  0.48940
  0.35905
  0.26254
  0.26824
  0.51880
  0.67979
  0.63516
  0.54098
  0.46764
  0.45596
  0.63967
  0.60317
  0.48888
  0.61056
  0.89228
  0.96950
  0.99091
  0.94014
  0.90604
  0.93939
  0.94612
  0.85600
  0.75599
  0.63474
  0.49404
  0.55017
  0.78834
  0.87942
  0.84556
  0.77318
  0.64723
  0.49710
  0.44679
  0.61770
  0.63039
  0.54659
  0.41089
  0.45550
  0.50395
  0.46226
  0.37566
  0.28427
  0.20907
  0.21811
  0.35048
  0.39735
  0.34977
  0.31469
  0.54919
  0.66249
  0.71460
  0.78088
  0.66878
  0.68191
  0.58221
  0.47173
  0.33150
  0.29808
  0.36501
  0.50808
  0.48672
  0.39952
  0.30816
  0.22812
  0.17306
  0.15151
  0.15624
  0.15052
  0.15334
  0.15608
  0.18066
  0.21103
  0.26614
  0.27386
  0.23984
  0.18583
  0.27681
  0.31340
  0.24331
  0.22048
  0.25393
  0.39115
  0.46605
  0.40107
  0.31358
  0.27074
  0.36008
  0.38287
  0.33123
  0.29556
  0.26778
  0.22740
  0.18606
  0.17776
  0.17015
  0.16822
  0.17137
  0.16188
  0.16405
  0.15251
  0.15266
  0.15179
  0.15672
  0.16227
  0.16798
  0.16544
  0.18152
  0.15783
  0.17824
  0.17445
  0.18571
  0.25336
  0.33897
  0.35169
  0.31597
  0.33470
  0.33102
  0.26460
  0.19940
  0.18890
  0.24490
  0.21090
  0.21653
  0.39768
  0.73716
  0.82471
  0.85694
  0.85507
  0.81993
  0.73002
  0.61935
  0.50191
  0.61283
  0.77612
  0.92165
  0.97219
  0.89590
  0.74549
  0.57607
  0.47610
  0.42872
  0.59875
  0.75326
  0.74299
  0.67895
  0.67586
  0.68380
  0.61648
  0.48790
  0.34452
  0.23939
  0.19479
  0.18094
  0.17491
  0.19486
  0.24213
  0.28688
  0.32081
  0.34549
  0.35301
  0.39718
  0.60671
  0.72177
  0.77021
  0.80221
  0.76289
  0.62351
  0.47951
  0.33313
  0.28598
  0.45032
  0.45608
  0.41286
  0.51457
  0.59895
  0.52603
  0.39842
  0.26138
  0.29657
  0.42922
  0.51922
  0.58377
  0.56875
  0.63921
  0.66502
  0.55832
  0.50012
  0.36096
  0.36204
  0.50773
  0.57373
  0.50843
  0.44417
  0.34221
  0.24489
  0.18208
  0.17718
  0.16960
  0.18999
  0.18895
  0.17796
  0.16919
  0.18226
  0.17848
  0.16878
  0.18175
  0.18548
  0.17621
  0.18025
  0.17850
  0.18272
  0.17098
  0.18186
  0.17061
  0.19329
  0.23760
  0.32265
  0.33925
  0.29325
  0.22252
  0.20041
  0.17401
  0.17400
  0.17162
  0.16361
  0.18112
  0.21595
  0.24160
  0.23827
  0.18566
  0.17152
  0.17385
  0.20103
  0.24498
  0.27204
  0.32587
  0.34191
  0.30563
  0.27748
  0.29914
  0.34452
  0.28372
  0.22257
  0.19057
  0.19731
  0.24397
  0.22407
  0.22086
  0.27788
  0.27491
  0.21617
  0.18307
  0.17478
  0.17060
  0.16977
  0.16270
  0.17460
  0.16707
  0.18125
  0.21812
  0.26248
  0.28957
  0.25989
  0.20390
  0.18455
  0.18037
  0.19804
  0.23961
  0.31152
  0.30478
  0.25510
  0.23637
  0.33464
  0.41445
  0.35450
  0.31226
  0.38476
  0.55583
  0.52954
  0.44467
  0.33448
  0.25694
  0.22804
  0.22311
  0.19590
  0.18315
  0.20010
  0.23001
  0.30715
  0.31463
  0.31601
  0.28071
  0.21549
  0.21182
  0.28121
  0.30832
  0.26018
  0.25922
  0.27269
  0.25363
  0.20745
  0.18288
  0.17731
  0.16892
  0.17595
  0.18447
  0.17714
  0.17780
  0.17705
  0.18125
  0.20740
  0.22938
  0.26372
  0.25738
  0.23773
  0.20154
  0.17763
  0.18088
  0.17905
  0.16605
  0.18421
  0.19057
  0.19164
  0.18409
  0.17207
  0.17902
  0.18523
  0.18064
  0.19250
  0.18050
  0.19336
  0.19867
  0.18976
  0.18923
  0.18651
  0.17584
  0.18028
  0.18865
  0.17661
  0.17577
  0.18424
  0.18257
  0.17440
  0.17449
  0.17721
  0.17086
  0.18205
  0.17056
  0.17273
  0.18518
  0.17845
  0.17605
  0.18520
  0.57846
  0.57973
  0.58021
  0.58000
  0.58200