 63.00  6377.9857  46.55   7.98    100
 1951 04 15 07 30 00
 15/04/1951, 07:30:00, RES=0.2500  APOD FN = TRI
 2884.946 2924.876 0.0500377501     798
  0.36697
  0.35506
  0.41882
  0.55683
  0.66460
  0.75759
  0.82212
  0.81787
  0.78792
  0.74512
  0.66660
  0.58317
  0.50378
  0.41790
  0.39211
  0.43514
  0.58547
  0.63953
  0.64544
  0.60541
  0.53847
  0.45895
  0.38793
  0.31798
  0.22688
  0.14668
  0.10889
  0.08265
  0.05428
  0.02989
  0.02981
  0.04066
  0.03321
  0.02527
  0.00702
  0.01458
  0.02142
  0.03580
  0.04364
  0.04342
  0.09363
  0.16019
  0.24786
  0.32978
  0.34988
  0.35274
  0.28977
  0.25838
  0.20212
  0.15536
  0.16569
  0.21000
  0.34882
  0.38903
  0.39142
  0.38475
  0.35434
  0.27713
  0.19879
  0.13099
  0.07708
  0.04691
  0.02556
  0.01721
  0.04917
  0.07655
  0.11563
  0.16564
  0.23973
  0.29825
  0.35467
  0.46433
  0.53764
  0.58507
  0.59307
  0.55458
  0.50611
  0.45656
  0.40791
  0.35533
  0.28144
  0.20388
  0.14454
  0.11638
  0.12935
  0.20124
  0.35101
  0.53049
  0.62605
  0.62541
  0.58753
  0.56907
  0.48819
  0.43376
  0.39615
  0.36095
  0.35345
  0.41216
  0.51273
  0.58602
  0.58859
  0.51861
  0.45023
  0.39081
  0.39118
  0.57620
  0.70458
  0.90546
  0.95849
  0.97331
  0.99157
  0.99292
  0.95885
  0.91447
  0.88941
  0.89083
  0.91435
  0.93350
  0.93775
  0.93375
  0.87579
  0.81891
  0.77296
  0.67544
  0.59130
  0.52000
  0.44762
  0.40169
  0.40048
  0.56301
  0.68864
  0.81217
  0.85876
  0.85773
  0.82702
  0.80862
  0.77009
  0.71014
  0.64469
  0.52237
  0.45357
  0.38717
  0.34934
  0.36889
  0.45784
  0.58128
  0.59014
  0.53432
  0.48852
  0.44700
  0.33539
  0.29788
  0.31410
  0.37597
  0.42546
  0.41273
  0.39103
  0.33545
  0.29061
  0.23759
  0.19050
  0.13173
  0.08227
  0.07298
  0.07067
  0.08518
  0.17362
  0.24782
  0.29165
  0.29708
  0.27077
  0.22748
  0.19205
  0.19358
  0.31484
  0.48019
  0.59414
  0.60720
  0.63856
  0.67145
  0.71094
  0.74965
  0.70639
  0.56486
  0.67428
  0.63058
  0.56057
  0.50609
  0.43113
  0.34963
  0.31632
  0.21842
  0.18441
  0.17218
  0.19694
  0.26712
  0.38991
  0.42418
  0.42474
  0.39404
  0.36076
  0.29668
  0.25090
  0.18447
  0.13762
  0.08632
  0.05494
  0.03028
  0.01083
  0.00510
  0.01276
  0.01209
  0.00354
  0.00611
  0.26233
  0.00754
  0.01092
  0.01332
  0.01910
  0.04011
  0.06959
  0.07553
  0.11234
  0.14043
  0.17166
  0.15768
  0.13493
  0.09418
  0.04841
  0.04311
  0.06570
  0.10917
  0.17203
  0.20248
  0.18633
  0.14937
  0.10365
  0.08614
  0.08907
  0.11178
  0.13572
  0.22699
  0.30579
  0.37359
  0.37360
  0.33904
  0.28916
  0.21516
  0.17876
  0.13989
  0.14850
  0.19139
  0.25426
  0.29517
  0.27761
  0.24730
  0.21835
  0.19393
  0.17513
  0.15480
  0.14098
  0.11516
  0.09012
  0.08676
  0.04731
  0.02782
  0.03820
  0.04521
  0.03166
  0.02238
  0.02985
  0.03604
  0.03057
  0.01396
  0.02162
  0.03012
  0.02292
  0.01054
  0.00859
  0.00650
  0.00661
  0.00893
  0.00687
  0.01187
  0.01471
  0.01225
  0.02169
  0.01640
  0.02532
  0.02118
  0.02159
  0.04145
  0.04071
  0.01838
  0.01399
  0.02051
  0.03846
  0.03898
  0.03537
  0.03168
  0.04267
  0.05986
  0.10904
  0.16639
  0.22387
  0.24787
  0.24875
  0.22820
  0.21188
  0.19542
  0.21140
  0.22945
  0.22268
  0.18694
  0.15063
  0.11537
  0.07638
  0.04194
  0.04221
  0.07932
  0.11824
  0.11370
  0.07841
  0.07528
  0.07664
  0.08872
  0.23304
  0.40451
  0.63253
  0.75192
  0.79414
  0.79531
  0.83764
  0.82822
  0.83364
  0.82958
  0.79382
  0.76647
  0.71064
  0.65137
  0.58493
  0.50729
  0.43047
  0.41500
  0.47333
  0.63323
  0.71623
  0.75912
  0.86840
  0.93786
  0.96865
  0.96396
  0.90724
  0.84610
  0.76138
  0.65844
  0.58801
  0.49873
  0.42020
  0.36388
  0.32033
  0.32760
  0.39692
  0.60100
  0.69362
  0.72453
  0.70976
  0.68607
  0.64387
  0.60839
  0.61026
  0.62478
  0.63506
  0.62509
  0.56949
  0.52863
  0.44190
  0.35664
  0.27881
  0.20945
  0.14707
  0.09084
  0.06185
  0.05127
  0.04212
  0.04063
  0.03355
  0.03386
  0.05231
  0.06042
  0.10040
  0.11647
  0.15326
  0.19011
  0.20250
  0.20710
  0.22961
  0.23315
  0.23613
  0.24380
  0.26533
  0.30211
  0.46477
  0.57472
  0.64846
  0.67525
  0.71547
  0.73148
  0.75510
  0.77315
  0.76760
  0.70973
  0.64445
  0.54347
  0.44955
  0.35252
  0.25310
  0.18384
  0.15797
  0.16569
  0.27662
  0.36350
  0.37884
  0.34047
  0.31233
  0.30615
  0.35566
  0.44543
  0.52044
  0.53447
  0.47744
  0.43841
  0.35333
  0.28247
  0.18807
  0.13390
  0.12936
  0.17223
  0.24914
  0.34257
  0.39291
  0.43980
  0.48658
  0.51599
  0.50613
  0.49263
  0.49696
  0.57470
  0.61274
  0.60622
  0.56794
  0.45329
  0.52910
  0.42144
  0.29379
  0.24160
  0.22334
  0.23232
  0.31766
  0.41571
  0.48835
  0.50291
  0.47852
  0.43073
  0.38068
  0.35096
  0.27769
  0.22461
  0.15281
  0.10913
  0.06973
  0.04661
  0.03694
  0.03897
  0.02804
  0.02537
  0.03443
  0.04729
  0.05623
  0.05052
  0.04538
  0.03559
  0.03073
  0.02646
  0.03002
  0.04359
  0.04229
  0.02991
  0.04095
  0.02629
  0.02858
  0.04480
  0.03791
  0.04769
  0.03960
  0.02790
  0.03771
  0.03344
  0.05080
  0.04539
  0.03270
  0.04507
  0.03100
  0.02686
  0.04051
  0.04177
  0.04341
  0.02896
  0.03174
  0.05267
  0.06546
  0.09591
  0.14501
  0.20064
  0.22720
  0.23021
  0.21482
  0.18396
  0.13576
  0.09458
  0.08125
  0.06555
  0.05820
  0.03911
  0.03096
  0.03434
  0.03353
  0.03174
  0.02491
  0.01781
  0.02991
  0.04140
  0.04247
  0.06289
  0.09945
  0.11121
  0.11256
  0.11473
  0.10005
  0.06282
  0.04450
  0.04462
  0.02905
  0.02930
  0.03653
  0.05154
  0.07727
  0.10334
  0.11701
  0.12988
  0.17614
  0.19461
  0.21321
  0.23424
  0.22865
  0.20741
  0.17535
  0.15459
  0.16766
  0.16419
  0.22158
  0.23486
  0.22842
  0.17003
  0.15133
  0.12169
  0.07507
  0.06291
  0.05188
  0.05782
  0.06484
  0.11930
  0.12088
  0.10914
  0.08866
  0.07461
  0.09128
  0.13940
  0.15587
  0.15756
  0.14880
  0.11146
  0.08119
  0.06930
  0.04256
  0.02855
  0.03509
  0.02973
  0.02702
  0.02872
  0.02820
  0.02595
  0.01915
  0.01335
  0.03413
  0.03795
  0.02236
  0.03000
  0.04274
  0.04848
  0.07103
  0.13454
  0.13722
  0.16350
  0.17095
  0.14586
  0.11891
  0.08483
  0.06485
  0.04835
  0.04541
  0.03716
  0.04185
  0.04308
  0.06271
  0.08389
  0.11836
  0.17114
  0.19968
  0.19855
  0.18077
  0.15047
  0.12262
  0.09927
  0.10817
  0.15766
  0.22570
  0.30579
  0.31700
  0.26440
  0.24106
  0.19272
  0.20310
  0.21470
  0.28700
  0.46939
  0.48204
  0.47538
  0.43998
  0.39707
  0.33760
  0.26802
  0.21528
  0.18818
  0.12178
  0.09250
  0.09956
  0.10512
  0.08922
  0.06886
  0.05770
  0.04792
  0.04273
  0.05109
  0.06438
  0.07176
  0.11922
  0.17022
  0.18913
  0.18977
  0.19989
  0.20481
  0.19879
  0.17562
  0.13373
  0.09947
  0.08133
  0.06889
  0.08035
  0.11594
  0.16266
  0.18918
  0.19044
  0.15460
  0.13254
  0.11999
  0.13322
  0.14797
  0.15433
  0.13758
  0.12613
  0.09653
  0.07147
  0.06935
  0.03333
  0.03618
  0.03688
  0.03762
  0.02347
  0.02847
  0.03586
  0.04110
  0.04716
  0.04290
  0.03730
  0.03678
  0.03756
  0.03615
  0.03620
  0.03926
  0.04131
  0.06219
  0.07051
  0.08421
  0.09491
  0.13161
  0.14126
  0.13735
  0.12998
  0.11609
  0.10870
  0.08394
  0.06609
  0.05426
  0.03648
  0.03921
  0.03987
  0.04435
  0.04005
  0.02332
  0.01932
  0.04379
  0.04295
  0.05292
  0.05333
  0.05075
  0.05523
  0.05201
  0.04521
  0.03906
  0.02779
  0.03253
  0.03878
  0.04077
  0.04934
  0.04081
  0.04077
  0.04394
  0.05557
  0.04477
  0.03750
  0.04341
  0.05532
  0.06322
  0.06624
  0.05994
  0.05427
  0.04861
  0.05642
  0.04880
  0.04796
  0.04554
  0.03175
  0.04361
  0.03832
  0.04618
  0.04996
  0.05086
  0.03716
  0.03323
  0.03157
  0.04031
  0.04581
  0.04353
  0.04431
  0.04024
  0.03208
  0.03825
  0.03503
  0.03265
  0.03962
  0.03505
  0.02772
  0.03272
  0.04417
  0.03498
  0.03150
  0.02633
  0.03113
  0.03974
  0.04574
  0.04771
  0.04292
  0.03154
  0.03169
  0.04568
  0.04710
  0.03432
  0.03681
  0.50270
  0.50237
  0.50313
  0.50360
  0.50308
  0.50258
  0.50353
  0.50294
  0.50356