2300.49
2296.46
2280.59
2253.08
2232.15
2214.92
2194.44
2173.40
2158.06
2132.55
2106.32
2083.74
2079.49
2064.05
2054.78
2041.49
2018.43
1985.66
1968.82
1957.88
1949.50
1934.41
1924.78
1918.94
1913.60
1899.54
1894.50
1894.50
1896.34
1898.50
1901.00
1904.71
1911.38
1914.18
1924.28
1928.20
1933.05
1933.91
1942.68
1945.21
1960.92
1996.71
2017.90
2021.11
2022.42
2029.00
2051.84
2065.88
2089.75
2110.29
2119.36
2160.33
2177.66
2216.56
2219.68
2207.19
2237.60
2252.13
2258.65
2266.75
2273.25
2281.61
2290.85
2302.50
2302.46
2324.80
2335.56
2346.03
2363.60
2373.05
2374.74
2375.83
2385.17
2388.76
2402.18
2412.89
2418.36
2423.83
2433.50
2432.50
2431.50
2425.50
2422.00
2414.97
2420.42
2414.27
2405.93
2393.71
2333.54
2314.05
2293.81
2265.80
2244.00
2210.50
2193.90
2189.03
2176.30
2135.07
2091.57
2055.10
1993.91
1927.49
1912.42
1877.33
1833.39
1787.57
1748.13
1704.67
1667.71
1650.12
1632.67
1615.02
1586.54
1579.87
1553.05
1555.70
1618.88
1565.22
1462.93
1391.17
1372.86
1359.75
1319.03
1308.27
1294.11
1292.59
1290.17
1276.82
1240.86
1248.18
1239.55
1227.59
1119.92
1127.86
1127.66
1120.24
1128.53
1109.93
1101.59
1100.70
1096.61
1109.91
1097.41
1114.00
1085.36
1114.00
1114.50
1118.00
1122.00
1124.00
1136.67
1143.55
1132.15
1153.11
1131.99
1166.62
1154.84
1157.05
1188.55
1194.25
1217.59
1235.40
1282.00
1283.83
1280.23
1287.93
1298.00
1300.51
1309.00
1312.44
1317.09
1325.93
1333.29
1358.34
1386.50
1412.62
1434.97
1448.19
1453.28
1477.89
1510.09
1526.86
1547.00
1570.24
1581.00
1597.46
1604.72
1632.22
1650.17
1666.66
1695.55
1737.81
1757.93
1780.87
1790.81
1807.69
1822.29
1840.73
1872.20
1896.84
1921.46
1954.61
1980.40
1983.70
2004.44
2025.78
2049.47
2078.18
2098.08
2138.75
2149.22
2173.02
2171.51
2173.88
2197.64
2220.95
2273.00
2273.02
2271.39
2290.79
2298.79
2303.31
2308.18
2313.41
2317.90
2318.00
2315.17
2316.16
2318.98
2320.25
2323.11
2321.14
2314.28
2297.95
2294.34
2281.52
2283.37
2238.04
2198.43
2154.57
2130.32
2118.92
2086.73
2024.76
1988.33
1950.74
1912.01
1862.47
1797.10
1774.91
1755.85
1748.44
1735.30
1722.93
1701.26
1683.70
1647.63
1642.24
1632.25
1628.53
1622.81
1621.90
1619.18
1609.66
1604.87
1607.50
1600.18
1598.50
1594.50
1589.31
1598.89
1605.84
1607.92
1618.24
1620.32
1617.14
1612.83
1629.92
1653.21
1677.52
1691.33
1695.43
1706.65
1719.30
1732.20
1751.76
1775.86
1799.50
1815.87
1832.87
1850.59
1868.50
1881.79
1897.83
1906.85
1935.24
1982.86
2003.04
2025.12
2032.08
2041.15
2072.63
2076.77
2105.36
2115.65
2130.56
2152.34
2172.86
2194.50
2212.42
2225.54
2245.84
2267.11
2283.49
2300.92
2320.32
2329.89
2359.06
2379.16
2389.61
2410.23
2421.81
2444.57
2474.72
2490.29
2505.51
2514.75
2523.94
2584.22
2612.49
2640.54
2669.87
2689.72
2706.03
2703.91
2723.30
2736.87
2771.14
2772.20
2796.68
2794.50
2840.75
2868.97
2888.96
2904.92
2918.07
2933.02
2948.20
2960.00
2980.00
3016.17
3008.53
3019.30
3031.61
3041.34
3052.54
3062.51
3072.71
3086.50
3094.50
3106.50
3115.11
3119.97
3126.50
3129.50
3134.00
3143.00
3173.21
3150.48
3160.50
3166.44
3182.62
3190.93
3187.81
3201.29
3209.37
3216.04
3221.04
3192.07
3244.14
3248.11
3253.50
3257.50
3268.00
3282.58
3287.40
3301.64
3314.35
3312.79
3314.84
3268.91
3319.12
3322.14
3330.95
3334.81
3339.65
3345.00
3347.00
3349.00
3350.50
3348.23
3343.50
3340.00
3338.50
3338.00
3336.92
3335.50
3328.42
3323.50
3321.14
3313.58
3307.00
3305.00
3305.00
3305.50
3309.77
3310.05
3306.67
3306.50
3306.50
3309.50
3310.00
3316.00
3322.26
3323.89
3324.92
3325.00
3326.00
3325.00
3327.00
3330.00
3331.68
3332.29
3335.30
3339.23
3341.38
3344.00
3345.41
3344.72
3349.90
3355.00
3365.00
3369.41
3373.86
3379.50
3380.50
3387.41
3391.08
3392.31
3277.96
3403.00
3405.07
3406.64
3407.44
3406.53
3402.82
3397.50
3390.69
3391.00
3389.85
3387.12
3387.47
3379.62
3374.00
3370.00
3368.50
3367.50
3244.67
3366.00
3366.00
3366.00
3365.00
3361.50
3356.42
3360.50
3354.70
3343.00
3330.64
3328.89
3327.42
3324.36
3325.78
3324.51
3322.32
3319.37
3316.12
3313.26
3312.50
3312.00
3306.50
3304.18
3301.90
3298.97
3296.83
3298.18
3298.12
3298.21
3297.63
3296.19
3293.75
3292.82
3295.61
3297.64
3298.50
3299.50
3301.50
3301.50
3301.00
3300.50
3297.35
3296.50
3297.50
3297.00
3297.50
3297.50
3295.00
3289.50
3163.66
3154.58
3131.47
3119.52
3085.43
3061.03
3039.89
3037.50
3022.94
3011.60
3009.42
2983.02
2969.05
2925.74
2919.66
2902.19
2835.84
2802.20
2841.26
2819.19
2781.24
2733.72
2737.54
2723.32
2703.61
2667.91
2666.11
2649.76
2627.99
2613.50
2583.54
2554.33
2508.29
2481.03
2478.37
2483.93
2501.66
2492.55
2470.61
2470.77
2465.74
2453.59
2441.06
2438.50
2438.06
2438.00
2435.45
2434.35
2433.50
2430.50
2428.50
2427.50
2428.00
2427.50
2427.50
2427.00
2427.50
2428.50
2432.50
2438.00
2477.33
2450.23
2510.78
2544.09
2567.56
2548.06
2577.11
2590.09
2606.41
2619.01
2630.61
2614.14
2636.01
2666.00
2682.33
2677.86
2690.61
2682.92
2695.44
2691.87
2717.70
2790.09
2791.50
2802.14
2803.71
2809.71
2817.91
2826.84
2837.55
2840.95
2852.09
2868.41
2878.00
2887.80
2904.05
2931.94
2963.24
2973.07
2972.07
2981.27
2982.65
2984.57
2987.29
2990.52
3000.30
3003.00
3004.72
3006.17
3013.00
2992.83
2976.40
2961.71
2958.78
2950.53
2945.30
2946.31
2909.16
2935.46
2930.76
2930.03
2928.16
2920.24
2870.60
2846.55
2833.56
2802.65
2774.49
2751.04
2725.01
2708.27
2673.16
2607.94
2480.26
2461.08
2448.58
2440.02
2435.71
2432.58
2426.14
2409.59
2394.00
2366.64
2358.81
2342.74
2337.73
2333.09
2327.24
2318.42
2313.89
2314.90
2315.09
2317.03
2315.71
2316.17
2316.69
2317.86
2319.55
2320.37
2321.19
2321.19
2323.86
2323.86
2324.42
2325.00
2326.39
2330.36
2334.32
2338.36
2336.45
2339.36
2344.11
2347.72
2354.78
2366.76
2376.15
2388.20
2391.30
2401.21
2402.01
2409.46
2423.20
2443.49
2447.96
2460.63
2461.17
2475.00
2478.00
2492.79
2572.87
2598.57
2625.69
2642.18
2663.20
2701.54
2714.32
2723.31
2823.89
2827.50
2831.00
2835.66
2846.18
2857.61
2861.23
2877.25
2898.85
2927.68
2931.94
2960.59
2965.72
2982.95
3005.32
3050.28
3035.05
3052.29
3067.60
3080.48
3086.48
3092.26
3107.73
3130.79
3148.10
3157.49
3164.53
3184.63
3196.81
3209.90
3219.20
3222.02
3240.13
3246.23
3251.09
3254.50
3258.26
3265.50
3270.79
3283.50
3288.88
3293.92
3292.62
3295.12
3297.20
3297.64
3299.59
3315.94
3330.23
3344.96
3348.02
3349.39
3349.62
3351.21
3359.95
3363.98
3368.36
3367.50
3369.50
3374.04
3375.16
3375.50
3375.50
3375.00
3371.93
3367.00
3365.00
3363.50
3361.50
3284.05
3361.00
3329.43
3308.08
3298.39
3282.80
3278.87
3274.56
3268.84
3269.12
3260.20
3249.93
3234.17
3223.92
3216.28
3204.73
3195.88
3192.00
3187.16
3179.04
3170.02
3155.40
3142.70
3137.39
3129.23
3119.15
3108.81
3095.61
3087.09
3076.99
3060.59
3046.85
3035.20
3029.17
3023.69
3006.00
2999.12
2976.22
2954.34
2945.78
2941.65
2940.19
2938.28
2936.50
2922.09
2882.85
2832.11
2793.75
2764.49
2746.34
2741.10
2729.04
2733.66
2712.00
2684.13
2684.72
2671.06
2623.50
2613.67
2582.66
2565.18
2586.33
2558.76
2577.57
2562.70
2537.79
2503.13
2462.11
2435.02
2428.68
2414.05
2429.43
2424.89
2401.74
2384.68
2327.85
2308.99
2268.45
2233.71
2214.69
2170.74
2140.79
2124.22
2104.71
2094.42
2082.96
2032.89
2011.07
1959.58
1967.70
1950.23
1936.50
1911.77
1918.40
1909.00
1894.16
1884.91
1871.50
1864.00
1856.23
1878.12
1818.56
1800.53
1783.39
1773.59
1782.15
1763.15
1752.28
1751.53
1750.00
1749.74
1749.72
1749.50
1750.72
1753.50
1753.50
1754.00
1754.00
1755.00
1754.28
1756.50
1762.31
1780.00
1824.77
1837.69
1845.86
1858.00
1866.50
1873.05
1872.89
1861.77
1901.69
1896.21
1916.89
1921.13
1932.15
2001.44
1976.24
1987.02
1993.79
2028.32
2028.56
2063.58
2072.28
2063.62
2108.08
2118.07
2117.46
2126.07
2138.00
2116.22
2171.84
2176.70
2189.23
2194.50
2201.43
2211.50
2222.50
2225.50
2230.53
2258.03
2272.90
2291.83
2295.64
2284.37
2290.89
2293.69
2327.27
2384.12
2339.79
2338.15
2382.22
2421.92
2456.24
2423.99
2460.78
2503.95
2503.69
2533.37
2523.77
2495.75
2545.29
2564.49
2628.76
2655.45
2676.96
2693.36
2708.93
2724.26
2748.76
2761.66
2783.76
2812.47
2826.24
2842.87
2852.71
2872.60
2886.55
2901.42
2926.83
2938.50
2948.47
2969.97
2985.53
3001.96
3009.50
3014.50
3030.18
3031.88
3039.11
3046.00
3053.00
3068.25
3076.32
3079.98
3093.67
3097.66
3098.84
3099.83
3105.80
3109.59
3018.38
3010.83
3119.89
3113.09
3106.48
3057.90
3057.56
3049.85
3061.02
3053.17
3033.67
3017.11
3007.98
2990.66
2969.59
2931.26
2885.76
2855.96
2852.29
2846.55
2823.99
2797.39
2774.02
2701.10
2651.80
2606.20
2559.91
2524.07
2488.14
2436.30
2396.28
2345.44
2305.55
2265.81
2203.43
2155.69
2088.60
2068.33
2025.08
1995.80
1953.91
1927.89
1871.34
1806.23
1741.05
1732.63
1675.94
1660.15
1695.66
1677.68
1660.48
1653.42
1666.67
1656.50
1657.50
1656.50
1659.62
1658.58
1655.21
1660.54
1665.55
1662.00
1662.05
1657.50
1661.00
1698.22
1700.21
1700.29
1710.22
1718.62
1723.05
1727.75
1734.23
1755.71
1769.06
1775.77
1779.39
1786.94
1788.18
1806.02
1811.21
1816.14
1823.83
1827.76
1820.45
1820.27
1821.47
1820.76
1831.30
1820.14
1820.47
1825.49
1936.76
1972.03
1988.73
2000.13
2030.33
2066.61
2072.18
2072.13
2121.88
2136.70
2115.83
2121.32
2150.79
2157.00
2163.97
2181.04
2201.50
2225.68
2233.00
2225.88
2233.17
2242.33
2257.00
2242.73
2284.65
2295.54
2305.47
2307.98
2319.90
2343.76
2351.75
2386.28
2381.04
2389.19
2381.18
2387.00
2396.46
2392.11
2406.56
2418.83
2424.71
2425.00
2425.50
2426.00
2426.10
2429.00
2429.15
2430.50
2430.00
2430.00
2425.57
2417.00
2411.50
2410.19
2399.31
2388.11
2399.34
2397.60
2401.50
2374.62
2276.80
2248.76
2238.69
2202.24
2170.03
2143.38
2127.18
2096.37
2083.73
2044.79
2026.71
1996.21
1978.85
1958.41
1941.23
1908.42
1902.93
1850.13
1804.63
1794.28
1789.48
1782.93
1775.03
1772.86
1772.54
1772.36
1770.82
1768.43
1765.08
1764.03
1763.75
1762.93
1760.95
1762.57
1769.89
1766.50
1892.49
1885.12
1900.26
1906.03
1907.63
1896.22
1913.50
1924.50
1940.30
1962.03
1993.34
2012.69
2029.16
2035.27
2039.52
2054.42
2055.87
2106.50
2108.58
2130.44
2145.33
2165.83
2176.51
2195.20
2207.83
2225.90
2240.01
2253.75
2294.30
2315.00
2317.21
2320.00
2322.50
2329.00
2333.50
2340.00
2342.40
2345.00
2347.00
2346.00
2343.50
2331.83
2322.13
2330.17
2257.30
2241.55
2251.07
2317.41
2255.30
2100.81
1875.62
1886.23
1867.13
1846.50
1801.22
1760.86
1724.25
1684.48
1665.91
1596.02
1549.85
1503.08
1484.73
1480.16
1458.29
1438.07
1440.91
1440.08
1191.29
1123.89
1068.98
1004.30
981.47
952.83
931.80
896.60
874.58
844.46
819.42
807.76
791.61
777.63
773.72
746.70
733.67
747.15
742.03
729.33
726.00
720.00
715.50
714.33
711.00
710.50
710.00
687.34
686.38
685.77
684.64
696.00
674.77
670.62
677.00
676.47
672.00
665.49
656.27
652.32
647.37
639.49
633.50
624.42
622.00
619.50
616.00
612.00
610.00
609.50
609.50
609.00
612.62
628.75
633.04
631.50
630.69
639.17
644.96
659.44
668.17
673.36
691.73
707.40
727.34
751.50
755.00
763.24
765.19
776.71
788.10
809.73
823.04
829.81
839.82
848.12
852.84
861.86
865.50
881.27
889.64
895.33
916.00
919.50
921.00
920.50
920.00
922.50
921.50
920.50
921.00
925.00
925.00
872.12
923.50
923.19
918.50
917.61
917.08
916.28
916.00
914.50
910.70
906.00
896.00
890.84
878.11
870.82
867.63
850.62
849.45
845.71
839.65
835.00
827.63
815.50
811.00
809.32
803.50
798.26
796.72
795.00
794.00
793.26
793.06
793.00
794.00
794.00
793.50
785.50
777.62
778.71
784.50
784.12
781.74
783.15
782.80
783.56
785.78
787.15
789.00
794.71
796.50
796.00
796.00
800.00
806.40
807.00
807.50
884.17
886.71
898.19
935.99
943.06
959.24
967.76
989.17
1051.70
1063.57
1097.33
1079.37
1102.47
1109.34
1111.97
1117.59
1108.52
1125.40
1140.37
1147.60
1168.35
1181.67
1201.73
1204.00
1215.21
1225.02
1241.61
1248.66
1258.14
1269.90
1307.12
1319.38
1345.54
1376.28
1390.02
1423.06
1455.93
1477.25
1511.40
1533.83
1544.67
1568.43
1581.36
1599.08
1619.88
1642.99
1673.75
1725.61
1723.80
1737.73
1758.28
1764.66
1771.62
1781.30
1779.58
1780.31
1751.74
1776.33
1762.00
1831.93
1957.58
1741.87
1976.74
2002.89
2030.88
2066.98
2043.06
2061.16
2084.70
2096.18
2097.81
2147.50
2163.44
2168.78
2179.59
2219.07
2259.69
2263.62
2270.82
2261.63
2264.59
2288.65
2279.90
2290.92
2296.00
2298.14
2304.12
2307.24
2309.49
2309.59
2304.50
2299.94
2294.04
2294.14
2297.87
2295.94
2278.11
2265.06
2294.00
2286.00
2163.22
2108.88
2060.70
2018.66
1858.94
1854.04
1837.95
1817.34
1802.63
1761.54
1710.32
1681.90
1626.29
1595.38
1582.41
1542.76
1514.02
1484.98
1436.95
1424.54
1408.57
1381.59
1356.08
1316.77
1273.07
1197.25
1167.02
1147.06
1136.54
1116.74
1100.07
1085.97
1066.47
1031.73
1022.28
1009.69
1004.92
1008.38
1006.88
1006.57
1005.00
1006.29
1000.82
1000.57
1002.42
1002.18
1005.31
1005.58
1005.42
1009.97
1010.00
1005.99
1010.16
1016.23
1021.43
1022.60
1046.44
1062.82
1078.97
1066.24
1095.50
1096.00
1097.00
1098.00
1098.50
1102.00
1112.41
1116.50
1118.00
1123.76
1130.89
1143.50
1178.99
1133.11
1146.83
1156.00
1161.00
1171.99
1178.06
1195.61
1219.45
1218.86
1242.47
1255.00
1256.50
1258.66
1265.21
1276.20
1289.05
1296.22
1304.01
1345.15
1354.99
1381.86
1404.93
1424.28
1435.36
1453.48
1469.88
1491.29
1509.87
1547.89
1565.95
1584.96
1601.16
1603.21
1608.23
1615.12
1622.14
1636.40
1708.32
1704.69
1743.05
1747.26
1821.53
1901.97
1948.77
1949.00
1957.20
1977.67
1980.02
1995.58
2012.72
2023.13
2037.88
2055.38
2072.25
2107.50
2125.04
2146.16
2167.60
2190.99
2213.09
2224.94
2238.02
2250.80
2265.00
2277.34
2302.88
2315.50
2329.62
2335.70
2373.61
2411.59
2413.15
2412.76
2417.31
2422.26
2427.03
2427.70
2431.24
2439.47
2443.79
2446.32
2448.00
2448.00
2448.50
2447.00
2396.77
2385.43
2394.02
2431.97
2412.88
2348.67
2275.16
2241.19
2190.49
2177.71
2154.70
2155.79
2165.85
2148.86
2136.40
2136.10
2131.57
2015.93
1969.31
1935.27
1921.71
1897.35
1884.55
1867.22
1845.49
1824.39
1805.82
1786.19
1777.00
1772.00
1768.24
1767.61
1764.04
1763.00
1760.50
1757.91
1756.91
1756.50
1758.00
1760.00
1768.33
1777.38
1776.21
1776.82
1773.00
1777.50
1838.23
1850.24
1866.84
1927.50
1950.43
1919.90
1927.79
1963.39
1991.83
1982.54
2030.44
2027.17
2044.28
2043.87
2048.38
2097.42
2085.30
2127.54
2133.34
2080.52
2034.90
2051.27
2160.55
2183.84
2239.21
2132.70
2085.27
2065.38
2208.72
2169.40
2335.82
2284.19
2269.44
2350.15
2377.97
2427.45
2441.90
2478.72
2502.22
2508.13
2548.64
2545.34
2539.85
2547.56
2554.71
2569.58
2574.62
2579.12
2584.50
2585.00
2586.00
2586.50
2587.63
2587.00
2539.58
2539.50
2572.45
2564.93
2550.85
2526.53
2531.04
2583.00
2582.50
2537.88
2465.19
2427.24
2407.49
2390.15
2382.92
2363.28
2362.75
2315.33
2277.10
2279.24
2271.98
2257.72
2206.87
2247.61
2246.16
2241.91
2234.37
2228.75
2224.50
2176.47
2153.53
2217.00
2219.00
2225.00
2228.50
2234.50
2235.00
2236.00
2254.37
2264.69
2288.51
2269.59
2275.71
2279.74
2309.49
2296.00
2298.50
2272.94
2293.92
2299.00
2323.18
2321.50
2326.55
2339.96
2348.97
2370.87
2376.39
2409.28
2429.65
2427.08
2448.14
2482.66
2496.49
2479.53
2480.43
2523.48
2556.44
2575.50
2548.70
2590.74
2515.87
2591.27
2627.66
2583.15
2605.34
2650.41
2663.71
2668.41
2686.50
2633.54
2720.01
2728.51
2738.06
2753.39
2762.53
2814.71
2806.07
2774.76
2789.93
2733.68
2781.80
2886.90
2842.88
2797.13
2856.99
2883.60
2942.86
2959.79
2968.57
2983.95
2989.74
3004.50
3017.50
3024.00
3042.86
3058.53
3066.16
3029.63
3050.87
3064.28
3132.84
3135.85
3139.89
3148.55
3159.35
3178.68
3189.40
3190.47
3193.78
3197.37
3197.50
3140.81
3203.50
3211.59
3213.00
3214.33
3215.74
3214.50
3216.00
3220.12
3223.58
3222.73
3222.59
3224.14
3225.71
3224.84
3224.00
3224.39
3222.31
3223.36
3222.22
3216.46
3215.00
3214.44
3211.22
3197.49
3185.46
3180.00
3182.69
3180.97
3182.44
3185.17
3184.50
3164.26
3136.57
3126.03
3104.96
3083.10
3017.32
2993.28
2954.77
2948.33
2931.87
2914.16
2906.53
2890.37
2866.58
2820.20
2797.52
2781.99
2757.55
2751.22
2734.25
2722.94
2704.68
2686.89
2671.32
2668.84
2665.13
2639.26
2629.33
2620.17
2611.10
2602.43
2600.28
2592.09
2583.86
2588.50
2588.00
2586.50
2585.00
2582.50
2582.00
2582.50
2583.50
2585.00
2590.00
2591.86
2592.50
2594.39
2599.29
2602.93
2606.04
2614.65
2623.98
2629.45
2651.73
2664.16
2669.12
2681.88
2687.37
2696.11
2702.55
2688.85
2694.66
2748.28
2752.69
2761.54
2781.51
2793.00
2803.81
2818.97
2833.10
2800.98
2838.42
2855.42
2862.90
2869.30
2877.92
2880.30
2891.69
2896.16
2899.71
2900.78
2899.79
2901.28
2910.78
2888.93
2884.50
2884.00
2876.46
2857.91
2859.44
2825.71
2847.28
2766.82
2724.50
2694.99
2682.91
2630.73
2588.98
2522.58
2479.11
2448.74
2256.00
2371.62
2327.63
2299.61
2258.46
2219.00
2193.87
2130.89
2069.71
2017.42
1978.08
1968.37
1932.96
1912.94
1886.54
1818.51
1789.99
1776.57
1755.51
1758.25
1741.86
1735.02
1716.40
1715.96
1732.62
1746.08
1764.22
1763.76
1793.74
1746.19
1747.49
1713.50
1711.00
1708.00
1703.45
1701.79
1700.64
1694.66
1688.79
1677.46
1649.05
1625.61
1624.50
1622.54
1618.50
1615.00
1609.44
1593.00
1585.15
1581.88
1609.55
1552.09
1541.80
1534.41
1530.01
1524.44
1502.54
1483.10
1492.66
1467.64
1457.60
1472.07
1442.40
1432.27
1422.37
1415.42
1393.02
1362.81
1355.61
1340.45
1339.49
1337.02
1334.36
1332.51
1330.48
1320.83
1303.05
1294.88
1290.00
1282.50
1286.55
1298.42
1345.85
1345.74
1348.02
1361.43
1385.15
1434.84
1527.34
1601.26
1681.01
1713.37
1756.52
1797.90
1806.60
1832.53
1850.42
1880.28
1894.63
1915.12
1929.50
1753.41
1650.76
1553.45
1521.00
1500.33
1480.77
1473.55
1463.30
1484.66
1585.13
1602.44
1604.83
1562.09
1548.66
1559.12
1563.50
1560.86
1564.91
1658.71
1701.41
1669.31
1648.27
1670.38
1666.55
1694.56
1719.57
1728.05
1748.80
1768.89
1817.84
1832.84
1857.37
1864.11
1871.87
1885.23
1904.89
1946.35
1964.04
1971.00
1980.91
1984.00
1993.79
1997.46
2022.31
2032.70
2059.08
2082.19
2095.54
2121.79
2150.59
2180.60
2191.46
2201.07
2207.95
2218.84
2227.25
2243.38
2285.77
2303.09
2335.88
2350.62
2369.29
2409.43
2423.29
2438.31
2466.57
2468.99
2494.59
2488.48
2492.85
2531.06
2442.73
2310.89
2274.23
2262.62
2376.07
2662.49
2720.08
2735.53
2742.73
2762.64
2793.56
2791.60
2802.41
2792.19
2792.46
2803.45
2809.98
2818.04
2824.00
2838.32
2849.30
2855.62
2867.00
2877.04
2880.36
2880.53
2889.09
2913.97
2903.01
2907.36
2914.50
2924.00
2933.67
2937.00
2938.50
2939.00
2940.00
2940.50
2937.50
2935.50
2930.50
2926.37
2916.97
2904.00
2895.46
2895.00
2895.97
2877.32
2873.68
2868.04
2854.76
2836.57
2806.85
2796.61
2789.24
2769.28
2783.73
2804.15
2712.03
2713.60
2670.36
2649.22
2628.08
2609.98
2548.87
2530.12
2504.54
2478.10
2435.58
2411.16
2382.13
2323.77
2295.22
2262.84
2282.02
2300.07
2289.87
2283.62
2258.10
2249.24
2230.03
2228.50
2228.50
2228.00
2227.00
2225.00
2222.50
2220.00
2218.50
2217.50
2217.00
2219.65
2226.00
2226.50
2233.64
2235.40
2228.72
2234.65
2225.81
2227.50
2249.48
2270.93
2285.00
2293.00
2305.50
2311.78
2315.12
2314.45
2320.40
2332.78
2326.04
2352.14
2334.76
2368.33
2400.13
2406.34
2403.03
2445.37
2458.19
2486.77
2499.23
2517.95
2530.39
2536.41
2557.37
2574.67
2570.92
2586.74
2635.71
2634.37
2645.37
2637.84
2667.59
2646.74
2644.63
2673.26
2682.10
2707.28
2725.84
2728.25
2691.19
2769.01
2812.58
2802.17
2836.33
2823.31
2864.82
2886.09
2866.01
2898.27
2902.87
2916.50
2931.00
2942.26
2953.06
2968.35
2984.92
2994.85
3021.75
3014.49
3018.02
3027.17
3034.43
3042.72
3062.76
3103.50
3122.00
3131.79
3114.04
3121.33
3154.00
3165.00
3178.52
3194.99
3207.57
3222.92
3229.39
3234.97
3240.00
3207.85
3210.00
3210.20
3266.50
3214.56
3291.45
3298.50
3299.50
3300.50
3301.50
3302.50
3303.00
3304.50
3309.33
3323.50
3331.50
3340.00
3343.50
3344.35
3345.77
3346.00
3351.50
3359.22
3369.37
3381.76
3386.86
3388.00
3389.57
3392.03
3394.50
3394.00
3395.93
3399.50
3402.50
3406.00
3410.50
3409.50
3410.00
3409.00
3408.50
3400.50
3401.00
3400.50
3401.03
3399.85
3399.00
3395.08
3387.00
3384.88
3383.46
3382.08
3381.50
3382.76
3381.60
3382.70
3383.41
3383.93
3385.00
3385.00
3387.44
3387.50
3388.50
3394.00
3395.50
3396.00
3221.26
3401.00
3403.41
3404.11
3407.50
3408.06
3410.50
3410.50
3413.00
3417.00
3419.00
3420.00
3419.00
3419.00
3417.00
3412.06
3409.76
3407.41
3404.31
3400.06
3399.05
3395.23
3208.75
2326.59
2235.14
2527.32
2354.21
2232.08
2347.13
2772.98
2694.70
2649.07
3274.75
3390.25
3389.56
3389.18
3394.12
3398.00
3400.00
3401.50
3402.00
3402.50
3402.50
3400.08
3399.50
3399.00
3398.38
3397.00
3395.50
3393.39
3390.50
3389.69
3387.50
3387.00
3387.00
3387.50
3387.00
3387.00
3387.83
3384.82
3383.50
3384.62
3383.38
3382.50
3382.18
3378.71
3377.40
3377.50
3376.50
3376.44
3374.57
3371.74
3368.79
3366.59
3365.44
3360.70
3361.82
3354.00
3354.50
3354.00
3335.14
3325.25
3322.47
3318.43
3313.23
3306.72
3304.68
3303.00
3292.50
3287.00
3284.50
3281.50
3280.00
3279.50
3279.50
3211.01
3207.86
3215.19
3215.78
3225.68
3224.04
3229.49
3220.59
3223.65
3209.39
3270.20
3256.70
3228.19
3209.24
3197.16
3169.80
3154.96
3139.90
3132.76
3132.26
3129.60
3126.88
3119.12
3104.86
3085.95
3079.22
3071.86
3064.83
3063.67
3057.04
3046.75
3037.88
3031.88
3030.85
3028.12
3023.68
3019.07
3010.00
3000.41
2991.87
2985.14
2966.08
2950.35
2948.93
2946.32
2938.12
2935.50
2933.64
2932.39
2933.38
2935.34
2939.55
2945.62
2955.76
2963.00
2967.50
2975.00
2977.50
2985.50
2993.00
2994.00
3001.50
3013.37
3022.67
3032.46
3034.84
3040.40
3041.50
3039.50
3041.31
3043.12
3047.56
3095.44
3118.16
3143.43
3155.60
3152.00
3155.00
3105.58
3147.77
3191.32
3200.79
3208.64
3216.00
3176.61
3238.50
3244.31
3255.95
3271.67
3280.64
3282.29
3286.92
3289.56
3288.00
3296.82
3304.31
3305.63
3306.00
3305.50
3305.00
3303.50
3171.60
3301.50
3188.24
3299.00
3298.17
3298.00
3293.26
3290.33
3285.10
3271.50
3257.50
3248.87
3237.08
3231.47
3223.55
3203.03
3170.09
3161.98
3176.14
3170.50
3153.94
3138.46
3120.41
3117.17
3099.48
3083.19
3079.51
3074.74
3069.29
3052.71
3033.54
3008.50
2982.39
2966.63
2936.04
2930.80
2900.02
2923.62
2909.49
2892.75
2887.40
2883.13
2869.56
2852.83
2847.10
2846.10
2845.47
2845.38
2848.67
2850.20
2854.87
2856.00
2856.94
2862.77
2868.00
2873.00
2890.06
2895.54
2900.08
2902.42
2898.46
2910.89
2926.44
2914.25
2901.39
2914.45
2984.19
2993.50
3001.50
3004.21
3009.67
3013.36
3026.99
3038.00
3055.32
3074.48
3087.87
3100.39
3113.13
3130.01
3158.00
3138.05
3137.95
3142.51
3150.94
3155.70
3160.85
3169.88
3174.00
3175.00
3178.50
3180.13
3181.06
3181.00
3182.00
3182.00
3182.00
3179.00
3176.00
3174.50
3173.50
3171.00
3168.00
3167.02
3165.50
3159.36
3150.41
3144.50
3132.79
3126.16
3115.04
3111.50
3107.00
3104.50
3105.66
3102.53
3096.50
3085.50
3072.00
3070.50
3069.00
3067.00
3062.37
3047.98
3035.53
3027.21
3012.26
2967.61
2990.44
3039.27
2943.57
2909.07
2889.79
2876.99
2841.23
2772.79
2782.15
2730.42
2726.31
2701.02
2682.94
2630.40
2639.27
2622.96
2615.00
2593.47
2560.70
2530.23
2511.33
2477.19
2462.37
2442.68
2407.18
2413.18
2424.46
2403.50
2385.61
2370.40
2364.50
2358.15
2354.62
2355.50
2355.50
2355.50
2357.25
2364.57
2362.69
2370.17
2356.73
2368.88
2378.69
2402.89
2409.85
2417.87
2414.98
2428.49
2458.00
2415.34
2467.22
2435.60
2441.56
2485.45
2503.18
2530.28
2538.17
2545.08
2570.53
2572.84
2591.76
2588.89
2604.40
2609.92
2617.85
2643.71
2649.91
2672.74
2704.38
2684.34
2708.84
2725.43
2753.80
2815.96
2832.64
2845.93
2818.56
2811.14
2820.44
2884.90
2895.59
2903.77
2918.43
2922.75
2927.43
2870.80
2876.35
2916.07
2973.55
2987.72
3008.71
3010.30
3006.88
3009.49
3014.94
3019.00
3023.97
3030.00
3035.50
3036.50
3039.00
3037.45
3039.00
3033.14
3027.67
3026.16
3023.18
3012.27
3003.59
2952.83
2986.46
2986.34
2982.35
2975.20
2962.91
2945.04
2906.31
2920.53
2885.18
2883.67
2893.10
2876.83
2857.84
2853.14
2833.11
2775.84
2788.07
2769.95
2752.50
2725.05
2706.00
2698.00
2691.22
2691.81
2662.93
2641.76
2617.96
2624.69
2619.82
2610.56
2600.57
2590.88
2589.87
2587.85
2587.22
2584.14
2586.78
2591.02
2597.50
2605.11
2610.93
2627.45
2634.98
2644.01
2650.42
2655.60
2669.87
2685.55
2666.72
2705.32
2713.45
2675.35
2724.88
2725.00
2725.50
2735.29
2742.00
2753.50
2763.00
2768.91
2760.58
2751.49
2751.25
2787.75
2796.18
2806.54
2813.41
2821.04
2828.32
2836.80
2844.83
2848.56
2855.00
2858.00
2862.00
2869.00
2876.00
2881.30
2885.50
2886.47
2889.58
2890.16
2845.86
2862.78
2902.50
2910.70
2916.20
2928.41
2933.33
2939.97
2940.95
2941.32
2943.85
2947.00
2954.37
2913.19
2905.26
2870.63
2985.00
2986.00
2988.00
2995.00
2996.30
2997.15
2998.00
2999.00
3002.50
3009.50
3013.50
3017.02
3023.73
3027.82
3029.53
3029.07
3035.01
3042.50
3050.45
3064.35
3078.13
3084.00
3096.50
3042.92
3113.00
3119.61
3122.28
3128.17
3134.89
3138.51
3146.00
3152.00
3153.00
3163.50
3167.50
3170.50
3173.00
3175.00
3175.00
3177.82
3148.92
3172.16
3173.62
3176.01
3179.50
3176.54
3179.42
3180.49
3169.79
3176.52
3216.74
3250.58
3276.55
3232.55
3281.76
3286.45
3287.07
3290.74
3298.60
3308.42
3317.50
3327.15
3330.88
3334.83
3335.00
3336.50
3339.50
3342.00
3343.50
3347.00
3347.00
3348.00
3348.00
3348.00
3343.62
3337.50
3334.24
3328.00
3321.15
3313.57
3312.10
3309.95
3306.50
3299.79
3294.50
3192.38
3293.50
3172.52
3171.89
3186.53
3302.81
3308.00
3121.18
3319.06
3320.77
3319.72
3319.41
3319.31
3321.88
3329.00
3331.00
3336.50
3342.50
3124.27
3344.50
3346.50
3346.50
3347.50
3348.00
3350.00
3351.00
3355.50
3359.24
3362.19
3360.50
3360.50
3360.00
3358.00
3355.50
3354.00
3354.50
3285.98
3352.00
3350.50
3342.00
3331.02
3322.50
3319.50
3319.36
3320.07
3319.51
3318.52
3316.00
3315.65
3314.71
3316.00
3317.38
3321.49
3326.00
3327.00
3327.50
3328.50
3330.00
3333.00
3334.00
3334.36
3334.36
3335.50
3340.43
3342.48
3348.15
3349.09
3354.00
3364.00
3367.42
3370.51
3376.81
3381.70
3382.50
3386.50
3387.50
3387.50
3388.00
3388.00
3385.10
3383.46
3372.04
3366.50
3360.00
3356.00
3354.45
3347.50
3342.94
3337.57
3201.49
3334.11
3334.04
3334.34
3334.98
3334.98
3335.50
3338.00
3347.48
3349.79
3351.00
3351.50
3351.50
3351.50
3352.00
3353.00
3356.00
3359.34
3361.78
3363.28
3367.39
3371.59
3313.45
3381.00
3385.95
3388.46
3390.50
3391.00
3392.00
3392.50
3392.50
3392.50
3392.00
3391.06
3391.50
3391.50
3392.00
3394.54
3396.10
3397.19
3396.57
3400.84
3401.97
3403.56
3404.00
3404.27
3402.95
3401.63
3401.08
3401.95
3401.41
3401.29
3402.55
3401.54
3400.00
3255.04
3402.20
3401.00
3401.90
3402.85
3402.91
3402.91
3403.75
3403.50
3398.95
3394.24
3395.50
3393.50
3394.50
3395.50
3395.00
3394.50
3394.00
3393.50
3394.00
3396.00
3398.50
3400.00
3402.00
3402.00
3402.00
3404.00
3404.50
3404.00
3401.00
3396.38
3393.46
3390.27
3388.41
3392.56
3388.25
3386.19
3387.50
3386.78
3386.66
3387.50
3387.00
3386.00
3384.50
3383.50
3383.00
3382.45
3382.29
3380.00
3378.50
3377.72
3377.00
3378.22
3377.53
3378.60
3378.61
3378.81
3380.22
3382.00
3383.44
3385.50
3387.00
3388.00
3390.86
3390.56
3390.55
3388.12
3376.00
3367.50
3366.50
3365.50
3363.00
3360.50
3357.00
3358.50
3356.50
3357.00
3357.50
3358.00
3359.00
3359.00
3359.50
3364.00
3371.00
3373.50
3374.94
3375.71
3376.68
3378.38
3381.64
3380.21
3380.95
3375.26
3367.09
3361.55
3350.53
3348.66
3346.23
3343.52
3339.97
3332.19
3340.33
3342.64
3340.21
3344.27
3349.68
3357.11
3361.67
3369.50
3370.50
3370.50
3370.08
3371.00
3369.08
3364.25
3363.35
3360.50
3357.82
3358.25
3360.50
3359.50
3358.94
3358.38
3354.50
3353.00
3332.00
3311.42
3306.22
3304.94
3304.16
3302.85
3303.08
3302.35
3302.53
3302.69
3302.82
3303.43
3303.93
3304.96
3305.50
3306.00
3306.50
3309.00
3314.82
3327.22
3325.46
3326.08
3326.13
3342.86
3349.56
3351.73
3311.45
3370.50
3374.50
3378.42
3379.00
3379.85
3382.50
3383.00
3206.47
3197.11
3197.11
3382.50
3382.50
3382.50
3381.50
3381.50
3381.00
3381.00
3381.00
3380.00
3379.50
3376.68
3371.65
3362.80
3353.35
3353.86
3347.49
3345.36
3343.00
3333.65
3327.00
3320.69
3319.10
3315.18
3311.94
3311.00
3311.08
3311.00
3311.82
3312.69
3313.00
3314.50
3315.43
3314.50
3314.00
3312.16
3310.05
3309.06
3308.62
3308.82
3309.50
3310.50
3312.00
3312.59
3305.35
3315.50
3319.00
3322.00
3323.59
3325.66
3327.00
3329.12
3345.00
3334.43
3334.36
3335.47
3342.57
3334.04
3331.98
3330.47
3326.61
3327.98
3331.60
3329.20
3325.29
3319.57
3310.12
3303.96
3303.08
3300.50
3296.00
3293.00
3290.50
3288.00
3281.73
3280.50
3279.50
3275.80
3272.50
3268.09
3252.81
3224.06
3214.30
3202.34
3189.80
3167.78
3148.21
3148.07
3144.00
3142.86
3134.97
3123.00
3113.27
3099.00
3087.24
3073.96
3066.97
3059.87
3043.60
3033.47
3009.93
2995.41
2973.31
2952.20
2937.35
2915.58
2905.69
2892.05
2885.96
2878.31
2851.15
2829.10
2805.26
2800.34
2790.93
2788.00
2785.35
2785.00
2781.01
2731.24
2702.67
2707.66
2724.07
2731.72
2714.67
2731.08
2723.94
2728.71
2721.15
2727.40
2716.83
2704.59
2704.95
2707.00
2708.50
2713.65
2720.86
2727.23
2729.50
2734.02
2736.66
2744.41
2752.00
2759.08
2763.53
2766.81
2778.70
2779.57
2779.50
2780.50
2782.00
2790.00
2795.50
2800.50
2802.00
2803.00
2809.92
2812.69
2818.19
2825.35
2835.28
2842.55
2850.93
2858.00
2863.00
2866.76
2870.14
2873.75
2875.13
2875.10
2874.58
2874.50
2871.00
2869.50
2868.00
2854.83
2851.94
2849.94
2846.29
2836.37
2832.53
2825.12
2815.30
2812.70
2808.10
2796.50
2791.38
2788.00
2786.50
2783.50
2783.81
2779.50
2775.97
2772.00
2763.50
2761.00
2760.50
2761.00
2762.00
2763.83
2769.50
2775.50
2784.08
2792.00
2813.34
2796.00
2798.04
2806.87
2808.65
2814.69
2872.10
2853.20
2866.62
2879.00
2885.89
2895.24
2900.00
2903.78
2907.50
2915.00
2927.79
2942.25
2954.55
2968.48
2987.32
2994.00
2997.00
3006.50
3008.63
3019.00
3032.39
3039.85
3048.28
3058.92
3069.56
3082.13
3092.62
3096.20
3108.84
3113.45
3126.37
3130.61
3141.28
3151.82
3156.37
3170.65
3187.34
3198.01
3206.19
3209.30
3224.50
3230.50
3241.97
3251.00
3263.50
3278.25
3288.18
3293.38
3257.71
3299.30
3307.03
3312.00
3315.00
3317.79
3321.08
3320.45
3319.91
3321.42
3314.00
3313.33
3310.97
3302.34
3295.79
3293.78
3290.77
3287.80
3275.13
3266.00
3259.86
3249.07
3230.13
3204.51
3197.12
3192.93
3191.45
3189.49
3185.09
3162.57
3151.83
3120.14
3101.81
3099.61
3098.48
3089.86
3086.87
3083.68
3024.83
3020.92
3080.50
3085.87
3085.94
3087.71
3030.12
3088.98
3100.72
3120.79
3133.92
3138.91
3147.38
3170.71
3182.00
3189.76
3191.50
3200.50
3196.00
3197.56
3201.67
3201.50
3202.50
3208.00
3209.00
3209.38
3208.50
3208.00
3208.00
3207.50
3208.50
3209.50
3210.80
3212.00
3212.50
3212.21
3213.00
3212.50
3211.00
3208.50
3207.50
3206.88
3206.00
3205.50
3203.50
3198.00
3188.00
3181.17
3178.60
3182.00
3180.50
3171.67
3179.50
3179.21
3085.00
3030.84
3014.24
2991.15
2952.75
2937.17
2909.78
2886.28
2844.11
2807.98
2766.30
2738.36
2693.37
2651.93
2608.94
2599.32
2537.70
2446.05
2409.36
2382.09
2326.99
2283.66
2219.20
2157.52
2088.14
2009.97
1968.16
1903.97
1833.81
1801.39
1756.63
1716.23
1655.40
1631.02
1585.53
1541.98
1502.41
1501.71
1472.59
1446.27
1423.55
1384.10
1356.18
1335.75
1305.31
1252.40
1209.50
1204.00
1199.50
1197.00
1193.13
1193.25
1193.85
1194.82
1190.50
1187.74
1185.89
1185.63
1185.63
1187.31
1185.76
1186.09
1185.55
1185.21
1188.50
1187.50
1187.27
1187.88
1180.50
1100.77
1096.01
1098.30
1066.23
1072.77
1074.23
1058.48
1057.10
1010.82
1057.46
1065.11
1070.34
1071.69
1081.43
1080.65
1081.71
1084.24
1084.22
1087.69
1090.22
1096.50
1097.50
1153.17
1097.50
1200.04
1097.00
1140.42
1087.65
1087.88
1086.65
1076.50
1073.00
1072.50
1072.50
1073.50
1077.00
1078.50
1079.50
1081.50
1085.50
1088.00
1089.00
1103.36
1042.86
1038.47
1095.50
1095.50
1097.00
1125.95
1124.83
1161.48
1151.82
1187.25
1190.82
1193.05
1196.78
1201.91
1208.40
1212.13
1214.49
1225.15
1252.16
1260.41
1266.30
1275.93
1274.58
1264.08
1302.59
1330.95
1343.85
1354.90
1355.47
1387.43
1401.09
1390.83
1385.92
1444.05
1458.01
1472.58
1491.30
1480.95
1495.68
1487.73
1516.21
1577.20
1516.84
1547.70
1560.99
1590.68
1603.86
1622.07
1641.12
1674.96
1703.33
1709.76
1703.03
1731.96
1750.30
1776.57
1789.21
1771.43
1792.06
1869.07
1844.17
1869.96
1894.43
1934.91
1967.93
1995.25
1970.42
2010.64
2016.01
2044.42
2062.41
2094.45
2126.46
2132.04
2171.15
2168.82
2168.88
2211.80
2212.32
2249.56
2239.28
2234.84
2247.05
2251.74
2254.14
2255.00
2254.94
2255.34
2255.16
2255.03
2248.26
2244.65
2238.44
2241.64
2200.72
2191.25
2189.66
2158.38
2138.19
2120.11
2090.76
2013.18
1993.90
1962.57
1952.73
1922.52
1862.77
1810.22
1801.79
1779.46
1744.90
1636.03
1327.35
1338.13
1351.58
1353.57
1358.85
1361.61
1365.54
1381.02
1389.81
1413.35
1416.96
1435.14
1420.00
1420.86
1407.39
1383.25
1365.05
1359.74
1325.98
1321.83
1337.60
1287.30
1256.55
1250.19
1231.20
1172.29
1199.18
1130.70
1098.46
1063.60
1024.10
1006.47
973.69
978.71
951.21
933.13
921.10
896.54
886.14
869.47
852.50
828.00
804.60
789.51
777.45
776.33
770.16
748.75
749.16
729.82
725.88
710.56
704.08
698.62
697.00
695.50
690.91
691.00
691.00
697.50
699.79
701.61
700.61
701.00
703.00
709.45
711.47
719.00
792.01
791.16
775.10
783.49
799.58
809.50
805.30
833.60
823.17
880.98
870.66
879.01
935.83
916.11
924.81
941.89
963.47
974.93
995.51
1022.48
1042.60
1053.11
1196.19
1118.90
1090.66
1156.14
1164.08
1154.12
1192.40
1230.57
1274.52
1278.68
1283.03
1322.06
1323.02
1365.19
1397.34
1396.24
1436.31
1580.58
1559.70
1513.33
1514.61
1570.39
1557.27
1581.62
1607.33
1633.89
1659.27
1705.60
1753.50
1734.50
1734.89
1735.89
1800.88
1768.67
1841.58
1849.69
1909.42
2013.22
2003.03
2022.97
2003.31
2018.91
1989.15
1976.64
1995.50
2038.30
2086.89
2084.42
2105.35
2065.59
2095.04
2171.23
2215.37
2214.29
2238.50
2228.79
2245.88
2277.19
2252.05
2304.65
2335.04
2326.19
2350.26
2363.04
2356.00
2387.35
2408.14
2418.46
2448.56
2449.10
2494.00
2501.38
2505.12
2506.66
2512.40
2517.45
2520.59
2517.58
2524.00
2529.62
2531.00
2531.50
2531.50
2525.50
2522.50
2515.50
2515.00
2512.68
2499.62
2490.96
2470.45
2461.50
2445.42
2396.08
2377.05
2338.89
2319.36
2329.62
2326.35
2305.05
2281.40
2272.43
2238.34
2205.72
2193.52
1991.92
1923.74
1868.70
1809.48
1730.89
1730.85
1712.00
1675.78
1651.32
1621.93
1590.17
1561.46
1546.00
1528.23
1502.62
1492.00
1478.59
1460.67
1455.28
1446.57
1432.68
1429.28
1424.86
1409.44
1403.35
1397.98
1377.61
1377.50
1378.82
1382.00
1382.50
1383.26
1385.06
1388.06
1399.00
1407.07
1410.03
1414.08
1420.00
1425.00
1435.00
1436.87
1438.59
1443.57
1451.64
1454.37
1456.33
1460.87
1472.46
1486.50
1492.50
1494.61
1504.93
1510.00
1519.08
1522.50
1515.93
1523.17
1556.67
1567.97
1590.51
1612.25
1636.32
1634.89
1639.19
1654.89
1662.72
1672.07
1686.35
1673.40
1696.92
1704.50
1710.50
1712.50
1714.50
1724.12
1728.30
1733.00
1733.00
1733.00
1733.00
1721.50
1711.48
1707.59
1702.10
1694.77
1695.94
1699.19
1694.94
1692.22
1689.92
1676.50
1674.50
1672.00
1669.15
1664.50
1650.83
1636.61
1629.61
1634.76
1633.82
1629.17
1634.04
1635.34
1635.55
1634.83
1633.40
1633.81
1636.12
1637.00
1638.14
1641.57
1650.53
1656.00
1653.73
1655.74
1657.69
1664.33
1708.65
1725.04
1737.42
1752.53
1757.54
1766.52
1774.07
1784.81
1798.97
1825.48
1830.31
1846.98
1843.86
1825.48
1820.71
1804.26
1867.34
1887.55
1907.85
1923.03
1922.14
1901.66
1951.32
1945.74
1946.53
2017.45
2027.65
2054.25
2068.89
2092.22
2111.82
2125.63
2160.78
2178.90
2183.45
2218.68
2229.82
2264.63
2286.16
2303.37
2303.68
2331.70
2327.57
2379.01
2431.84
2419.09
2448.15
2446.11
2478.05
2512.78
2491.89
2520.12
2497.07
2602.08
2625.87
2637.75
2652.65
2658.02
2683.66
2703.71
2715.43
2735.97
2749.55
2772.34
2759.49
2804.36
2831.18
2862.32
2880.22
2880.54
2916.87
2936.03
2945.04
2955.11
2967.45
2984.64
2995.96
3014.01
3001.31
3017.55
3051.60
3046.96
3090.61
3101.76
3111.98
3121.15
3130.08
3141.35
3149.44
3165.45
3177.09
3186.80
3203.82
3221.40
3229.41
3228.01
3232.09
3228.94
3234.97
3246.04
3245.35
3248.24
3251.72
3253.40
3261.27
3260.00
3258.98
3257.50
3259.00
3262.00
3264.33
3276.86
3279.50
3282.00
3285.00
3288.50
3294.18
3296.12
3296.00
3297.00
3298.81
3301.17
3303.00
3302.50
3303.50
3304.50
3305.00
3305.50
3306.00
3305.50
3305.00
3304.50
3305.00
3305.00
3306.50
3308.50
3310.00
3311.50
3313.17
3312.50
3313.50
3314.50
3316.00
3319.50
3324.23
3327.00
3328.00
3328.00
3328.68
3328.83
3329.56
3329.50
3330.50
3330.50
3327.50
3327.00
3325.50
3318.00
3310.38
3312.80
3308.28
3305.00
3299.52
3295.50
3295.38
3294.02
3284.00
3274.00
3264.73
3263.00
3262.00
3264.06
3262.51
3261.00
3259.50
3258.00
3256.50
3253.00
3249.50
3246.20
3250.22
3241.15
3195.20
3139.11
3248.50
3245.00
3139.17
3115.43
3114.06
3118.34
3125.52
3086.62
3139.50
3140.50
3140.00
3140.00
3137.36
3126.50
3109.29
3104.00
3097.50
3087.93
3083.50
3082.30
3081.67
3080.95
3075.50
3055.53
3042.73
3038.00
3023.78
3016.39
2990.17
2988.95
2981.57
2976.00
2972.00
2962.52
2954.50
2949.56
2937.44
2914.73
2900.80
2886.00
2878.00
2875.31
2874.45
2874.00
2869.31
2863.75
2859.44
2851.40
2850.00
2850.00
2850.00
2850.00
2851.00
2850.00
2850.00
2845.36
2843.36
2844.38
2844.34
2843.73
2841.15
2838.67
2825.58
2816.04
2799.02
2797.20
2798.93
2796.05
2790.05
2788.98
2787.54
2787.02
2781.49
2768.60
2762.80
2761.70
2761.89
2761.50
2762.50
2763.06
2763.56
2765.23
2766.00
2765.08
2765.22
2765.50
2765.50
2767.41
2766.88
2765.97
2764.14
2763.09
2760.50
2759.19
2757.14
2755.44
2749.00
2745.00
2768.44
2740.50
2740.50
2740.50
2740.50
2740.50
2739.00
2737.69
2735.73
2731.16
2728.05
2732.85
2726.21
2724.41
2714.51
2697.12
2701.72
2636.79
2637.74
2679.50
2676.00
2675.00
2673.50
2664.00
2655.50
2653.50
2646.95
2635.62
2631.13
2594.08
2614.66
2553.12
2507.51
2503.60
2471.18
2403.33
2362.21
2362.45
2325.52
2295.02
2215.73
2171.00
2112.88
1998.25
2004.41
1960.61
1937.25
1928.52
1920.20
1885.49
1868.65
1857.41
1841.97
1805.37
1777.99
1754.23
1748.68
1661.85
1609.76
1599.42
1597.77
1597.92
1600.35
1600.51
1598.35
1594.67
1592.97
1587.61
1536.33
1564.78
1557.74
1550.33
1528.60
1523.11
1523.32
1519.06
1530.65
1520.91
1495.47
1440.25
1437.20
1430.62
1425.50
1424.50
1422.50
1389.83
1416.02
1410.33
1408.00
1406.71
1405.76
1404.00
1398.00
1385.00
1372.74
1349.36
1367.83
1369.26
1365.50
1365.45
1369.78
1356.16
1331.30
1306.98
1306.06
1308.00
1309.00
1307.00
1305.50
1297.50
1293.50
1281.11
1267.86
1264.62
1263.14
1265.36
1261.33
1254.63
1250.00
1248.00
1246.00
1244.50
1244.00
1244.00
1245.50
1247.00
1247.08
1250.50
1253.69
1255.44
1262.67
1265.28
1261.50
1268.50
1268.17
1280.50
1297.70
1330.39
1351.97
1392.79
1401.45
1414.29
1425.25
1459.81
1466.73
1475.41
1489.52
1504.04
1523.70
1543.61
1557.88
1568.75
1585.64
1604.23
1614.42
1619.98
1631.46
1647.10
1660.27
1736.31
1816.68
1842.02
1882.18
1893.20
1906.60
1901.95
1885.60
1890.06
1937.95
1953.64
1989.45
2029.40
2042.50
2068.68
2097.82
2125.71
2157.28
2167.33
2203.23
2235.37
2315.86
2318.00
2323.00
2346.07
2384.16
2395.71
2407.58
2429.86
2467.80
2478.61
2502.64
2528.70
2544.80
2581.26
2600.61
2626.52
2664.04
2690.56
2709.26
2716.15
2725.85
2732.69
2739.45
2761.48
2761.91
2769.43
2786.51
2850.46
2872.76
2897.75
2912.00
2918.02
2932.55
2943.08
2950.74
2956.38
2959.81
2966.50
2969.00
2973.00
2975.00
2978.00
2978.00
2977.50
2976.50
2976.50
2976.00
2973.50
2961.79
2954.94
2950.44
2955.61
2951.54
2953.29
2955.50
2954.00
2950.66
2920.92
2803.22
2771.57
2740.42
2701.86
2671.61
2642.61
2610.61
2516.49
2462.51
2456.03
2448.48
2443.71
2425.00
2418.96
2406.08
2398.66
2398.50
2387.93
2373.46
2362.15
2345.18
2341.92
2337.40
2338.50
2340.00
2341.50
2237.35
2349.59
2362.50
2367.97
2372.73
2374.50
2387.50
2393.28
2399.99
2401.00
2419.15
2442.41
2449.55
2463.07
2468.29
2471.67
2475.55
2481.50
2482.76
2484.50
2509.83
2521.67
2526.46
2537.33
2545.43
2543.50
2543.50
2546.50
2552.00
2555.00
2561.64
2563.17
2566.06
2566.50
2564.25
2560.04
2555.20
2554.71
2548.31
2525.90
2521.26
2515.63
2514.02
2498.04
2461.93
2449.02
2421.16
2402.40
2388.77
2376.08
2361.80
2346.02
2326.40
2306.38
2258.53
2212.03
2195.87
2181.12
2155.09
2140.57
2122.33
2119.27
2113.44
2094.48
2068.17
2046.14
2015.25
2036.76
1993.08
1961.30
1946.53
1915.04
1902.51
1897.59
1898.90
1899.47
1907.21
1910.50
1911.00
1916.63
1920.31
1917.74
1919.08
1918.26
1964.08
1957.81
2003.57
1996.89
2047.43
2057.99
2069.85
2078.85
2086.64
2106.39
2125.84
2135.59
2144.19
2155.24
2164.23
2156.14
2167.96
2182.05
2187.81
2218.26
2289.53
2323.12
2361.80
2354.43
2368.43
2386.06
2384.45
2427.73
2438.95
2430.14
2399.14
2315.82
2502.81
2481.75
2565.48
2557.42
2526.02
2598.16
2582.54
2622.64
2635.67
2636.48
2629.30
2648.35
2572.51
2625.16
2731.65
2752.12
2814.46
2855.85
2839.15
2767.32
2918.07
2928.48
2893.52
2911.35
2953.00
2982.38
3001.48
3009.08
3030.23
3034.80
3038.03
3045.50
3051.00
3063.50
3067.00
3072.00
3075.50
3077.00
3077.50
3075.50
3072.85
3064.44
3057.27
3051.71
3046.45
3012.84
2987.85
2984.30
2974.93
2970.88
2964.27
2950.43
2944.45
2935.70
2919.54
2885.51
2868.00
2863.07
2860.10
2856.50
2854.50
2838.31
2828.30
2802.77
2734.48
2707.42
2687.58
2670.36
2634.97
2624.23
2599.18
2575.35
2560.50
2528.23
2500.28
2489.14
2457.35
2423.41
2425.92
2430.73
2425.12
2392.75
2397.63
2370.40
2364.98
2330.23
2314.76
2309.28
2320.37
2316.43
2292.82
2265.54
2251.13
2238.57
2209.01
2189.06
2192.05
2185.88
2196.68
2183.14
2170.09
2149.00
2138.91
2122.00
2108.50
2100.24
2098.12
2078.55
2045.04
2057.67
2052.03
2041.00
1999.51
1987.76
1993.00
1964.15
1988.00
1980.88
1977.79
1977.36
1942.17
1934.35
1968.33
1964.00
1963.19
1971.38
1975.93
1978.17
1981.64
1935.52
1988.50
1990.61
1998.46
2008.79
2013.50
2017.00
2023.00
2024.00
2027.50
2032.00
2035.00
2035.82
2037.00
2045.04
2037.50
2037.50
2036.50
2034.00
2031.42
2034.16
2032.22
2028.34
2029.05
2025.50
1960.81
2024.00
1942.18
1931.32
1917.06
1912.37
1899.24
1877.91
1851.90
1840.00
1823.50
1804.90
1789.30
1775.42
1729.10
1727.89
1734.58
1738.95
1706.35
1717.53
1706.35
1709.09
1700.62
1694.50
1693.50
1693.50
1693.22
1694.24
1695.00
1697.44
1703.00
1707.00
1714.50
1715.50
1719.32
1716.00
1717.00
1716.50
1722.08
1721.00
1751.31
1819.59
1820.21
1782.34
1794.07
1819.15
1840.04
1857.00
1855.50
1884.31
2114.08
2036.09
2100.38
2144.19
2088.11
2102.36
2156.36
2194.61
2213.77
2200.06
2289.04
2150.75
2089.09
2016.70
1719.80
1849.98
1930.93
2018.21
1935.86
2011.87
1855.05
1949.79
1891.94
2107.47
1955.60
2066.43
2202.42
2238.14
2277.54
2216.31
2340.06
2462.60
2473.84
2483.50
2483.56
2417.60
2448.22
2526.81
2544.29
2561.70
2599.57
2595.69
2611.28
2610.99
2638.88
2647.26
2694.17
2700.13
2717.38
2729.29
2737.52
2742.73
2765.37
2767.46
2772.00
2779.50
2785.53
2786.08
2739.89
2798.06
2805.40
2798.83
2808.30
2806.43
2755.18
2760.14
2791.51
2783.33
2779.29
2771.57
2769.55
2788.34
2777.57
2735.00
2816.46
2701.53
2702.49
2653.79
2624.11
2598.52
2585.69
2578.82
2548.11
2539.91
2526.86
2501.03
2491.02
2451.55
2413.96
2343.56
2351.85
2329.13
2316.66
2301.97
2286.93
2274.22
2228.56
2212.13
2197.08
2136.77
2148.43
2139.65
2086.19
2090.70
2092.49
2078.86
2042.17
2046.38
2056.94
2035.32
2013.47
2006.44
2007.17
2012.17
2011.91
2005.03
2004.00
2003.50
1998.89
1996.00
2006.22
2010.37
2011.90
2014.61
2019.00
2014.65
2015.00
2016.00
2026.00
2074.58
2150.97
2178.92
2181.79
2131.86
2122.87
2140.17
2165.24
2144.80
2135.63
2156.15
2208.94
2331.38
2247.80
2222.61
2251.32
2236.83
2249.87
2259.78
2246.84
2288.62
2340.62
2376.03
2339.07
2364.00
2359.59
2404.08
2390.45
2409.41
2353.89
2274.82
2393.72
2423.55
2433.74
2436.49
2479.08
2434.61
2406.92
2439.19
2522.91
2504.45
2545.18
2467.21
2595.82
2583.20
2644.69
2641.34
2668.63
2653.37
2657.67
2715.75
2755.83
2742.45
2772.14
2811.12
2777.47
2841.05
2856.30
2789.61
2764.38
2824.17
2824.92
2923.84
2944.63
2953.65
2942.30
2991.62
2993.78
3006.96
2972.34
3029.50
3028.51
3018.60
3031.76
3070.43
3084.79
3034.31
3106.44
3120.72
3128.34
3105.25
3157.11
3166.50
3178.63
3180.65
3184.31
3144.94
3142.09
3204.42
3212.95
3222.69
3228.00
3232.00
3234.00
3241.50
3250.53
3258.01
3264.11
3270.83
3282.58
3286.18
3290.24
3297.69
3301.25
3303.61
3307.64
3312.84
3317.50
3318.50
3319.00
3319.50
3318.50
3318.00
3317.00
3316.00
3315.00
3314.00
3313.00
3310.00
3308.00
3307.00
3307.00
3308.00
3310.50
3312.00
3315.00
3318.00
3319.50
3321.50
3329.00
3335.50
3342.00
3348.11
3351.50
3356.52
3359.72
3352.01
3329.28
3339.38
3339.50
3332.60
3334.85
3342.50
3335.39
3339.30
3342.46
3351.65
3354.00
3354.24
3351.77
3352.11
3348.50
3345.09
3335.17
3328.00
3328.00
3325.00
3322.50
3319.50
3311.50
3304.50
3304.00
3303.00
3303.06
3305.73
3303.28
3301.19
3298.02
3288.00
3279.50
3270.00
3268.00
3267.00
3264.50
3263.00
3261.50
3261.50
3260.50
3260.50
3261.00
3261.50
3265.16
3270.19
3265.00
3269.70
3267.16
3273.93
3276.31
3278.60
3279.27
3279.50
3279.36
3278.76
3278.90
3278.68
3279.74
3283.55
3288.06
3190.61
3289.85
3291.50
3292.50
3293.50
3297.50
3303.50
3307.00
3310.50
3312.44
3315.00
3318.00
3320.50
3326.50
3330.24
3331.74
3322.00
3331.59
3268.82
3254.20
2468.22
1842.11
2488.48
2601.19
3354.84
3367.35
2798.67
3060.00
3336.82
3334.06
3334.00
3334.50
3334.50
3335.59
3339.00
3343.61
3346.07
3347.00
3348.50
3349.30
3349.66
3350.54
3347.00
3345.00
3344.00
3343.70
3343.17
3338.47
3336.89
3334.02
3327.83
3320.00
3315.50
3314.00
3311.00
3307.00
3303.78
3302.26
3300.50
3299.00
3296.50
3294.00
3294.00
3293.50
3293.00
3292.75
3293.00
3292.50
3293.00
3293.00
3297.00
3301.59
3305.35
3310.00
3314.18
3311.95
3314.12
3318.25
3320.81
3330.50
3336.90
3338.77
3340.50
3341.00
3339.95
3338.17
3327.68
3319.80
3309.68
3307.87
3307.41
3305.88
3305.00
3305.00
3304.50
3304.50
3303.88
3304.05
3303.78
3304.33
3312.00
3327.60
3338.09
3342.88
3346.18
3349.65
3355.12
3356.24
3355.00
3356.97
3357.49
3357.00
3356.87
3354.42
3355.10
3339.38
3338.00
3342.27
3337.70
3336.19
3331.21
3324.64
3311.45
3306.06
3296.65
3292.24
3292.74
3294.06
3294.41
3292.81
3293.04
3295.48
3295.55
3295.47
3299.30
3303.69
3309.15
3316.56
3314.42
3315.26
3315.48
3314.88
3314.88
3314.33
3313.14
3308.00
3302.77
3293.50
3285.03
3285.44
3288.50
3286.50
3279.94
3279.00
3279.26
3278.50
3282.13
3288.56
3294.02
3300.36
3309.10
3309.03
3313.44
3321.97
3326.36
3331.80
3335.00
3342.00
3345.06
3344.72
3343.50
3343.00
3342.00
3331.50
3324.00
3318.50
3315.00
3309.25
3306.50
3306.50
3306.00
3308.00
3310.55
3314.00
3315.00
3315.02
3315.50
3314.67
3322.08
3327.69
3328.00
3329.00
3331.63
3327.52
3327.47
3324.44
3316.76
3306.11
3300.05
3292.17
3286.75
3289.04
3287.38
3287.74
3286.73
3278.17
3272.87
3266.92
3265.56
3265.50
3268.42
3270.27
3274.41
3280.00
3286.50
3291.00
3292.50
3295.50
3304.00
3309.00
3314.05
3319.67
3324.00
3328.39
3333.00
3333.65
3336.00
3336.00
3329.50
3319.98
3315.41
3307.39
3304.50
3299.61
3299.01
3296.86
3296.11
3294.00
3291.50
3285.50
3285.00
3287.14
3287.38
3294.66
3298.23
3305.98
3311.50
3313.48
3316.52
3323.16
3332.66
3341.38
3344.50
3349.87
3351.15
3352.11
3350.40
3345.74
3346.76
3345.20
3345.92
3345.44
3346.21
3342.52
3337.50
3321.64
3316.00
3314.10
3310.53
3308.61
3307.45
3306.00
3305.36
3305.42
3305.19
3304.50
3304.00
3304.00
3303.50
3304.00
3304.50
3304.50
3308.35
3302.92
3308.08
3302.97
3231.06
3297.33
3295.50
3295.12
3293.00
3292.50
3293.20
3294.44
3296.41
3299.74
3300.03
3306.50
3313.00
3319.23
3321.00
3324.52
3328.90
3335.03
3336.36
3336.62
3338.64
3341.33
3344.84
3346.08
3345.88
3345.03
3344.48
3338.25
3339.50
3337.00
3334.00
3331.40
3324.00
3314.25
3306.71
3300.30
3293.16
3290.50
3290.26
3286.30
3280.89
3276.65
3271.83
3265.41
3264.40
3262.55
3262.55
3263.00
3263.50
3260.94
3255.00
3251.68
3242.14
3236.10
3223.41
3221.47
3215.19
3211.45
3207.80
3205.44
3193.94
3204.13
3181.00
3165.00
3154.00
3147.35
3136.92
3123.38
3109.60
3097.83
3102.81
3094.80
3083.26
3030.00
3039.25
3024.01
3012.15
2991.12
2974.39
2944.75
2934.22
2920.71
2904.37
2867.68
2871.48
2855.47
2864.61
2858.09
2848.89
2838.50
2831.64
2823.72
2803.24
2795.63
2787.00
2786.62
2787.76
2782.00
2781.50
2780.50
2776.50
2773.00
2768.00
2766.74
2765.66
2762.90
2765.11
2769.00
2773.00
2773.38
2780.95
2785.32
2789.85
2797.12
2801.94
2809.47
2813.39
2814.89
2817.80
2811.17
2818.04
2816.04
2816.40
2819.07
2815.52
2810.09
2804.90
2807.82
2807.16
2818.25
2843.17
2878.32
2902.33
2922.40
2937.69
2948.66
2957.56
2948.40
2946.87
2953.71
2967.47
3006.76
3018.81
3039.44
3027.51
3094.28
3095.12
3105.30
3107.79
3113.49
3121.03
3136.00
3101.79
3152.38
3155.57
3161.94
3163.73
3166.00
3169.33
3172.50
3174.00
3179.50
3186.50
3190.00
3190.50
3192.50
3194.00
3200.70
3199.59
3201.15
3213.92
3226.83
3230.26
3234.11
3232.00
3234.00
3236.50
3238.50
3240.50
3244.00
3249.00
3252.50
3254.00
3253.50
3253.00
3253.50
3253.50
3254.50
3259.00
3259.81
3269.72
3275.00
3278.19
3282.14
3287.06
3305.84
3305.11
3302.07
3306.50
3312.00
3319.00
3322.50
3330.21
3332.00
3333.00
3334.00
3334.33
3333.88
3334.00
3333.50
3333.00
3333.00
3333.00
3332.50
3332.22
3332.46
3333.50
3333.43
3333.50
3325.62
3325.50
3323.65
3323.50
3320.03
3319.70
3302.00
3316.54
3318.81
3320.00
3323.20
3323.50
3325.00
3326.00
3326.50
3326.50
3326.50
3326.00
3326.00
3326.00
3326.29
3327.48
3327.53
3329.41
3331.50
3332.50
3333.50
3334.00
3334.50
3338.00
3340.72
3341.67
3350.31
3349.83
3342.27
3344.50
3347.00
3349.59
3359.88
3371.59
3372.78
3384.50
2934.67
3104.42
3386.00
3386.00
3079.82
3384.00
3105.75
2990.12
3388.33
3379.28
3370.64
3364.38
3347.54
3340.53
3337.71
3337.37
3335.54
3333.39
3329.43
3321.50
3312.02
3305.50
3301.50
3302.00
3302.00
3302.50
3304.43
3306.50
3308.00
3308.50
3309.00
3308.00
3304.50
3303.00
3303.00
3302.50
3302.18
3301.15
3300.90
3300.50
3300.50
3295.93
3290.74
3288.93
3295.64
3293.88
3277.66
3290.00
3289.00
3265.00
3243.31
3144.65
3210.50
3201.50
3193.02
3186.50
3183.00
3176.50
3165.91
3161.69
3153.05
3140.46
3133.00
3126.14
3128.72
3127.20
3133.76
3132.44
3127.45
3117.00
3117.10
3109.08
3105.00
2720.71
3106.13
3113.69
2975.61
3108.00
3107.00
3105.41
3104.83
3103.16
3102.00
3102.50
3103.00
3107.67
3104.74
3103.86
3103.60
3101.50
3099.76
3097.55
3089.67
3090.50
3083.00
3086.69
3094.00
3098.59
3103.43
3113.40
3114.48
3118.82
3116.83
3118.71
3121.00
3124.06
3138.65
3205.73
3211.48
3224.75
3218.41
3230.90
3236.32
3236.39
3235.17
3234.68
3235.87
3244.04
3253.30
3267.65
3266.42
3267.69
3280.62
3281.54
3282.11
3289.96
3295.96
3297.57
3299.88
3300.36
3299.95
3299.58
3244.98
3246.40
3234.08
3295.05
3242.91
3293.35
3295.49
3295.34
3298.57
3306.82
3310.45
3318.53
3323.00
3329.50
3332.73
3335.00
3337.00
3338.00
3339.29
3340.14
3339.50
3340.00
3340.50
3341.00
3341.00
3341.00
3342.00
3340.50
3339.00
3339.00
3338.18
3338.26
3337.72
3337.67
3335.75
3334.00
3332.07
3332.00
3331.00
3326.00
3317.93
3316.62
3316.39
3317.50
3316.00
3312.24
3305.50
3303.00
3301.00
3293.98
3291.23
3290.52
3275.49
3258.56
3255.04
3252.28
3251.61
3248.50
3246.04
3236.20
3228.50
3216.91
3207.62
3204.22
3198.80
3193.22
3193.69
3188.28
3186.50
3165.00
3151.55
3138.20
3131.45
3122.38
3124.41
3129.23
3130.32
3126.45
3120.50
3108.97
3107.33
3099.95
3090.40
3090.76
3093.78
3090.07
3092.33
3092.31
3097.73
3090.50
3081.00
3077.50
3067.00
3064.50
3064.00
3063.93
3062.42
3054.68
3052.03
3055.50
3045.34
2977.83
2930.99
2894.21
3000.68
2998.00
2995.50
2951.46
2940.51
2913.03
2919.00
2900.31
2924.98
2922.26
2919.15
2909.50
2906.00
2897.79
2885.50
2873.17
2831.68
2841.21
2840.97
2839.18
2836.50
2833.50
2832.50
2830.18
2825.00
2843.03
2821.50
2821.50
2820.50
2819.00
2817.50
2816.38
2809.30
2745.84
2804.59
2798.82
2789.02
2780.90
2722.33
2761.89
2758.65
2760.79
2760.02
2764.00
2765.57
2764.26
2762.85
2760.59
2764.53
2775.64
2779.06
2778.40
2790.06
2793.90
2801.33
2802.04
2811.43
2814.24
2820.77
2831.50
2837.87
2843.60
2855.48
2862.05
2874.59
2884.33
2891.59
2904.00
2909.85
2912.83
2922.69
2928.08
2934.35
2939.08
2938.00
2951.00
2962.64
2961.85
2966.00
2975.45
2980.82
2984.37
2986.31
2990.97
2996.74
3002.73
3004.82
3001.78
3004.06
3011.50
3012.71
3016.74
3017.33
2983.12
2914.04
2826.50
2877.38
2863.33
2861.06
2891.11
2913.40
2950.10
2960.78
2965.30
2959.06
2957.66
2959.63
2972.17
2980.94
2988.00
2960.11
2939.96
2917.88
2900.84
2858.25
2853.21
2797.00
2779.50
2771.50
2770.17
2778.40
2684.09
2768.26
2762.61
2758.74
2756.53
2755.54
2755.21
2769.56
2756.17
2760.68
2761.90
2762.14
2762.50
2762.50
2763.50
2768.50
2773.00
2779.00
2813.53
2819.47
2824.88
2834.03
2827.41
2894.68
2900.99
2916.89
2917.61
2927.77
2942.07
2944.81
2949.18
2953.10
2955.00
2978.44
2971.00
2980.50
2989.50
3000.84
2969.75
3018.71
3021.87
2979.01
2919.21
2992.80
3043.51
3049.87
2970.96
3021.30
2691.12
3036.24
2995.69
3061.82
3086.08
3079.11
3114.44
3155.35
3160.62
3163.77
3172.04
3175.86
3179.52
3195.74
3209.87
3238.07
3242.05
3235.28
3238.80
3236.00
3238.00
3240.00
3243.50
3156.80
3255.00
3259.00
3191.13
3261.50
3188.84
3264.82
3266.50
3269.38
3271.03
3279.44
3277.00
3281.53
3279.50
3279.00
3169.70
3273.50
3273.24
3272.65
3272.26
3271.00
3270.50
3265.57
3264.50
3258.00
3257.00
3256.00
3255.00
3254.00
3250.00
3249.44
3248.00
3241.73
3240.58
3239.24
3237.60
3240.88
3246.00
3231.55
3107.70
3135.28
3118.80
3123.50
3099.45
3064.77
3092.47
3091.52
3084.24
3091.23
3061.64
3077.29
3056.16
3064.38
3056.50
3063.30
3071.71
3076.66
3079.65
3080.27
3079.31
3081.37
3084.07
3084.97
3095.33
3105.50
3110.00
3013.78
3009.23
3114.00
3115.50
3116.50
3021.53
3128.63
3139.23
3148.85
3159.34
3162.40
3164.32
3165.95
3169.37
3173.26
3180.55
3184.35
3191.67
3201.50
3205.00
3065.05
3044.37
3214.50
3214.50
3223.44
3213.00
3212.50
3211.67
3210.50
3207.50
3194.50
3191.50
3186.00
3177.46
3166.67
3160.77
3164.66
3168.32
3166.57
3154.69
3139.35
3135.80
3124.52
3089.34
3108.50
3079.71
3063.25
3046.93
3027.78
2996.00
2994.35
2985.67
2987.35
2987.71
2992.37
2990.27
2988.42
2981.50
2980.30
2980.11
2982.91
2981.37
2981.44
2982.83
2980.50
2978.69
2977.62
2979.45
2977.36
2973.44
2971.62
2966.67
2973.50
2974.50
2979.50
2983.00
2986.00
2986.70
2990.64
2992.58
2997.72
2997.24
3002.04
3020.32
3027.99
3037.06
3046.05
3056.44
3059.95
3073.50
3079.06
3089.65
3095.33
3106.86
3122.20
3137.18
3151.00
3173.48
3168.38
3164.59
3167.14
3173.45
3182.11
3186.00
3192.00
3198.50
3198.00
3198.50
3199.00
3198.50
3199.09
3196.76
3205.90
3213.37
3222.10
3224.60
3227.77
3229.40
3228.10
3242.33
3247.68
3250.50
3269.00
3274.14
3296.15
3303.50
3294.59
3301.00
3308.30
3317.84
3317.83
3321.05
3323.33
3326.00
3328.15
3332.88
3338.67
3340.62
3342.00
3342.00
3343.00
3343.50
3341.50
3341.00
3337.50
3334.21
3328.38
3325.00
3324.00
3322.50
3319.00
3317.45
3316.39
3313.91
3314.52
3315.12
3321.50
3329.59
3333.50
3334.59
3336.50
3337.00
3338.00
3341.00
3343.50
3344.50
3345.00
3345.00
3345.00
3345.00
3345.00
3343.82
3345.11
3346.96
3345.63
3250.53
2776.21
2154.74
2518.70
2438.05
3343.20
3339.39
3337.59
3339.78
3336.11
3339.00
3340.10
3341.00
3341.00
3341.00
3340.50
3340.50
3340.50
3340.50
3341.00
3341.50
3341.50
3342.50
3342.50
3342.50
3343.00
3344.00
3346.00
3347.00
3347.00
3348.00
3348.50
3349.50
3351.50
3355.50
3358.00
3362.00
3364.00
3364.00
3364.00
3365.00
3366.50
3369.00
3369.50
3371.00
3371.00
3378.86
3383.36
3382.94
3385.70
3385.82
3386.29
3383.26
3379.48
3368.50
3367.25
3370.32
3367.82
3368.50
3366.76
3365.20
3329.96
3325.49
3323.68
3317.83
3310.94
3308.50
3295.41
3278.00
3295.21
3299.81
3308.04
3309.09
3310.98
3312.22
3314.26
3320.44
3326.50
3337.00
3343.50
3347.37
3349.96
3350.96
3352.22
3355.86
3358.41
3362.29
3360.07
3360.15
3361.89
3363.43
3355.24
3353.00
3353.00
3351.02
3356.08
3347.23
3336.58
3329.60
3324.36
3315.17
3313.73
3314.00
3311.78
3195.66
3312.64
3305.50
3302.50
3300.50
3299.00
3298.00
3297.50
3297.50
3297.00
3295.50
3294.50
3292.00
3289.50
3285.00
3283.50
3282.50
3280.50
3276.41
3267.95
3257.52
3248.73
3234.20
3231.49
3230.56
3222.98
3221.45
3221.13
3203.85
3193.50
3189.50
3177.61
3169.00
3163.44
3154.00
3112.64
3030.42
3044.41
3040.99
3041.13
3049.55
3043.40
3034.34
3032.74
3035.32
3058.41
3063.28
3039.86
3039.79
3038.63
3030.79
3019.47
3010.00
3004.67
2994.03
2986.70
2982.69
2980.17
2975.33
2967.98
2959.94
2952.00
2953.42
2953.25
2946.16
2943.00
2937.00
2937.00
2936.50
2936.50
2937.00
2939.00
2942.02
2943.50
2952.91
2955.61
2957.73
2957.56
2963.32
2974.11
2992.00
3000.40
3010.14
3016.91
3027.38
3030.81
3036.42
3041.71
3046.00
3050.00
3054.20
3066.45
3072.50
3083.32
3089.00
3098.24
3105.45
3113.59
3119.00
3128.50
3144.75
3150.50
3161.61
3170.00
3176.45
3182.50
3189.00
3200.36
3206.50
3211.00
3220.26
3227.00
3229.50
3233.50
3235.00
3236.50
3238.60
3244.88
3253.79
3258.26
3269.93
3283.35
3276.66
3275.00
3277.00
3280.17
3279.14
3285.00
3287.00
3288.50
3288.00
3288.00
3288.00
3288.00
3288.00
3288.50
3288.50
3292.50
3293.50
3297.42
3295.00
3295.50
3296.50
3297.50
3299.50
3306.89
3314.70
3317.50
3318.00
3318.50
3318.50
3319.00
3318.03
3315.91
3313.50
3312.50
3311.50
3311.00
3311.00
3307.50
3305.50
3302.00
3301.50
3301.50
3301.50
3302.00
3303.00
3305.00
3305.50
3306.00
3306.00
3306.82
3300.54
3297.79
3294.69
3294.50
3293.50
3291.11
3289.50
3286.50
3273.61
3254.85
3245.30
3243.72
3242.93
3242.90
3245.69
3233.35
3234.53
3211.63
3189.53
3190.00
3188.47
3186.00
3184.33
3180.00
3172.67
3163.44
3157.36
3131.00
3127.72
3126.72
3121.57
3118.81
3109.24
3097.27
3080.19
3066.83
3038.27
3027.50
3022.47
3019.00
3012.92
3009.50
3001.00
2998.00
2971.12
2939.44
2928.50
2920.98
2902.74
2882.30
2903.03
2902.85
2892.13
2884.57
2871.56
2865.97
2858.14
2850.94
2846.26
2845.65
2844.11
2844.58
2848.29
2852.52
2856.62
2857.44
2859.23
2861.28
2865.35
2866.50
2871.50
2879.91
2879.52
2886.00
2888.50
2890.00
2895.18
2893.29
2911.06
2919.26
2927.96
2931.96
2940.84
2944.80
2953.92
2956.61
2960.41
2971.40
2982.09
2994.07
3002.18
3009.50
3021.04
3029.13
3039.73
3053.74
3045.90
3049.03
3050.50
3053.50
3066.60
3076.13
3091.21
3104.54
3113.62
3122.10
3126.68
3131.25
3128.57
3129.95
3139.93
3144.45
3147.42
3146.85
3146.53
3145.38
3141.95
3141.08
3135.50
3130.00
3121.40
3122.00
3120.50
3116.92
3108.98
3093.63
3074.77
3067.50
3058.00
3053.44
3045.50
3039.70
3037.59
3016.62
2979.09
2963.59
2949.68
2929.67
2921.83
2921.55
2890.32
2867.67
2840.08
2808.52
2798.90
2785.79
2765.78
2740.30
2723.00
2703.86
2688.25
2667.01
2652.05
2615.63
2567.35
2568.85
2569.25
2550.04
2553.52
2544.40
2537.00
2528.58
2525.66
2525.50
2526.00
2527.50
2529.00
2529.00
2529.00
2532.23
2541.64
2538.26
2552.78
2551.08
2614.42
2608.33
2640.11
2706.54
2657.52
2676.88
2686.98
2699.33
2708.39
2721.74
2663.58
2665.47
2742.08
2652.81
2737.61
2664.93
2734.31
2807.58
2811.74
2827.46
2831.66
2843.91
2851.78
2853.77
2863.10
2887.38
2871.00
2877.50
2880.00
2889.00
2891.00
2893.50
2895.00
2895.50
2896.50
2894.79
2883.43
2857.20
2806.29
2810.50
2790.50
2820.00
2843.31
2846.69
2802.56
2851.61
2846.53
2834.27
2829.54
2819.90
2817.26
2816.01
2816.09
2775.42
2764.73
2736.70
2726.83
2682.71
2665.51
2638.65
2622.76
2612.35
2614.35
2608.76
2496.52
2423.82
2379.90
2337.46
2287.48
2258.79
2198.38
2138.00
2092.04
2086.59
2100.20
2100.58
2092.62
2093.27
2086.70
2080.33
2076.07
2070.44
2066.33
2065.00
2062.00
2061.50
2061.50
2062.50
2065.14
2066.10
2067.50
2068.04
2071.35
2079.73
2087.82
2089.97
2083.94
2086.00
2089.82
2085.50
2088.50
2133.50
2139.50
2149.53
2172.34
2183.70
2149.69
2209.81
2219.05
2225.67
2227.11
2238.02
2246.45
2286.41
2298.44
2302.82
2303.72
2304.29
2317.98
2325.86
2327.52
2327.54
2354.90
2374.39
2390.72
2412.43
2430.33
2451.52
2471.14
2497.40
2542.25
2555.41
2555.44
2559.05
2570.63
2597.59
2589.50
2583.07
2635.34
2667.00
2690.78
2726.66
2748.65
2755.00
2755.50
2757.50
2787.63
2797.87
2800.79
2803.03
2809.32
2821.99
2834.69
2839.08
2850.68
2861.37
2870.79
2872.14
2884.25
2876.73
2890.57
2907.55
2910.61
2907.88
2905.25
2867.07
2853.56
2925.07
2965.71
3025.32
3039.50
3050.61
3066.36
3078.90
3094.75
3112.70
3124.10
3139.18
3130.64
3125.56
3133.50
3137.00
3144.00
3155.00
3160.50
3165.50
3167.00
3167.00
3167.50
3167.50
3166.50
3160.16
3144.50
3143.60
3143.51
3142.04
3139.97
3137.77
3134.50
3130.21
3125.89
3120.50
3120.50
3122.00
3123.50
3125.00
3125.00
3130.50
3141.00
3142.71
3149.91
3160.07
3161.07
3159.00
3159.22
3160.40
3165.93
3169.00
3170.73
3170.83
3176.45
3178.34
3178.56
3178.39
3178.36
3180.50
3185.57
3193.54
3209.42
3226.28
3235.12
3240.00
3239.41
3240.34
3246.05
3243.92
3247.48
3259.00
3258.00
3255.67
2606.90
3258.00
3258.69
3260.90
3267.32
3272.12
3272.82
3272.57
3277.15
3280.02
3286.18
3285.50
3289.50
3291.19
3296.27
3296.88
3297.50
3300.00
3303.00
3308.85
3310.50
3310.55
3302.75
3300.50
3300.00
3298.00
3297.00
3295.50
3292.00
3290.50
3289.50
3289.00
3283.00
3280.00
3273.50
3271.00
3269.50
3267.64
3261.50
3257.31
3252.00
3245.10
3241.92
3237.00
3238.80
3240.91
3240.57
3239.00
3239.00
3239.00
3235.30
3231.79
3229.50
3227.00
3226.50
3223.50
3219.19
3214.78
3209.43
3206.50
3204.50
3200.40
3198.00
3191.62
3187.00
3174.73
3103.18
3085.83
3077.39
3064.99
3051.46
3043.97
3032.62
3017.36
3002.59
2981.64
2973.66
2959.85
2941.50
2919.45
2902.77
2898.56
2882.00
2882.00
2888.16
2889.55
2886.53
2882.50
2883.05
2883.60
2885.50
2888.00
2888.80
2890.50
2892.00
2891.13
2889.00
2889.50
2890.00
2889.43
2890.00
2887.50
2887.00
2883.50
2875.00
2871.50
2868.50
2867.50
2867.00
2866.00
2866.16
2864.50
2858.91
2845.14
2841.03
2839.30
2840.59
2838.00
2838.00
2839.48
2841.89
2843.11
2844.11
2845.36
2846.23
2847.00
2848.86
2850.10
2854.00
2855.00
2854.91
2857.16
2861.00
2657.64
2863.16
2864.00
2864.52
2861.94
2863.97
2866.73
2874.09
2895.82
2903.00
2906.00
2913.06
2920.94
2932.16
2961.92
2947.02
2960.54
2972.83
2972.62
2980.26
2902.62
2884.74
2917.37
3030.92
3044.96
3050.70
3062.73
3080.04
3089.52
3096.40
3099.49
3111.46
3118.09
3084.99
3133.91
3141.15
3150.89
3156.50
3164.50
3166.00
3169.50
3172.50
3181.06
3185.50
3188.50
3191.50
3195.00
3195.50
3197.79
3123.49
3206.50
3210.00
3219.00
3224.00
3225.50
3227.00
3228.50
3230.00
3230.00
3230.00
3230.00
3225.94
3218.00
3216.00
3207.71
3204.02
3196.20
3198.69
3194.80
3188.42
3180.03
3176.50
3150.67
3131.14
3126.12
3110.94
3106.48
3104.31
3100.14
3097.09
3094.09
3084.66
3065.28
3040.66
3021.04
2987.84
2989.96
2984.89
2982.02
2976.29
2971.57
2962.77
2945.09
2918.21
2915.31
2907.80
2897.56
2898.72
2901.67
2900.00
2888.03
2888.00
2881.00
2876.87
2876.00
2908.03
2873.50
2873.50
2874.00
2878.00
2881.20
2883.65
2881.93
2885.41
2884.82
2886.26
2898.17
2900.50
2932.70
2946.54
2959.11
2967.97
2976.96
2987.15
2990.89
2999.50
3014.91
3023.34
3027.40
2972.88
3028.50
3033.50
3038.50
3041.50
3042.00
3047.00
3049.50
3057.90
3061.50
3064.00
3066.50
3071.50
3073.42
3079.47
3081.58
3083.28
3085.78
3085.21
3085.00
3085.50
3085.37
3083.57
3083.38
3079.15
3073.00
3058.73
3048.50
3047.00
3046.46
3038.48
3035.96
3033.02
3030.62
3027.72
3017.29
3014.52
3012.29
3008.63
3006.00
3004.50
3003.50
3002.50
3000.00
2998.50
2991.00
2988.00
2996.41
2986.18
2985.63
2985.54
2982.73
2983.67
2986.57
2992.00
2999.15
3000.39
3005.86
3008.45
3014.15
3018.22
3021.21
3029.50
3039.41
3044.02
3052.50
3055.00
3058.50
3060.26
3061.00
3062.00
3062.50
3063.50
3064.50
3066.00
3067.50
3071.97
3075.76
3082.68
3081.65
3086.94
3092.96
3099.68
3112.23
3126.77
3148.68
3155.23
3168.90
3176.50
3189.48
3189.11
3190.84
3193.39
3201.50
3203.50
3213.66
3220.50
3220.50
3221.50
3221.50
3221.50
3221.00
3219.50
3218.50
3218.00
3218.50
3220.50
3224.55
3226.64
3229.00
3230.65
3235.59
3233.82
3246.95
3258.44
3286.91
3301.00
3311.99
3335.04
3322.88
3334.64
3330.98
3333.26
3337.57
3343.10
3343.12
3300.05
3295.04
3315.56
3316.92
3318.62
3318.36
3321.50
3321.19
3321.71
3318.79
3317.84
3318.64
3318.06
3318.72
3317.78
3319.29
3315.50
3311.56
3303.53
3297.00
3296.00
3296.47
3294.84
3298.68
3305.85
3312.42
3313.98
3318.76
3324.22
3325.00
3326.50
3331.79
3339.41
3345.00
3348.39
3351.40
3353.15
3353.57
3355.18
3359.25
3359.86
3360.60
3360.12
3359.14
3355.75
3344.70
3343.54
3342.75
3341.45
3340.50
3340.88
3339.10
3333.00
3329.50
3326.00
3324.00
3323.00
3323.40
3322.45
3322.00
3320.00
3317.50
3316.00
3314.00
3313.50
3313.77
3313.50
3310.37
3309.63
3309.10
3309.27
3305.00
3303.50
3302.00
3299.50
3298.00
3297.50
3296.50
3294.50
3292.00
3289.00
3288.00
3287.50
3286.73
3286.50
3286.00
3286.00
3286.50
3287.50
3291.16
3295.86
3297.50
3298.50
3300.00
3301.50
3303.00
3303.77
3307.22
3308.33
3312.39
3313.00
3314.21
3314.46
3315.07
3316.00
3320.64
3324.00
3321.90
3127.72
3324.44
3318.00
3321.65
3322.00
3358.42
3317.00
3318.00
3317.50
3317.39
3316.00
3314.00
3312.50
3311.50
3311.23
3310.75
3310.75
3311.50
3313.50
3315.50
3316.67
3317.50
3324.67
3326.00
3323.11
3323.89
3321.41
3321.06
3319.32
3319.20
3318.62
3318.81
3319.00
3319.87
3319.50
3320.74
3321.95
3322.37
3322.37
3321.71
3320.76
3319.12
3318.25
3317.73
3317.54
3315.91
3315.17
3311.88
3310.65
3310.06
3310.40
3310.00
3309.50
3309.50
3309.00
3307.80
3308.83
3308.71
3307.47
3307.50
3305.71
3305.70
3304.35
3305.54
3303.84
3295.96
3303.00
3301.50
3293.62
3265.94
3257.75
3253.67
3253.00
3249.88
3246.41
3246.50
3245.00
3243.00
3239.00
3238.00
3237.50
3237.00
3235.00
3234.50
3234.00
3227.00
3221.44
3217.20
3218.67
3218.00
3214.97
3213.50
3210.00
3208.50
3199.06
3203.00
3202.00
3185.35
3181.46
3177.21
3171.00
3166.00
3163.00
3162.50
3161.00
3160.00
3159.00
3155.00
3153.00
3149.89
3130.00
3126.92
3112.76
3096.00
3089.81
3069.27
3063.30
3056.70
3069.27
3060.40
3042.83
3033.87
3027.38
3022.10
3020.38
3019.00
3019.15
3019.50
3020.27
3021.88
3021.33
3023.43
3026.84
3031.00
3032.00
3033.00
3033.50
3034.50
3034.50
3034.50
3034.00
3033.50
3033.50
3033.50
3035.00
3035.50
3035.00
3038.50
3041.50
3047.39
3049.50
3051.50
3054.00
3055.50
3056.00
3057.00
3059.38
3064.33
3068.13
3068.75
3073.86
3076.86
3088.38
3092.33
3094.50
3095.82
3096.50
3097.50
3098.50
3101.50
3103.00
3106.00
3107.50
3108.50
3112.50
3115.50
3117.50
3118.50
3116.50
3117.41
3121.50
3119.50
3140.51
3147.81
3152.06
3174.67
3178.19
3185.71
3189.41
3197.16
3209.39
3211.71
3216.71
3224.50
3230.00
3234.00
3235.00
3234.43
3234.43
3237.00
3238.00
3243.00
3244.00
3246.00
3247.00
3248.90
3252.88
3255.33
3256.00
3268.00
3271.50
3274.00
3281.50
3286.00
3293.00
3302.50
3305.50
3311.50
3314.69
3317.82
3318.88
3321.31
3321.36
3320.73
3320.76
3321.38
3320.27
3317.64
3317.09
3310.14
3308.89
3309.00
3309.73
3310.31
3310.59
3311.06
3311.06
3311.06
3310.50
3310.00
3310.00
3310.31
3310.38
3309.28
3302.50
3296.50
3292.43
3289.79
3289.40
3290.50
3290.00
3290.50
3290.50
3295.00
3295.50
3296.77
3297.60
3298.50
3299.71
3303.88
3304.81
3305.50
3305.50
3305.88
3307.00
3307.41
3307.93
3311.00
3312.50
3315.73
3318.76
3319.17
3318.60
3321.73
3321.22
3321.30
3353.72
3364.79
3371.10
3376.27
3383.73
3386.68
3387.22
3388.56
3387.36
3385.85
3375.45
3365.74
3366.67
3355.75
3342.70
3338.84
3337.39
3326.84
3315.59
3314.88
3301.28
3297.67
3295.50
3294.50
3293.50
3295.25
3294.81
3299.30
3297.33
3301.50
3301.50
3301.50
3301.50
3300.00
3299.50
3297.50
3297.50
3296.00
3292.82
3289.71
3286.43
3284.11
3279.03
3275.13
3274.47
3271.80
3271.00
3269.03
3267.50
3266.00
3265.50
3265.50
3265.41
3266.36
3268.52
3269.50
3270.33
3270.73
3274.83
3277.50
3278.50
3279.50
3279.50
3280.00
3280.00
3280.00
3279.50
3278.20
3275.88
3271.50
3269.50
3267.00
3266.00
3265.50
3265.00
3264.00
3264.00
3263.50
3264.00
3263.50
3265.25
3271.50
3276.00
3280.50
3281.50
3282.87
3283.20
3282.50
3251.68
3274.92
3281.24
3272.15
3274.04
3272.43
3275.11
3268.39
3254.35
3269.50
3276.98
3283.36
3291.00
3293.00
3293.50
3294.50
3294.50
3298.50
3298.50
3299.20
3301.50
3301.50
3302.50
3303.68
3310.00
3313.50
3318.00
3327.00
3330.00
3331.69
3333.00
3333.00
3340.00
3340.50
3343.00
3345.00
3347.50
3349.50
3349.50
3345.16
3334.46
3332.50
3329.71
3332.00
3331.96
3330.00
3328.50
3328.36
3324.28
3319.00
3313.84
3313.92
3312.49
3312.07
3311.28
3310.50
3310.00
3309.60
3310.13
3310.00
3309.50
3311.00
3315.00
3319.32
3318.61
3318.47
3318.00
3319.76
3345.00
3305.76
3300.90
3301.56
3305.22
3300.07
3295.45
3284.44
3280.31
3277.21
3277.11
3270.71
3277.18
3281.29
3281.50
3284.08
3285.69
3287.55
3291.02
3295.26
3298.00
3300.24
3303.30
3305.65
3306.00
3306.50
3306.47
3306.50
3306.41
3305.57
3305.23
3305.50
3305.50
3305.00
3304.50
3305.00
3306.00
3307.00
3307.64
3309.56
3311.50
3312.21
3311.50
3308.59
3298.41
3296.84
3298.03
3297.03
3293.94
3291.18
3287.17
3284.00
3269.26
3263.93
3262.00
3262.50
3263.00
3263.50
3263.00
3264.00
3264.50
3266.00
3267.50
3269.50
3272.00
3279.05
3284.00
3290.00
3295.00
3296.00
3295.95
3295.31
3298.53
3304.00
3313.66
3316.50
3317.85
3319.14
3320.00
3319.00
3315.50
3315.25
3315.00
3310.71
3307.19
3306.09
3305.59
3303.00
3301.33
3300.00
3298.00
3292.00
3290.00
3284.00
3278.67
3276.38
3276.49
3274.47
3271.40
3269.00
3266.50
3265.50
3264.00
3264.00
3264.50
3264.00
3264.00
3261.50
3262.18
3262.35
3260.94
3260.58
3251.42
3242.39
3231.07
3228.64
3227.49
3225.24
3226.80
3226.70
3220.20
3216.29
3229.74
3232.72
3234.17
3239.89
3243.70
3248.18
3257.36
3258.95
3261.50
3261.50
3261.00
3257.40
3257.04
3252.58
3245.34
3245.14
3243.54
3237.16
3232.06
3236.22
3234.30
3249.69
3256.34
3262.40
3267.13
3271.02
3271.13
3273.78
3276.05
3280.95
3284.00
3286.00
3285.77
3286.00
3285.50
3285.00
3284.07
3283.42
3283.23
3282.73
3271.93
3263.73
3260.90
3259.33
3256.73
3254.89
3256.12
3262.80
3270.24
3267.41
3272.38
3279.29
3285.57
3282.43
3281.00
3281.00
3281.50
3282.00
3283.00
3283.50
3284.00
3284.94
3288.00
3288.00
3288.50
3288.00
3288.00
3287.50
3287.50
3286.00
3284.00
3283.23
3283.56
3283.50
3284.50
3288.08
3289.02
3291.00
3290.10
3291.20
3287.62
3300.42
3310.07
3324.85
3328.96
3325.44
3330.50
3331.00
3331.00
3330.40
3331.16
3335.44
3336.00
3333.57
3328.76
3322.13
3321.50
3317.50
3314.00
3313.71
3312.72
3305.96
3297.04
3293.77
3292.73
3293.22
3296.00
3298.00
3298.57
3316.98
3307.45
3313.50
3316.50
3318.00
3318.50
3318.50
3309.06
3304.49
3304.78
3304.00
3303.51
3311.33
3298.79
3298.28
3291.00
3291.00
3287.50
3286.00
3284.00
3283.00
3282.50
3282.00
3282.04
3280.50
3280.50
3280.50
3280.00
3280.00
3280.50
3280.50
3280.50
3280.50
3279.00
3275.00
3274.78
3276.10
3276.75
3276.50
3276.68
3271.69
3279.07
3285.36
3290.68
3293.32
3295.12
3300.17
3303.07
3309.23
3313.86
3316.45
3317.39
3318.58
3317.72
3318.38
3319.21
3317.86
3319.83
3324.67
3328.03
3328.86
3325.47
3325.64
3330.06
3326.00
3333.12
3334.05
3334.71
3336.92
3335.50
3334.42
3332.39
3329.52
3329.00
3344.37
3322.20
3321.80
3321.48
3320.84
3319.75
3316.06
3310.50
3307.50
3301.41
3291.30
3306.12
3306.00
3301.82
3303.19
3295.06
3294.35
3293.50
3293.00
3292.50
3291.33
3288.21
3288.79
3288.76
3289.58
3290.18
3290.68
3292.00
3293.05
3294.18
3294.97
3296.56
3298.94
3300.44
3302.13
3301.60
3302.17
3302.17
3298.96
3297.55
3292.50
3294.24
3295.00
3295.00
3295.50
3295.50
3295.50
3293.94
3295.47
3296.00
3297.94
3301.10
3302.50
3304.00
3307.00
3316.00
3319.00
3326.11
3327.00
3327.50
3328.00
3327.82
3330.00
3329.50
3331.00
3331.50
3332.00
3332.00
3329.57
3328.06
3318.85
3315.50
3313.77
3311.90
3311.00
3311.58
3311.76
3310.86
3312.65
3312.09
3313.70
3313.50
3314.00
3315.50
3315.50
3317.43
3320.13
3319.50
3323.36
3325.36
3328.00
3329.50
3333.50
3337.50
3339.00
3339.12
3338.00
3338.00
3337.50
3328.50
3326.00
3327.62
3324.37
3322.76
3320.00
3320.00
3319.00
3317.00
3314.50
3312.39
3309.20
3308.67
3307.17
3307.00
3307.50
3307.50
3308.50
3308.00
3310.67
3318.50
3321.00
3322.00
3323.00
3325.66
3330.00
3333.00
3336.50
3338.00
3339.00
3342.96
3346.11
3346.00
3346.00
3346.00
3346.50
3342.50
3338.00
3336.50
3335.00
3335.00
3334.50
3334.50
3332.91
3332.27
3325.43
3319.39
3317.50
3306.02
3299.16
3297.37
3298.14
3297.43
3297.58
3297.17
3295.98
3295.50
3295.00
3294.00
3293.97
3294.63
3299.42
3303.56
3316.00
3319.83
3321.64
3322.74
3325.07
3322.00
3323.00
3324.00
3325.64
3327.00
3327.00
3327.50
3329.00
3330.00
3331.00
3331.50
3333.00
3334.50
3338.50
3339.50
3343.50
3344.50
3347.12
3347.12
3347.12
3346.00
3346.00
3347.19
3346.00
3346.00
3346.56
3346.50
3346.50
3346.50
3346.00
3337.83
3333.50
3333.00
3332.50
3332.50
3332.59
3331.50
3330.50
3330.50
3320.59
3317.95
3310.50
3310.00
3308.83
3308.63
3308.52
3307.51
3305.73
3300.87
3296.78
3295.60
3293.00
3293.50
3291.00
3291.00
3291.50
3291.50
3291.50
3289.52
3290.50
3288.50
3288.44
3288.00
3287.21
3287.68
3286.06
3284.57
3284.00
3283.00
3283.00
3283.50
3287.00
3285.18
3285.71
3289.84
3294.59
3297.50
3300.50
3305.00
3306.17
3307.72
3312.82
3313.50
3319.00
3324.59
3327.32
3329.50
3329.50
3331.00
3331.50
3332.50
3335.50
3337.50
3338.00
3338.50
3339.00
3338.14
3338.50
3336.50
3333.00
3329.50
3328.00
3327.00
3323.47
3320.84
3319.71
3313.62
3308.88
3301.14
3298.50
3296.12
3292.25
3289.92
3287.00
3282.50
3282.00
3284.50
3284.00
3283.61
3285.00
3285.50
3287.00
3287.50
3287.79
3289.00
3290.23
3290.63
3288.50
3291.12
3292.50
3318.60
3324.43
3326.00
3327.00
3324.45
3324.46
3324.00
3321.35
3322.74
3319.00
3318.00
3318.50
3317.00
3317.00
3317.00
2093.41
2001.20
2005.59
2004.66
2006.71
2008.50
2007.26
2006.68
2004.52
2007.92
2008.50
2004.63
2006.12
2006.58
2003.17
2006.46
2008.04
2008.04
2007.92
2007.71
2008.50
2008.81
2152.35
2261.61
2248.14
2003.08
2005.11
2004.66
2006.25
2003.63
2007.49
2005.00
2005.45
2006.68
2007.47
2005.65
2002.73
2003.64
2005.96
2307.53
2004.87
2011.85
2075.91
2001.00
2000.52
2360.62
2009.16
2001.80
2000.55
2002.73
2002.49
2005.77
2005.43
2006.58
2007.26
2007.83
2004.88
2005.79
2008.50
2008.83
2007.59
2007.49
2008.16
2008.38
2005.00
2007.49
2007.71
2006.46
2005.89
2005.10
2006.56
2008.14
2007.81
2006.11
2004.29
2004.75
2005.20
2004.06
2007.65
2006.33
2009.05
2001.49
2005.78
2002.83
2008.50
2008.83
2007.21
2006.15
2053.37
2482.75
2057.73
2004.43
2005.44
2003.06
2006.12
2006.33
2518.79
2005.31
2005.45
2003.87
2004.62
