1151.19
1179.57
1193.07
1237.97
1257.39
1273.20
1301.28
1322.80
1360.13
1376.92
1391.43
1408.24
1417.36
1421.51
1474.07
1486.52
1510.99
1531.03
1551.66
1563.79
1575.94
1575.63
1576.19
1580.12
1576.44
1574.70
1565.36
1569.15
1557.41
1521.48
1508.53
1490.54
1458.26
1434.91
1410.49
1386.84
1367.72
1335.87
1299.49
1284.36
1258.19
1169.85
1171.64
1158.01
1145.82
1089.99
1117.58
1050.01
1039.41
1017.74
984.03
971.59
978.49
964.38
945.77
938.21
907.45
917.35
896.31
860.60
852.55
877.56
845.35
793.23
798.67
775.51
759.81
743.71
743.24
697.96
676.87
654.19
625.76
618.93
612.70
593.54
581.95
569.67
560.00
553.00
547.22
538.60
534.00
529.50
526.88
523.60
522.80
521.67
517.60
507.10
499.36
497.83
478.80
459.20
449.74
443.32
430.17
437.00
429.50
428.00
424.33
420.50
420.10
419.58
419.08
422.88
422.27
423.57
427.25
431.00
433.90
437.75
435.00
437.50
435.33
437.50
430.40
419.83
412.42
416.81
416.39
404.00
412.69
426.70
428.74
 nan
427.13
424.00
422.67
411.00
 nan
742.25
403.00
410.38
402.00
412.23
412.00
405.00
 nan
412.47
406.71
403.40
391.94
392.90
388.67
383.00
381.00
379.00
378.86
378.86
380.50
380.18
382.55
382.83
385.27
384.60
385.50
386.33
385.33
383.50
386.14
389.50
618.00
394.00
401.82
405.64
407.10
410.40
418.67
421.50
421.17
420.57
419.73
414.71
405.80
409.78
413.79
415.48
417.53
417.61
416.61
423.00
415.94
410.19
518.00
407.00
409.77
411.29
412.88
412.27
407.42
401.67
401.55
401.83
397.84
393.75
396.43
398.89
399.50
400.62
404.17
403.78
407.00
407.80
407.05
414.50
406.00
397.00
404.50
405.92
409.45
414.10
418.45
425.50
433.00
433.17
435.00
432.76
434.14
435.25
433.38
429.00
424.88
425.11
430.53
432.70
444.57
444.61
455.15
460.20
460.44
462.13
461.50
461.95
468.33
468.20
472.36
472.00
488.00
504.12
510.42
531.48
540.38
556.97
584.13
581.95
588.74
600.03
608.71
626.81
638.85
649.97
654.76
664.69
680.94
692.47
707.53
724.64
730.48
736.65
744.61
756.70
760.77
763.32
945.00
763.75
761.54
758.00
747.36
737.48
751.57
703.46
686.85
664.56
645.45
621.49
596.28
569.67
566.79
545.55
503.69
428.31
439.90
438.33
432.84
425.81
435.47
429.55
424.60
419.00
415.67
407.71
402.40
402.91
402.36
403.15
405.75
409.08
406.60
402.00
404.77
398.88
398.17
383.00
394.68
394.24
390.22
396.05
403.78
406.60
406.50
407.14
404.46
400.83
400.60
402.70
395.50
394.67
395.33
389.60
386.44
389.07
382.73
376.25
374.20
374.27
 nan
373.40
374.47
377.47
383.33
384.64
388.00
397.00
392.90
391.27
386.50
388.70
386.64
386.47
386.93
382.74
 nan
378.40
374.39
369.50
367.89
365.91
367.33
366.67
367.50
365.50
365.00
364.33
367.29
369.27
372.30
372.78
373.22
372.50
380.18
381.25
380.85
385.00
401.54
407.15
407.58
408.08
407.27
409.95
416.42
415.33
417.63
423.54
428.00
430.20
429.00
428.50
426.00
420.67
421.27
422.45
419.43
417.46
417.59
419.46
420.68
409.20
423.26
430.86
435.00
442.00
440.62
439.50
441.55
453.61
462.85
468.12
467.84
476.43
488.00
492.13
499.79
490.04
511.89
520.82
528.07
537.96
542.59
555.66
561.79
584.52
599.75
610.48
626.29
644.89
667.72
688.16
704.16
712.26
734.20
760.82
792.24
831.10
837.24
861.58
877.24
909.43
948.42
983.12
1010.23
1046.15
1074.00
1085.93
1103.29
1125.94
1167.20
1178.58
1195.93
1213.00
1209.96
1215.53
1221.50
1222.50
1221.83
1217.08
1212.00
1189.12
1213.33
1172.82
1142.88
1117.54
1107.81
1080.72
1047.34
1012.74
977.47
955.85
924.07
890.65
843.78
815.85
789.05
776.90
756.90
720.91
705.41
681.02
662.63
648.57
631.03
612.57
595.87
580.48
564.51
552.68
546.62
536.15
516.84
514.88
502.67
491.76
473.84
464.04
463.71
451.25
450.50
445.40
437.88
428.14
424.31
420.00
416.42
410.16
408.47
409.75
415.71
418.17
419.75
420.92
423.12
424.62
424.00
424.18
422.08
415.46
412.35
406.86
404.25
401.29
401.00
398.81
398.25
391.00
398.67
398.58
398.95
384.02
381.37
383.90
386.66
384.36
383.82
373.80
366.00
360.55
361.83
366.42
371.45
369.43
366.88
373.68
373.55
371.54
370.00
370.64
373.87
374.14
374.28
375.48
376.59
376.55
375.36
376.00
377.31
376.43
378.33
377.00
376.50
375.93
374.15
373.31
365.40
364.33
361.40
373.00
360.38
358.43
357.50
359.25
358.12
373.38
362.55
363.82
366.17
367.44
367.36
375.00
359.23
355.75
354.00
350.35
347.54
345.42
347.00
347.00
345.64
343.27
342.25
341.85
343.38
341.58
341.11
338.17
337.00
336.00
337.50
335.80
331.17
330.73
331.33
328.00
326.46
328.70
324.94
323.82
318.50
322.53
321.50
322.73
328.33
335.57
335.67
340.06
342.33
342.10
343.67
343.50
345.80
341.38
342.87
340.62
341.19
344.52
345.50
350.58
353.15
360.89
366.32
368.44
369.44
371.89
371.35
369.84
372.41
378.18
379.00
380.54
380.57
380.25
380.08
375.73
371.03
370.81
365.00
358.23
355.50
361.86
361.58
360.78
361.15
364.36
365.25
367.07
367.50
369.50
369.89
373.22
376.69
381.91
385.00
383.42
386.09
387.89
390.12
390.75
382.50
371.88
370.75
368.08
356.21
349.95
346.89
346.92
348.00
352.31
355.08
355.33
356.43
357.00
357.14
354.00
354.80
352.75
360.73
364.31
368.27
368.06
373.60
380.50
378.33
381.60
387.00
384.50
385.25
385.67
394.94
395.59
406.48
402.43
423.06
435.45
448.78
453.78
467.44
472.11
477.58
484.88
493.25
502.77
505.61
507.24
513.41
517.00
518.50
519.60
520.62
521.71
526.38
533.00
537.78
546.30
548.54
554.58
557.00
560.10
558.75
559.69
557.20
560.55
562.50
629.93
640.23
676.68
702.78
733.34
775.79
794.09
813.53
851.92
892.91
913.52
946.32
978.11
1009.79
1043.56
1055.23
1098.82
1106.38
1132.33
 nan
1165.30
1173.50
1177.50
1178.11
1177.78
1172.18
1170.31
1169.85
1171.08
1126.00
1076.18
1048.68
961.00
937.58
932.56
911.03
875.42
850.19
787.28
776.81
751.73
724.24
714.29
702.03
651.76
606.12
580.11
562.64
555.22
539.95
555.11
539.70
483.33
483.02
471.12
460.51
448.83
429.92
429.21
420.82
411.89
404.88
399.70
389.96
383.15
381.52
372.83
366.18
366.33
362.82
365.05
365.10
368.54
373.23
379.11
383.00
387.00
392.47
394.00
394.50
395.67
394.15
392.83
385.88
382.53
380.67
376.91
376.00
374.50
373.50
373.20
374.00
373.00
376.07
376.43
381.67
383.25
383.75
387.00
394.21
410.22
413.93
412.04
424.50
428.00
426.64
426.33
426.83
432.17
439.64
440.11
440.82
445.08
451.87
453.20
455.38
454.11
453.83
 nan
454.20
448.25
446.67
447.12
445.06
438.80
452.00
441.07
432.23
420.76
417.58
412.00
411.67
408.89
405.45
402.18
392.70
389.05
387.27
384.19
381.00
376.86
375.40
374.75
374.42
374.00
375.75
376.24
376.36
382.40
373.65
371.27
370.12
369.50
369.00
369.62
367.82
366.78
366.25
364.50
365.83
365.70
366.20
369.60
366.57
367.00
370.62
371.60
370.80
372.50
372.86
372.50
372.11
371.27
370.33
370.07
371.75
374.19
375.36
379.11
380.62
380.42
380.88
379.37
379.47
380.45
382.00
379.88
387.00
406.33
409.96
415.39
425.26
429.12
432.71
437.15
443.05
448.12
449.21
452.10
460.84
465.00
463.62
472.32
478.67
484.36
486.39
490.56
493.80
493.60
491.60
488.82
484.33
479.48
481.00
476.23
474.50
473.18
466.73
462.03
463.28
468.15
454.33
444.67
438.00
435.54
429.15
421.45
423.44
421.73
415.76
405.67
408.58
407.00
408.93
410.65
411.47
413.20
411.67
410.55
409.50
409.85
408.13
407.58
407.50
406.88
404.73
403.88
401.33
402.20
402.50
402.75
404.75
401.80
403.60
403.00
402.00
402.60
404.50
404.00
411.00
408.25
408.33
408.55
410.14
402.62
400.40
397.80
398.25
397.76
370.06
369.19
368.76
387.53
348.04
377.13
375.96
377.32
377.59
378.38
383.29
382.91
389.65
391.38
394.93
393.43
384.94
382.70
382.67
381.36
381.36
387.41
399.41
408.10
401.91
406.92
413.91
414.29
414.85
408.86
407.86
401.50
401.95
403.06
391.30
406.14
414.15
417.60
418.80
422.67
423.13
424.60
424.13
421.33
424.60
425.55
425.08
421.14
421.75
 nan
418.50
417.62
419.80
426.50
424.56
428.62
433.62
436.60
435.50
435.50
435.67
457.23
471.69
480.17
478.52
484.84
488.56
491.55
492.50
493.33
494.56
497.07
498.12
506.77
506.53
523.55
529.60
539.00
540.21
545.37
544.78
544.80
540.60
534.68
529.83
523.19
522.62
517.43
512.11
504.44
493.93
486.88
473.42
460.71
456.93
453.44
453.94
454.29
454.00
455.08
452.76
445.33
446.42
443.91
442.00
440.62
442.93
445.45
445.78
444.78
439.00
448.38
453.50
453.91
459.36
462.43
465.25
468.90
477.21
476.33
478.50
483.47
489.80
493.90
499.94
499.88
505.82
511.00
508.43
518.78
524.08
534.38
535.47
540.00
544.42
552.32
559.57
563.22
564.83
570.95
584.55
639.65
608.81
609.81
647.11
636.85
661.79
685.16
716.52
721.71
741.84
760.55
787.62
805.96
823.47
864.11
883.79
920.29
939.39
962.97
1001.43
1033.51
1055.36
1087.09
1130.17
1155.43
1187.24
1209.75
1250.05
1266.82
1282.12
1332.71
1358.77
1354.95
1358.71
1364.05
1364.00
1364.45
1365.06
1361.23
1361.95
1359.82
1329.81
1302.97
1277.08
1255.34
1234.76
1215.40
1184.10
1149.80
1123.92
1085.26
1059.67
1036.84
1014.31
998.11
965.40
938.36
911.67
879.61
861.51
850.46
814.72
796.77
780.25
757.59
731.57
743.40
738.69
737.56
732.70
731.47
734.69
736.71
739.00
742.20
742.50
746.00
751.90
757.83
767.14
772.54
774.06
784.63
792.00
799.90
803.42
808.27
849.61
836.00
854.42
863.81
871.79
910.09
913.98
961.68
1016.02
1007.82
1035.75
1042.25
1066.56
1070.89
1075.27
1099.22
1163.29
1187.66
1213.13
1228.07
1249.90
1268.34
1309.83
1329.88
1355.33
1381.49
1421.95
1413.35
1421.81
1433.25
1441.39
1445.43
1447.23
1445.55
1442.95
1440.61
1436.96
1433.42
1423.33
1417.56
1413.67
1413.78
1413.71
1409.71
1408.07
1406.92
1403.64
1402.75
1423.47
1403.47
1405.53
1408.55
1414.00
1413.50
1425.60
1449.09
1453.00
1415.71
1470.88
1494.78
1509.48
1509.59
1525.16
1535.26
1567.67
1569.79
1594.55
1594.89
1609.50
1621.70
1627.57
1638.40
1643.30
1654.71
1655.74
1663.00
1660.80
1659.43
1655.20
1654.93
1652.00
1646.67
1644.69
1645.00
1644.33
1645.09
1644.00
1642.33
1643.00
1641.08
1641.62
1640.44
1640.68
1646.67
1639.67
1644.23
1645.39
1648.50
1650.19
1650.31
1652.29
1654.60
1663.54
1671.25
1675.94
1688.39
1685.22
1691.70
1700.17
1704.95
1709.86
1711.00
1710.56
1707.95
1706.83
1702.50
1700.50
1698.20
1696.86
1697.40
1695.83
1695.20
1694.00
1693.75
1696.00
1698.00
1699.55
1702.35
1707.50
1709.36
1715.00
1704.36
1701.36
1701.80
1698.73
1696.80
1667.00
1654.46
1644.14
1635.71
1626.98
1604.30
1586.31
1566.46
1555.24
1535.22
1511.61
1496.11
1475.94
1455.46
1436.42
1421.12
1393.12
1395.86
1385.62
1339.93
1334.91
1319.36
1313.36
1311.05
1272.56
1272.72
1256.06
1248.46
1236.98
1215.73
1212.82
1203.03
1196.87
1180.33
1167.80
1172.78
1170.36
1164.22
1160.89
1158.90
 nan
1156.71
1152.55
1150.50
1148.00
1147.64
1147.75
1151.33
1151.69
1150.93
1152.75
1156.33
1173.14
1179.37
1210.71
1232.84
1231.92
1245.28
1215.52
1236.12
1264.56
1278.42
1304.31
1325.29
1342.97
1374.56
1393.05
1412.48
1420.59
1466.86
1467.77
1502.78
1491.53
1496.59
1542.85
1572.87
1577.64
1605.33
1615.57
1541.80
1545.17
1622.44
1626.70
1628.30
1627.00
1624.00
1621.48
1613.75
1615.79
1613.82
1608.60
1610.36
1608.21
1612.08
1612.50
1611.36
1613.75
1612.29
1606.00
1560.33
1545.13
1530.56
1512.00
1494.08
1484.85
1475.60
1468.74
1448.42
1434.71
1435.30
1427.78
1426.05
1423.79
1426.12
1424.64
1425.08
1423.59
1432.77
1442.42
1423.81
1481.07
1502.12
1511.83
1515.88
1521.53
1532.50
1541.19
1550.23
1545.71
1552.72
1559.05
1568.00
1565.50
1565.00
1563.05
1563.00
1560.24
1555.33
1525.65
1509.68
1497.36
1480.13
1447.64
1424.19
1409.55
1384.99
1352.64
1323.76
1303.04
1270.21
1242.47
1212.26
1184.95
1155.89
1120.85
1086.36
1050.43
1019.90
1003.27
983.32
940.20
904.74
881.28
865.50
848.02
832.82
812.56
822.58
786.19
774.77
779.90
772.28
767.92
767.00
767.33
771.46
771.25
775.00
779.47
782.40
792.68
801.96
807.25
823.69
844.06
853.01
870.20
894.06
924.82
959.43
980.30
990.62
1019.38
1049.70
1061.00
1081.41
1082.80
1086.35
1090.40
 nan
1091.32
1087.10
1085.50
1085.11
1079.14
1036.85
1016.12
1000.04
979.98
955.08
927.60
893.52
857.80
818.70
791.39
758.18
723.42
697.21
674.28
659.89
630.56
622.32
595.12
566.82
556.77
548.74
532.87
488.40
486.50
479.83
482.25
477.95
476.53
476.35
480.55
481.28
484.65
484.25
486.15
484.06
483.00
482.73
515.05
482.71
484.00
610.44
681.00
533.25
481.00
686.75
599.62
601.09
578.25
588.36
590.00
589.60
598.00
631.33
635.92
641.32
646.83
649.80
669.27
691.00
698.30
696.00
697.06
697.54
696.00
694.10
695.62
693.33
673.24
652.13
637.35
616.13
598.22
586.31
556.40
530.49
517.04
498.56
489.68
 nan
519.06
453.26
464.68
447.59
435.05
425.04
413.50
408.58
404.32
396.84
389.28
363.74
374.92
374.00
373.90
377.40
380.63
382.90
386.56
391.21
393.90
394.10
393.50
389.20
384.74
381.68
377.56
366.86
352.16
347.76
344.23
341.30
341.76
343.58
341.80
340.44
338.50
340.33
339.20
333.33
340.36
345.72
346.62
346.14
345.54
342.19
341.00
339.00
338.64
340.50
345.36
348.62
349.67
350.68
352.00
352.12
350.00
349.10
357.39
358.35
358.28
352.17
376.43
387.00
388.10
386.86
386.50
382.50
371.42
379.14
375.08
372.26
342.98
362.00
363.50
366.50
360.93
352.25
347.59
341.52
338.36
333.15
323.47
322.23
322.58
322.25
323.82
321.78
321.77
320.31
318.22
317.50
317.00
425.31
322.36
329.93
335.86
332.15
342.13
343.00
343.55
342.87
339.07
337.36
337.00
336.31
337.50
337.42
339.38
343.33
345.33
346.45
345.86
344.31
341.33
341.46
336.80
334.93
335.85
336.86
339.41
350.00
342.27
353.80
381.25
383.30
384.33
385.83
385.50
385.33
386.00
385.86
388.60
389.77
391.00
392.27
393.44
397.18
408.61
409.71
416.15
 nan
407.50
431.50
430.29
427.91
428.57
426.21
420.75
412.60
409.00
413.20
412.75
411.50
411.12
412.00
410.08
404.58
395.50
398.36
398.42
389.24
381.11
351.55
382.33
385.00
385.65
390.17
396.50
402.58
402.74
405.54
405.24
409.45
414.56
417.50
418.18
419.88
433.95
440.04
438.92
437.12
444.00
450.17
453.00
452.67
454.62
459.33
463.29
472.00
471.20
477.30
481.83
483.50
486.82
493.00
488.86
488.90
483.39
480.42
481.94
482.50
482.83
483.50
483.56
482.00
485.39
486.75
490.17
494.50
496.12
500.33
499.08
504.00
501.60
512.91
518.29
523.25
524.18
528.82
532.56
534.33
543.00
536.77
542.07
516.78
545.84
549.62
551.00
549.85
550.50
553.24
553.60
554.19
553.29
562.00
577.73
579.38
603.22
611.27
623.80
615.48
646.47
668.01
691.00
735.38
729.81
745.69
766.41
816.35
816.00
843.12
894.05
891.08
898.47
926.53
962.47
1000.95
1020.01
1037.74
1085.45
1107.52
1125.76
1130.67
1186.28
1215.17
1225.51
1255.80
1287.01
1336.15
1360.33
1380.88
1396.22
1439.83
1438.83
1440.35
1444.75
1346.62
1447.91
1448.17
1434.96
1424.13
1443.12
1442.62
1390.16
1371.58
1358.25
1329.13
1311.43
1299.62
1260.22
1236.24
1213.17
1176.60
1164.03
1128.13
1079.72
1052.87
1020.32
982.50
937.52
901.62
894.42
866.14
839.76
727.38
710.54
710.22
706.52
704.31
667.00
666.92
647.01
654.28
619.96
600.17
588.43
586.76
581.96
572.19
618.95
562.06
532.55
522.29
505.38
490.04
464.21
456.48
461.43
460.36
460.25
460.61
457.77
458.44
454.94
456.33
451.17
449.21
445.89
442.77
445.60
 nan
442.33
434.94
428.58
433.33
426.28
426.36
424.04
421.75
411.85
407.50
411.83
407.89
404.22
397.78
403.07
406.19
416.07
 nan
412.33
413.08
413.08
411.17
403.07
399.00
398.33
403.38
388.00
392.40
391.00
391.30
392.73
392.91
385.00
392.60
389.80
389.27
386.67
386.00
385.50
387.00
386.75
388.00
390.50
391.20
388.60
393.40
394.12
394.00
394.10
394.20
405.33
408.83
415.57
409.90
427.50
 nan
433.00
425.70
424.58
429.00
429.62
437.86
443.90
 nan
435.00
446.40
446.36
445.18
446.83
444.67
445.36
444.91
446.00
452.00
451.00
443.50
442.42
440.50
434.35
424.70
422.42
 nan
 nan
423.59
423.94
424.64
425.93
429.24
436.82
436.46
436.00
442.50
443.45
444.73
442.11
443.20
440.50
437.50
434.57
436.00
437.44
442.22
442.74
451.42
452.42
455.75
482.28
493.29
506.90
521.54
549.24
552.80
549.03
555.74
562.43
561.75
564.57
564.38
569.13
579.50
585.22
591.14
582.80
611.92
603.48
634.66
655.66
667.23
664.81
673.95
703.44
726.36
729.44
751.81
757.14
766.72
778.94
788.15
789.04
793.63
818.97
848.86
867.76
860.03
888.22
940.62
947.48
957.78
946.79
975.13
994.13
1027.91
1047.12
1062.97
1097.71
1123.12
1136.77
1166.19
1191.67
1242.95
1280.60
1286.05
1303.89
1337.37
1352.27
1402.16
1397.13
1423.24
1461.89
1499.58
1501.13
1533.67
1573.07
1557.83
1568.73
1613.41
1634.90
1640.07
1642.42
1644.52
1672.64
1650.54
1650.96
1645.20
1639.20
1630.92
1628.72
1631.00
1595.83
1578.64
1574.61
1560.38
1538.63
1522.08
1502.61
1490.39
1470.27
1452.78
1436.17
1414.65
1402.29
1371.27
1336.29
1255.75
1183.10
1202.39
1176.36
1168.65
1138.07
1129.44
1117.10
1067.97
1041.45
1014.81
989.96
964.26
954.77
920.51
904.48
882.49
872.33
836.28
812.95
795.18
781.43
753.70
743.30
727.70
718.92
744.12
704.21
692.08
681.03
668.66
661.75
656.94
643.85
622.57
619.46
611.77
604.82
597.20
592.42
586.63
575.19
566.33
561.33
553.75
555.50
600.05
515.10
536.37
527.50
527.58
521.00
518.79
505.84
503.80
504.50
500.12
501.36
502.50
504.13
504.89
504.50
512.00
507.40
505.75
505.83
504.11
499.14
 nan
497.42
499.20
497.00
501.67
500.64
502.00
502.78
521.35
506.96
518.18
529.19
533.97
554.32
563.41
574.96
611.11
583.93
590.68
601.59
644.41
734.07
952.52
771.32
674.42
682.21
708.10
722.46
733.72
757.30
790.85
789.00
781.26
808.35
843.62
862.65
880.92
911.90
942.58
958.38
994.17
1023.36
1048.85
1063.62
1085.73
1111.68
1146.75
1162.10
1186.30
1210.30
1241.29
1257.31
1277.08
1320.12
1315.81
1326.44
1335.43
 nan
1340.18
1333.38
1334.19
1327.48
1333.88
1293.30
1211.55
1179.69
1141.00
1092.58
1074.65
1037.89
999.72
958.04
915.11
881.62
854.70
829.77
797.17
766.86
 nan
711.51
686.37
659.02
630.51
599.13
580.03
557.62
537.84
546.97
505.65
496.27
488.73
475.60
459.26
438.29
448.48
439.63
436.15
433.20
432.64
431.08
431.75
431.17
429.20
428.77
425.46
424.91
428.17
428.53
428.54
430.45
430.57
433.50
436.09
435.57
436.17
445.22
451.50
461.53
469.36
472.69
488.75
479.35
483.89
487.71
486.00
487.21
484.60
482.70
480.88
481.50
481.00
485.50
488.00
497.00
492.71
489.82
488.00
490.00
484.75
483.00
481.67
475.71
475.75
474.50
476.00
475.62
472.91
473.25
469.56
470.62
450.33
444.38
440.80
436.71
426.67
415.23
405.14
401.90
378.37
368.72
349.00
362.79
357.77
353.67
351.56
343.84
331.09
304.13
311.81
299.21
293.08
302.15
311.48
316.27
315.00
314.15
310.75
308.76
305.88
307.44
305.07
304.17
305.73
305.91
308.50
308.12
307.25
305.56
304.33
303.67
302.90
309.67
314.04
319.12
318.67
324.81
333.00
332.00
331.80
330.12
304.64
327.73
461.42
322.33
321.75
323.08
328.64
331.25
331.12
339.14
338.57
337.17
336.50
336.00
 nan
342.17
346.00
347.50
343.00
349.27
349.67
346.10
343.00
344.00
348.50
350.53
352.29
352.79
356.10
354.21
352.00
358.82
359.21
360.62
369.82
373.64
375.56
372.67
373.00
373.50
374.18
374.05
377.21
372.50
381.87
385.07
387.53
379.67
385.43
387.20
401.41
413.64
415.14
422.79
427.80
431.90
439.91
445.83
458.23
446.86
533.05
466.27
484.17
490.35
499.84
495.60
499.95
509.25
515.43
514.54
516.46
520.00
522.09
522.90
524.00
494.41
519.56
518.60
514.67
512.90
512.45
518.19
516.95
524.47
532.85
542.64
532.00
541.52
544.50
546.74
551.00
565.32
576.96
580.45
598.42
609.84
619.64
622.29
628.64
633.80
637.08
637.25
639.62
632.38
630.05
624.10
620.25
608.30
599.00
592.21
583.20
571.61
561.15
549.00
541.62
531.41
524.60
504.32
517.33
468.25
469.21
793.18
542.77
435.61
488.65
476.73
417.09
406.87
397.79
390.76
387.64
376.19
373.92
364.22
362.20
352.73
351.11
344.92
328.86
341.88
343.27
346.67
345.41
347.76
351.20
364.20
367.08
366.20
371.83
376.46
392.36
397.03
404.65
400.98
409.30
430.14
429.14
443.95
511.96
457.56
442.88
481.83
482.00
491.71
508.04
525.60
521.49
544.62
559.77
576.99
592.34
618.87
630.75
641.20
644.54
650.62
655.67
660.08
659.20
663.40
662.29
656.24
655.14
650.45
650.70
647.67
591.00
585.14
588.38
586.79
583.00
580.71
580.00
580.50
580.62
580.89
581.50
581.00
578.90
578.75
578.50
581.46
581.11
581.75
581.17
582.71
582.58
593.71
594.33
615.54
623.64
616.48
636.17
648.66
669.40
680.87
687.05
689.60
732.31
741.22
759.28
778.00
807.31
814.35
831.85
858.26
873.61
888.54
925.48
932.27
945.06
983.33
1023.77
1011.54
1020.71
1088.69
1032.57
1031.06
1027.32
1026.23
1023.50
1001.91
965.43
959.28
954.42
946.92
923.10
903.64
900.22
895.32
868.24
873.52
866.32
811.78
810.63
807.94
797.73
784.26
769.06
765.84
761.15
755.00
744.42
672.50
736.45
731.86
791.67
714.13
705.71
707.81
711.00
721.66
677.57
677.17
669.59
665.15
655.30
644.41
638.37
624.17
609.80
606.74
600.89
591.38
580.24
566.50
561.23
551.63
544.69
540.84
524.66
533.65
528.79
619.38
528.43
529.08
528.80
525.94
507.72
505.83
503.96
503.21
497.39
499.17
497.35
499.50
500.45
512.73
528.38
524.62
526.05
530.56
536.60
537.09
537.86
538.09
538.50
539.75
538.70
543.00
745.00
544.33
544.67
544.50
544.75
543.75
545.00
545.00
546.36
549.42
549.82
550.45
556.27
714.00
569.28
575.57
577.52
584.58
592.04
595.75
605.58
612.71
613.29
689.59
634.19
638.00
644.33
646.46
657.08
660.26
660.39
656.53
658.41
659.46
662.56
664.88
673.57
677.57
694.42
710.76
724.96
728.84
742.84
774.23
804.74
769.19
778.38
782.50
786.89
769.63
784.24
843.69
825.59
844.22
866.04
871.32
879.04
896.51
911.18
929.16
919.56
940.85
968.69
970.94
997.04
1002.26
1003.45
1013.21
1014.22
1022.79
1027.00
1030.88
1033.57
1037.82
1036.45
1037.18
1035.00
1034.40
1031.81
1028.62
1023.88
1013.83
1011.10
1015.25
1016.00
1005.46
997.67
993.50
994.00
990.08
980.24
997.41
975.17
969.12
964.15
1040.80
964.44
970.41
984.64
981.27
987.89
987.80
990.92
988.91
991.67
992.68
996.59
1006.28
1013.57
1013.65
1011.52
1007.56
1007.41
1002.20
998.47
989.50
973.32
941.31
926.59
915.07
877.56
808.76
792.70
789.76
781.48
759.54
755.37
742.64
722.69
695.52
674.67
665.63
651.86
638.60
619.04
605.77
600.67
592.72
579.67
577.38
570.56
561.33
556.86
554.04
554.88
552.63
553.36
554.50
556.25
555.44
581.17
590.43
596.74
656.24
621.64
626.43
640.17
654.55
660.72
671.03
675.05
682.00
685.33
687.46
691.39
693.79
699.52
706.73
715.43
722.72
729.62
734.48
736.86
742.50
746.67
748.00
749.50
752.58
754.72
753.94
760.85
785.07
806.00
819.63
836.23
865.73
883.17
892.30
899.68
908.96
933.75
944.42
962.23
974.80
956.90
1024.31
1033.52
1009.31
1040.06
1077.28
1078.32
1109.52
1120.04
1139.65
1172.26
1211.91
1232.10
1269.29
1267.27
1287.21
1339.31
1345.97
1362.28
1394.81
1424.24
1451.43
1468.99
1476.13
1521.91
1528.98
1543.63
1560.76
1554.41
1589.48
1593.26
1606.40
1622.29
1630.59
1637.36
1636.21
1644.44
1651.94
1658.48
1658.81
1660.66
1674.23
1683.76
1690.60
1692.75
1689.44
1691.15
1688.29
1690.40
1693.77
1695.90
1698.04
1704.60
1710.07
1715.65
1722.22
1722.32
1727.27
1726.27
1727.00
1727.76
1729.75
1730.20
1730.94
1731.76
1736.22
1740.60
1742.40
1744.83
1750.00
1749.29
1751.77
1755.00
1752.58
1751.11
1750.57
1746.43
1751.11
1751.57
1755.89
1760.50
1765.50
1764.17
1766.25
1766.71
1767.50
1767.62
1767.11
1766.50
1762.50
1760.56
1760.06
1758.74
1757.29
1756.50
1756.95
1763.38
1766.33
1763.00
1769.00
1754.60
1756.62
1753.70
1754.93
1754.67
1759.00
1760.79
1762.43
1761.82
1766.42
1767.64
1771.94
1776.48
1780.00
1785.24
1785.75
1788.17
1781.28
1779.33
1775.47
1776.71
1774.50
1769.00
1776.47
1776.45
1776.75
1775.40
1774.00
1772.50
1771.50
1771.00
1769.71
1765.13
1762.11
1765.89
1761.62
1759.11
1756.83
1756.56
1758.11
1757.50
1758.67
1758.50
1758.33
1757.00
1787.00
1759.45
1761.08
1759.87
1762.21
1766.67
1767.50
1769.00
1767.50
 nan
1768.20
1762.42
1759.81
1750.42
1750.76
1746.52
1736.84
1731.25
1732.20
1746.05
1736.48
1736.45
1746.83
1753.17
1764.73
1764.50
 nan
1764.50
1764.61
1763.24
1762.07
1760.83
1754.78
1747.44
1742.00
1745.83
1747.31
1748.50
1752.19
1758.73
1762.50
1762.67
1767.00
1768.25
1768.67
1769.67
1769.00
1769.00
1767.50
1767.00
1765.50
1762.89
1758.00
1761.67
1761.00
1764.00
1766.00
1765.00
1766.44
1767.33
1773.00
1762.00
1769.25
1765.89
1763.00
1763.50
1757.50
1763.75
1763.67
1763.71
1764.20
1761.86
1754.46
1742.89
1738.22
1734.33
1734.00
1021.58
1050.34
996.43
996.19
996.75
1151.18
1011.65
1008.60
1135.52
995.45
1019.47
1115.10
1003.80
1015.15
1008.36
1152.11
1094.02
1022.39
1016.33
998.83
1004.73
997.15
1002.80
1001.90
1014.32
835.07
755.00
 nan
1012.44
997.77
1044.00
1009.49
998.37
998.98
1014.44
996.67
994.23
994.68
1086.11
991.35
1181.88
993.35
998.04
1146.84
1004.96
998.25
994.69
993.94
997.94
1032.74
996.03
1019.72
1003.62
1004.56
997.86
996.66
997.93
1020.25
872.83
1769.00
1769.67
1769.00
1769.25
1769.00
1767.67
1766.00
1759.90
1751.39
1750.50
1749.53
1748.93
1740.67
1735.25
1728.95
1722.78
1729.22
1729.13
1728.19
1728.83
1729.83
1739.12
1749.44
1755.82
1755.85
1760.19
1767.43
1770.50
1775.18
1778.82
1780.11
1779.47
1780.28
1780.94
1777.33
1778.59
1770.92
1766.21
1764.17
1758.17
1756.57
1748.62
1744.27
1738.93
1737.15
1734.38
1738.82
1741.00
1740.62
1742.50
1743.36
1741.43
1741.50
1758.00
1749.42
1749.89
1760.00
1758.50
1761.50
1767.00
1761.80
1767.00
1759.14
1756.06
1754.41
1761.50
1748.25
1753.82
1759.00
1761.70
1767.00
1765.00
1760.57
1761.33
1760.00
1757.55
1760.09
1771.00
1768.40
1765.86
1762.18
1766.80
1760.91
1754.08
1750.20
1733.25
1731.13
1736.00
1730.50
1729.00
1730.08
1731.75
1735.14
1735.38
1735.50
1735.67
1736.67
1735.00
1735.60
1740.00
1737.55
1740.21
1745.00
1754.96
1760.16
1765.93
1768.25
1776.00
1780.42
1781.80
1779.50
1780.83
1778.30
1778.20
1774.33
1769.24
1765.19
1763.69
1761.56
1749.58
1747.15
1745.11
1743.50
1740.11
1741.50
1740.38
1740.83
1740.33
1741.17
1741.67
1740.80
1742.14
1743.25
1744.67
1753.00
1756.73
1759.53
1762.09
1765.00
1772.71
1775.56
1778.25
1780.33
1788.88
1790.15
1790.00
1792.60
1779.21
1776.80
1772.17
1767.89
1759.36
1755.00
1757.33
1751.78
1756.84
1765.32
1765.00
1766.92
1769.13
1771.24
1768.32
1767.00
1761.25
1756.00
1749.50
1745.50
1749.14
1753.88
1755.07
1751.20
1754.73
1771.12
1775.00
1776.75
1777.25
1773.27
1770.42
1764.89
1761.70
1755.38
1753.08
1745.67
1755.50
1759.67
1756.50
1755.70
1748.31
1747.26
1746.00
1743.29
1738.89
1402.00
1744.27
1749.47
1753.00
1752.72
1759.62
1764.50
1766.50
1765.50
1769.00
1767.00
1770.14
1765.50
1766.14
1763.41
1762.86
1761.60
1760.00
1761.58
1761.00
1761.56
1763.10
1754.45
1750.40
1753.89
1744.93
 nan
1735.00
1747.08
1748.57
1755.50
1761.00
1754.78
1753.33
1752.40
1748.57
1745.50
1745.50
1743.71
1742.50
 nan
1737.50
1741.50
1744.50
1743.00
1745.00
1752.89
1755.67
1758.00
1760.43
1761.00
1768.94
1773.16
1774.13
1775.00
1778.00
 nan
1774.21
1769.32
1768.65
1760.53
1751.15
1747.70
1739.53
1736.40
1730.71
1727.87
1725.47
1721.67
1720.00
1718.71
1717.86
1717.80
1714.18
1709.48
1706.78
1707.10
1691.22
1683.53
1680.42
1674.52
1660.00
1638.84
1639.68
1614.66
1597.55
1543.95
1511.03
1451.58
1329.66
1227.02
1074.73
895.48
378.50
379.10
379.59
378.71
378.25
373.94
373.94
376.40
372.67
374.93
374.74
375.00
374.45
376.21
385.17
397.80
393.16
392.85
394.15
396.25
394.83
390.54
389.57
387.20
384.00
376.50
388.50
381.88
381.19
380.44
378.25
379.29
375.30
345.91
330.92
316.75
313.47
309.00
302.19
288.77
264.00
256.44
259.53
256.58
255.83
252.75
251.14
250.00
247.62
243.86
239.83
240.04
241.96
241.05
243.31
251.88
256.70
254.60
251.88
247.44
250.64
248.50
245.00
240.64
240.57
242.18
228.30
229.65
227.77
223.00
208.85
207.77
209.00
209.45
209.09
208.56
210.36
219.12
221.91
225.21
227.18
234.00
236.09
241.11
246.59
250.78
254.07
256.96
262.00
265.50
262.92
261.31
256.38
252.22
249.09
248.81
236.67
236.86
233.00
229.20
228.68
227.50
228.06
230.79
232.83
234.00
235.00
233.58
228.47
227.81
228.31
227.86
227.96
230.17
228.54
234.86
239.85
239.89
237.33
243.83
241.17
244.40
249.67
250.80
253.83
260.46
259.20
261.92
271.33
273.00
273.90
277.17
275.22
276.00
276.25
278.85
279.86
281.64
286.00
288.86
290.12
290.14
295.30
301.20
301.27
311.00
321.40
338.88
339.69
345.33
350.67
360.59
634.17
368.85
377.83
391.48
391.42
406.25
415.37
420.11
422.14
422.40
424.91
425.91
427.00
430.38
433.14
435.08
442.25
441.77
441.78
439.44
437.19
436.50
436.25
432.35
434.86
434.74
438.05
444.62
460.71
459.75
466.20
478.81
486.42
496.78
490.13
501.24
503.23
507.20
504.58
506.71
506.15
508.71
511.75
513.11
516.73
516.86
510.95
509.95
503.29
497.91
494.67
488.75
465.33
456.67
451.45
442.68
438.40
427.03
414.55
408.47
377.11
358.03
347.82
336.91
355.50
289.21
284.09
284.71
287.19
281.14
277.57
275.43
273.12
275.33
271.38
272.67
272.33
270.75
266.71
263.40
265.50
269.80
270.12
274.31
276.54
278.27
279.06
280.50
280.50
282.36
282.33
285.67
286.50
285.23
290.62
318.57
322.38
325.63
325.80
332.13
359.21
364.64
370.44
374.67
376.23
401.53
414.60
427.57
442.59
444.34
458.62
473.36
498.42
508.69
513.92
517.19
532.00
537.19
540.55
543.81
597.15
558.30
554.83
555.11
556.00
548.33
544.38
543.79
538.56
520.18
512.10
499.13
482.45
482.59
478.11
474.59
473.57
472.73
472.26
477.83
481.61
481.56
492.50
496.69
499.50
501.92
484.67
498.07
495.72
498.30
494.82
521.19
535.86
548.68
556.19
571.27
585.56
620.10
623.58
637.72
651.23
682.78
695.63
716.86
744.32
778.44
814.43
834.01
850.64
868.49
890.89
911.50
928.81
931.82
941.06
946.19
951.46
958.09
1038.85
956.50
961.40
954.29
945.25
942.97
935.09
935.73
898.35
885.39
871.45
860.12
843.81
831.41
810.71
823.86
789.20
785.02
766.20
746.82
735.98
715.46
727.76
713.84
676.43
669.62
650.67
632.52
624.92
628.11
629.20
620.79
616.67
617.00
615.90
608.69
609.88
588.52
605.67
553.79
552.26
540.67
534.50
518.86
512.24
502.62
494.95
486.58
467.75
454.65
445.09
431.82
427.77
412.62
405.33
403.50
399.38
389.64
385.17
381.20
377.12
375.40
372.33
366.88
368.33
360.00
377.11
375.31
381.81
381.73
399.75
408.07
411.14
416.70
422.13
429.81
430.21
434.87
441.19
448.17
449.67
449.60
448.50
529.94
444.60
442.62
440.91
433.00
425.21
421.86
418.92
418.07
416.92
417.58
423.56
426.72
430.26
440.31
444.56
456.46
467.43
468.28
483.79
491.94
512.36
526.12
522.94
560.65
537.60
547.58
564.45
621.55
566.12
570.23
578.50
589.78
590.60
592.65
600.23
607.75
612.22
615.80
617.00
626.69
627.81
628.76
630.94
633.57
642.31
643.89
673.63
683.41
704.00
718.72
739.20
742.05
771.87
783.41
782.41
803.20
817.33
866.93
834.74
815.15
856.70
865.00
869.43
877.05
875.35
881.75
884.42
893.54
898.20
903.88
934.81
932.60
939.80
938.32
940.60
943.31
938.41
933.20
927.36
927.22
915.65
908.44
905.75
896.07
884.30
883.16
886.69
877.52
877.32
876.05
876.00
873.87
878.00
881.12
780.75
883.12
885.00
886.17
886.00
891.38
892.75
895.00
896.50
902.76
908.75
856.27
917.27
921.20
927.91
936.00
930.69
875.44
922.54
920.33
865.00
916.50
909.50
856.32
849.57
827.37
800.99
724.36
685.36
696.38
684.66
684.76
656.35
645.57
632.70
610.39
612.29
583.88
569.48
563.32
538.73
546.62
536.49
532.45
523.24
516.34
502.12
497.29
490.89
489.32
482.21
480.00
481.29
481.29
486.18
489.64
495.40
507.50
516.59
517.06
506.00
534.38
539.00
539.53
545.43
551.66
552.43
559.50
616.15
562.90
592.81
604.00
617.21
627.85
645.08
642.82
643.10
650.44
650.25
578.25
595.10
656.00
660.83
723.44
665.15
670.73
680.60
688.18
740.76
708.54
750.86
756.34
748.49
763.07
794.00
800.56
810.78
828.27
858.54
885.84
928.17
906.94
931.83
951.33
972.78
994.81
1009.15
1031.06
1049.41
1071.59
1091.54
1106.04
1137.07
1150.97
1177.04
1197.23
1207.88
1238.14
1269.92
1299.05
1329.44
1346.80
1358.52
1381.24
1428.57
1436.15
1445.17
1462.66
1492.86
1524.23
1548.60
1575.25
1581.59
1581.21
1588.46
1602.65
1615.23
1619.14
1622.04
1628.90
1641.72
1654.80
1659.19
1680.48
1703.43
1706.83
1706.75
1708.00
1709.31
1708.82
1706.15
1704.42
1695.56
1693.20
1695.00
1694.60
1693.40
1699.75
1699.89
1710.00
1701.75
1701.11
1699.78
1689.22
1682.26
1682.44
1678.69
1672.78
1664.09
1661.33
1661.91
1659.70
1658.44
1656.50
1656.50
1650.88
1649.69
1640.40
1645.38
1624.31
1613.26
1592.35
1578.30
1563.95
1544.80
1540.76
1542.35
1513.86
1503.81
1492.77
1492.84
1487.93
1484.22
1476.11
1466.86
1459.49
1452.59
1439.30
1423.47
1382.76
1381.24
1385.75
1380.44
1372.67
1373.30
1372.14
1373.45
1373.14
1371.80
1368.53
1363.15
 nan
1359.00
1360.00
1347.17
1349.00
1330.67
1332.81
1317.53
1274.56
1251.25
1224.72
1194.99
1174.61
1133.35
1112.73
1089.94
1060.09
1009.65
995.21
959.64
936.45
917.42
884.85
852.25
837.79
816.48
771.99
772.22
755.20
710.77
696.97
673.56
658.23
638.23
627.54
613.14
599.79
592.74
587.45
578.62
567.14
565.24
559.57
554.41
552.62
542.79
537.67
521.86
519.40
516.56
510.64
507.62
506.25
503.58
498.47
501.68
488.30
497.90
496.97
490.34
467.48
463.96
462.58
457.92
458.00
456.00
458.93
459.06
463.38
468.12
472.11
474.10
476.29
479.00
480.59
482.67
486.00
489.59
490.87
 nan
489.67
479.71
482.00
477.17
472.23
467.36
465.93
466.57
465.50
464.67
463.73
463.21
464.10
465.78
465.53
467.92
470.38
473.43
475.71
475.12
477.00
477.71
477.50
394.80
408.17
476.20
472.25
474.50
472.73
473.91
472.75
475.20
476.57
479.78
480.10
487.00
486.73
503.86
515.88
521.50
526.00
440.09
543.36
535.12
535.88
545.50
549.00
539.34
533.20
565.74
582.25
588.18
584.48
604.99
633.18
654.53
666.73
659.34
676.56
710.98
757.30
752.05
777.97
768.42
834.39
862.09
875.49
924.24
930.71
933.75
980.95
1000.80
1016.85
1055.31
1105.46
1142.60
1177.39
1193.10
1183.98
1224.01
1264.87
1277.12
1298.34
1271.88
1318.92
1328.92
1337.39
1340.71
1336.80
1326.58
1320.17
1326.88
1317.46
1248.88
1219.51
1183.91
1146.11
1122.47
1061.93
1051.56
1028.20
1004.83
968.16
931.35
912.99
884.61
860.96
825.11
804.58
791.93
745.19
735.40
728.71
708.08
683.77
657.12
656.07
655.40
655.50
651.90
650.00
648.50
650.00
650.86
649.25
649.25
649.17
648.86
649.50
649.12
649.90
651.33
653.75
683.02
 nan
701.66
689.40
 nan
702.00
695.19
735.75
742.45
669.22
746.33
747.56
755.65
764.27
766.81
779.10
781.63
850.28
820.33
825.74
852.73
861.02
872.73
921.90
929.08
941.07
943.94
963.22
984.80
990.88
1022.54
1032.68
