1044.13
1061.53
1087.60
1108.28
1124.25
1125.36
1139.72
1170.04
1175.88
1181.36
1210.67
1214.03
1232.40
1255.49
1270.42
1309.79
1297.32
1333.73
1353.59
1335.51
1350.42
1390.66
1406.59
1423.81
1446.10
1458.93
1472.56
1470.09
1470.95
1522.05
1532.86
1516.10
1552.27
1546.06
1557.32
1567.41
1614.11
1638.81
1655.14
1666.60
1666.91
1667.00
1669.40
1670.62
1673.67
1673.50
1676.00
1675.00
1675.62
1676.75
1677.76
1682.40
1693.67
1694.20
1683.74
1682.61
1682.89
1683.06
1681.84
1700.75
1714.57
1715.39
1722.08
1729.00
1733.50
1737.06
1737.79
1738.53
1740.08
1586.00
1551.67
1736.67
1733.50
1734.82
1734.25
1731.33
1726.64
1729.00
1723.70
1721.00
1715.00
1709.79
1709.42
1706.78
1704.41
1700.44
1701.44
1704.00
1706.20
1707.93
1707.12
1714.10
1713.90
1710.00
1709.62
1709.42
1645.84
1695.36
1547.09
1670.46
1661.78
1566.00
1633.43
1626.69
1533.88
1622.33
1611.17
1609.21
1543.47
1531.04
1541.45
1530.79
1555.33
1519.49
1535.16
1483.86
1506.11
1509.00
1463.50
1436.98
1403.53
1415.67
1400.22
1378.33
1355.94
1338.24
1325.77
1299.91
1279.42
1279.60
1254.23
1241.44
1221.62
1215.26
1209.56
1205.85
1202.77
1203.54
1205.40
1210.42
1212.86
1146.62
1257.60
1252.59
1196.41
1238.15
1241.47
1224.36
1270.24
1252.59
1283.63
1297.60
1305.91
1330.87
1348.33
1358.05
1390.54
1407.45
1424.51
1440.84
1454.24
1470.09
1472.83
1489.85
1492.96
1496.33
1507.47
1515.00
1519.50
1522.83
1523.58
1518.53
1516.69
1515.47
1490.84
1499.04
1468.74
1466.56
1413.41
1411.96
1405.49
1359.33
1345.82
1319.52
1283.00
1271.14
1233.25
1214.06
1193.10
1176.00
1153.41
1128.52
1112.97
1098.75
1075.64
1061.81
1026.10
995.75
972.86
940.56
921.39
903.62
877.39
845.35
826.10
801.71
812.72
770.86
755.99
738.46
707.83
683.38
668.24
635.61
624.68
627.06
591.76
580.81
564.54
547.40
534.88
519.63
506.48
499.12
492.88
483.50
470.95
454.91
448.00
441.81
429.18
415.47
407.03
401.39
392.44
391.95
390.83
388.89
386.93
477.73
384.85
386.00
389.33
377.00
376.71
366.44
361.23
356.32
354.44
429.65
484.70
343.00
343.00
334.84
331.62
326.46
328.60
318.75
309.18
309.22
300.88
299.61
296.50
295.00
298.56
296.81
299.07
306.40
329.62
340.26
 nan
348.65
350.87
356.05
357.20
354.33
354.70
358.77
355.23
366.40
376.21
383.79
396.31
406.13
415.70
417.96
431.44
423.97
431.05
430.48
427.15
432.93
459.84
463.53
443.33
451.35
452.69
448.50
445.40
443.56
437.50
437.70
431.81
426.55
426.64
426.61
423.72
410.26
402.81
393.55
402.30
384.53
351.89
350.45
331.76
325.77
317.80
312.78
310.30
304.19
300.14
291.84
281.79
271.70
267.37
263.61
241.68
240.52
229.47
229.50
230.79
227.56
229.08
221.20
222.96
216.50
213.79
211.67
209.00
207.86
204.50
204.00
203.00
202.77
201.30
203.38
205.50
206.57
207.71
209.89
215.31
217.22
216.38
222.36
236.63
254.61
266.44
273.38
279.79
272.36
274.59
289.33
285.59
305.52
308.76
315.18
320.71
326.96
337.95
344.26
356.71
361.80
367.17
371.22
374.45
377.96
376.33
374.85
370.91
366.67
365.95
352.31
351.50
351.19
342.26
329.74
316.00
304.13
305.80
297.43
290.04
278.86
268.13
265.68
264.81
254.29
251.88
239.30
231.19
220.81
222.97
217.70
204.60
201.62
199.22
197.67
196.31
196.00
194.11
187.39
179.04
175.33
174.83
175.83
173.79
331.90
173.78
176.22
177.17
184.60
191.57
196.80
196.70
216.45
220.70
224.89
225.43
231.10
231.11
233.92
233.56
231.63
226.50
230.59
229.86
221.50
233.00
237.35
245.33
246.50
250.14
253.30
252.40
252.50
255.00
258.73
260.46
263.09
267.80
274.00
277.47
277.54
281.19
285.75
286.50
290.80
292.76
303.84
332.32
353.00
355.23
355.86
359.38
359.88
366.69
366.71
368.76
365.40
365.39
362.82
362.88
349.67
334.82
325.69
312.39
296.50
294.06
283.86
271.22
260.78
247.73
248.64
230.18
225.04
215.33
219.20
214.29
208.67
207.90
206.00
205.31
205.20
204.67
200.44
195.14
202.12
202.10
202.68
200.73
209.14
215.92
235.80
240.06
247.33
253.00
255.30
258.54
266.00
259.00
259.80
256.19
256.73
254.86
260.00
256.67
255.25
261.86
293.40
309.00
315.77
330.16
342.92
349.81
353.08
336.71
347.51
346.10
339.19
342.13
343.31
347.03
363.11
385.24
393.40
380.00
403.64
405.60
365.11
401.85
388.06
380.21
378.73
377.15
376.05
375.09
375.74
377.00
381.20
380.86
381.50
383.17
383.50
385.57
381.90
382.50
377.44
380.33
372.64
379.40
344.32
338.74
334.14
327.37
320.71
288.76
279.80
255.87
238.32
228.21
224.00
218.73
213.12
206.62
205.00
210.45
210.41
212.71
213.70
221.20
247.50
245.50
246.00
253.00
247.71
247.00
245.22
247.40
243.20
240.80
237.50
241.43
239.60
240.33
241.70
239.88
241.00
237.50
238.33
237.89
236.88
234.00
234.31
231.00
228.15
222.00
221.83
220.00
221.00
218.60
223.50
229.28
237.07
237.52
239.58
249.60
251.80
252.50
255.20
256.38
256.57
260.00
270.19
270.17
275.96
272.00
280.75
314.93
329.71
342.04
356.52
365.88
378.85
389.33
397.44
400.38
400.73
400.25
396.70
390.29
387.48
384.54
376.42
366.45
357.73
354.52
347.35
338.20
328.44
320.61
326.92
299.42
286.29
261.25
257.91
249.83
227.22
199.50
195.50
195.20
196.71
192.67
192.00
190.20
185.00
179.82
179.77
180.06
179.55
178.69
182.00
188.91
194.38
194.57
195.50
195.50
196.29
194.50
195.00
194.56
201.50
203.62
210.13
215.25
214.80
222.17
224.50
226.00
225.86
229.33
238.27
245.53
247.00
261.55
275.10
293.30
302.60
316.95
326.65
331.32
333.67
347.95
355.40
369.26
381.44
389.34
402.90
428.87
444.85
459.10
480.49
488.59
518.32
535.95
545.21
569.51
594.32
615.38
649.01
672.78
699.48
729.44
760.17
779.60
809.86
844.35
883.46
928.01
955.63
989.43
1021.79
1034.81
1069.11
1103.88
1126.47
1158.55
1178.83
1217.87
1247.05
1305.81
1317.79
1312.63
1322.76
1326.72
1328.73
1330.38
1327.61
1323.30
1316.96
1317.23
1304.25
1266.20
1244.03
1221.95
1188.65
1171.57
1137.33
1111.01
1075.59
1046.78
1019.44
985.24
974.36
931.99
917.84
902.98
887.50
870.16
767.17
757.36
767.66
779.23
792.00
789.42
792.40
782.04
781.32
780.05
790.10
779.62
788.00
794.14
816.60
757.68
747.88
772.86
751.40
704.07
701.69
688.20
674.46
662.02
641.04
632.17
608.98
575.25
588.18
583.26
572.86
555.00
553.00
553.00
558.22
570.43
611.13
574.90
579.32
599.55
633.26
643.32
652.35
647.62
655.95
661.17
661.12
664.73
 nan
651.56
647.81
650.15
638.29
617.45
606.54
583.41
563.76
529.44
505.36
492.86
466.37
438.31
421.74
403.90
390.73
369.98
341.57
349.51
343.00
330.45
326.00
336.00
342.56
344.77
343.29
343.90
353.27
429.13
451.98
468.41
494.52
539.86
561.21
589.75
622.66
651.38
668.39
718.47
744.02
766.52
786.50
824.28
870.56
886.42
894.54
905.72
916.20
932.31
935.20
939.69
941.25
1038.67
941.09
936.94
919.21
912.80
904.18
941.96
886.02
844.10
844.33
841.49
824.65
827.25
 nan
775.56
765.08
738.53
735.24
748.00
707.04
700.56
716.21
705.20
674.86
691.56
684.82
670.00
660.13
644.00
640.14
616.84
632.41
667.35
592.77
601.39
596.21
572.39
557.33
548.59
542.47
524.41
517.30
501.91
489.79
484.15
472.25
468.60
468.83
461.60
472.52
470.89
454.69
475.15
479.80
488.00
524.89
914.26
851.43
594.73
604.10
627.39
652.90
680.50
711.33
734.97
741.57
785.45
791.43
802.36
830.76
860.39
853.33
866.40
872.33
878.80
885.67
900.39
907.62
910.50
911.10
906.00
907.62
907.80
902.17
895.78
895.24
885.24
878.17
863.17
850.59
831.78
797.91
788.25
756.57
740.68
691.37
668.75
656.85
609.03
583.27
577.91
548.03
488.77
462.01
445.01
419.99
393.47
374.03
353.72
328.16
284.17
284.60
282.33
278.65
273.00
275.29
272.00
273.57
397.00
272.17
272.33
272.50
270.18
274.50
271.92
276.45
284.00
288.67
288.00
294.85
299.33
300.67
301.44
304.18
304.14
306.75
306.78
358.22
303.11
317.21
364.75
356.53
337.00
340.12
341.67
349.88
356.30
357.46
360.87
428.83
450.05
391.61
584.50
 nan
419.47
525.16
525.85
461.71
681.79
563.15
526.87
541.40
552.87
600.86
600.37
607.20
620.75
642.60
667.68
671.71
676.62
688.50
687.59
687.11
686.58
685.73
687.21
692.62
692.27
696.33
694.93
803.60
754.08
744.49
779.48
792.65
814.17
842.82
857.67
881.93
867.20
902.21
920.98
953.51
979.47
994.39
1011.39
1017.54
1029.70
1062.20
1073.60
1080.45
1081.50
1087.75
1085.56
1088.20
1081.40
1071.74
1058.57
1035.46
1018.17
1004.63
1003.20
960.27
949.38
925.19
900.25
888.68
870.00
852.52
844.79
830.93
825.27
771.69
722.88
820.67
824.30
828.36
832.08
837.20
848.04
840.54
849.56
909.71
914.39
970.41
991.44
1017.66
1030.03
1030.36
1089.58
1104.24
1138.45
1145.86
1195.60
1243.67
1272.37
1294.42
1323.35
1334.95
1345.03
1351.00
1389.87
1432.33
1451.24
1469.55
1484.76
1503.71
1517.00
1532.46
1544.74
1556.48
1570.89
1580.37
1594.75
1608.31
1622.89
1630.80
1634.73
1641.75
1642.62
1642.82
1647.14
1651.46
1649.89
1656.95
1663.07
1670.21
1673.58
1670.17
1668.28
1664.00
1664.14
1661.44
1657.55
1641.53
1619.28
1604.53
1599.29
1592.33
1569.09
1545.70
1500.56
1506.81
1468.44
1449.65
1402.16
1384.14
1355.47
1320.79
1292.43
1262.89
1231.21
1200.11
1156.39
1140.56
1096.03
1048.55
1051.50
1048.30
1046.39
1039.25
1038.08
1039.17
1038.00
1048.57
1052.16
1052.44
1054.64
1063.85
1086.53
1073.60
1085.28
1106.88
1119.95
1133.92
1147.93
1165.03
1177.17
1171.53
1204.47
1217.04
1240.42
1264.00
1237.75
1246.50
1254.88
1262.20
1239.85
1277.00
1304.02
1321.12
1329.83
1336.64
1345.22
1381.06
1405.77
1424.44
1437.36
1454.19
1476.53
1484.54
1478.76
1511.83
1507.13
1476.98
1546.21
1614.11
1570.09
1597.89
1606.09
1619.95
1643.71
1645.70
1566.57
1646.06
1652.29
1653.83
1655.14
1657.40
1655.50
1657.20
1655.67
1653.38
1661.20
1662.10
1661.86
1661.53
1653.64
1655.60
1655.65
1650.79
1649.90
1645.67
1643.12
1640.17
1637.83
1635.00
1637.33
1619.90
1625.50
1591.44
1559.72
1556.83
1532.86
1494.76
1492.19
1460.85
1449.65
1399.25
1361.56
1379.46
1366.21
 nan
1322.43
1296.59
1285.96
1243.67
1234.51
1220.52
1157.31
1124.27
1074.30
1068.80
1064.18
1017.54
985.09
947.37
941.73
891.90
858.99
839.97
815.98
791.91
755.26
746.97
707.58
672.22
643.07
631.90
611.92
603.00
584.11
553.53
606.27
539.43
516.69
544.63
508.79
495.09
467.04
460.93
438.29
405.43
415.32
412.39
394.00
401.07
395.50
394.07
394.85
393.92
394.87
398.00
377.76
368.68
377.75
360.40
351.00
351.25
348.80
351.00
354.62
358.42
359.54
361.82
362.22
376.87
383.56
407.64
424.44
436.78
449.45
466.57
515.40
514.68
522.31
547.01
572.50
569.49
603.57
624.50
633.33
 nan
627.27
634.53
635.80
634.50
634.57
634.00
637.50
627.83
629.15
624.22
625.08
622.71
618.80
613.79
612.88
611.82
614.00
606.80
606.50
597.75
605.00
603.57
605.80
602.36
603.50
607.17
603.43
616.50
589.78
595.75
600.04
592.79
587.22
584.10
592.75
598.10
600.08
602.79
602.18
601.53
600.60
599.32
593.59
589.65
588.95
588.41
575.48
577.50
560.35
543.87
520.43
509.33
497.51
480.92
470.52
457.05
448.23
433.69
430.18
429.91
435.25
445.71
449.00
459.70
472.55
491.55
507.12
518.91
528.53
532.34
550.20
560.00
576.60
571.33
574.19
576.73
575.82
570.06
562.83
560.46
559.42
548.48
529.20
521.63
517.91
534.89
507.37
433.99
428.55
404.79
387.41
370.79
353.98
339.02
320.76
315.35
303.71
292.03
284.52
282.50
279.50
279.54
283.50
285.62
287.44
292.06
300.88
304.46
307.35
311.00
314.67
318.12
319.70
307.33
326.73
341.00
360.84
368.16
387.41
407.43
427.20
442.47
465.00
490.11
516.18
552.26
564.53
576.12
599.70
612.86
628.90
687.86
720.30
779.75
798.24
824.01
841.80
870.88
907.62
927.32
956.57
973.71
997.74
1012.92
1024.45
1059.22
1083.92
1088.71
1101.83
1104.44
1110.20
1113.60
1112.00
1106.00
1103.35
1107.73
1104.92
1074.71
1040.58
1014.21
929.76
924.81
898.64
882.34
867.76
833.48
816.69
788.81
787.32
759.88
756.69
749.38
749.50
747.14
743.93
743.62
743.06
748.53
751.74
763.96
784.36
802.50
824.34
835.90
856.32
865.85
880.21
916.22
919.70
952.52
973.37
1003.50
1020.93
1041.34
1067.68
1097.58
1143.06
1156.59
1163.39
1171.86
1215.34
1239.49
1243.87
1282.58
1312.86
1339.23
1386.75
1372.83
1407.81
1426.09
1455.25
1467.06
1477.84
1486.71
1477.64
1511.95
1517.62
1535.96
1546.58
1556.29
1552.88
1556.00
1556.86
1554.40
1554.00
1551.76
1543.75
1538.89
1538.29
1532.55
1533.00
1532.50
1532.25
1512.12
1458.69
1436.00
1410.43
1388.96
1381.15
1345.22
1305.98
1280.63
1265.35
1237.53
1228.43
1177.41
1161.96
1120.64
1116.38
1100.26
1060.00
1040.53
1032.07
1030.16
 nan
985.83
957.19
933.03
984.28
948.76
908.45
911.42
912.70
906.32
889.24
900.51
859.99
825.13
826.49
821.76
779.82
784.63
736.51
696.78
704.41
679.06
680.50
653.59
587.40
617.33
550.38
568.55
541.55
521.21
524.92
591.89
526.69
524.36
523.50
525.09
528.11
529.67
530.17
529.56
536.33
617.07
539.29
540.84
541.11
547.14
544.50
559.83
630.36
586.31
600.81
602.31
612.30
632.72
640.00
634.76
665.49
678.37
704.03
731.14
730.09
733.00
 nan
738.92
739.75
740.91
740.27
738.00
734.94
730.71
729.14
726.40
727.29
821.18
733.00
732.25
733.29
732.88
762.34
789.06
863.00
861.50
860.00
870.20
872.11
881.31
891.32
901.54
905.62
932.00
942.24
953.95
955.50
960.25
1048.11
963.85
959.61
951.96
936.71
913.54
891.51
877.67
862.22
831.27
822.88
792.81
722.18
699.14
647.64
579.01
536.53
556.22
543.61
540.92
536.12
539.65
562.75
524.87
518.83
517.95
519.11
523.92
528.12
536.14
544.29
550.48
561.64
593.00
596.50
606.48
619.58
628.38
631.40
625.60
 nan
635.46
638.00
633.30
630.72
625.53
622.35
619.60
620.25
603.39
573.95
527.56
505.92
500.98
472.08
456.58
435.10
413.60
407.49
392.65
355.70
357.04
353.35
352.29
352.05
350.83
352.73
351.06
348.94
348.78
347.81
349.05
348.50
337.00
348.00
349.36
349.33
351.38
354.50
357.44
368.44
360.58
370.58
381.00
388.92
390.83
394.81
396.04
405.63
411.40
412.25
413.78
423.00
502.71
424.75
423.78
426.73
483.33
515.62
527.17
538.42
566.98
601.72
633.19
654.07
678.99
707.23
765.87
795.56
785.23
795.94
825.47
861.11
880.65
888.96
905.20
953.36
973.06
988.06
1023.39
1045.12
1066.81
1089.61
1108.97
1116.32
1136.62
1148.80
1165.25
1168.23
1176.92
1200.78
1231.87
1217.88
1221.62
1258.59
1281.73
1299.72
1275.80
1273.08
1265.61
1262.94
1271.88
1257.57
1227.53
1188.37
1177.60
1139.55
1112.44
1099.55
1078.68
1051.34
1007.68
960.55
937.14
908.29
884.44
858.00
767.28
717.40
713.42
697.90
688.28
666.24
664.40
647.33
618.94
608.50
602.75
597.70
593.12
738.88
724.33
601.25
605.90
607.64
610.09
610.93
613.00
613.06
613.88
617.83
623.22
620.00
618.00
617.30
613.13
609.38
574.71
693.83
545.41
544.53
523.00
495.91
479.64
470.52
443.10
423.90
408.53
401.33
360.36
360.15
341.52
323.93
312.20
310.07
296.62
301.83
297.28
299.30
307.39
310.94
312.47
322.11
326.75
327.89
332.12
337.12
333.19
338.64
335.00
378.34
376.15
395.22
418.06
432.03
446.93
463.61
480.15
504.04
521.56
528.73
545.14
566.57
649.40
668.52
665.74
699.28
711.07
710.75
717.23
729.66
715.59
786.14
798.84
 nan
 nan
803.09
815.02
 nan
793.67
786.11
775.85
771.63
786.02
747.20
710.68
672.98
653.60
654.86
646.25
630.72
594.32
576.81
551.76
521.34
488.75
466.14
431.67
400.99
386.39
353.46
344.54
332.28
312.92
305.60
300.18
286.65
278.35
261.25
264.08
255.92
247.76
243.78
238.75
235.50
234.33
 nan
 nan
229.33
227.25
231.00
236.67
242.83
317.60
244.95
246.75
251.08
497.67
388.91
359.86
248.00
255.67
257.00
312.95
324.14
 nan
340.59
356.85
369.08
390.76
442.79
 nan
467.75
476.38
530.70
576.85
541.03
931.33
564.41
590.55
614.78
627.18
676.80
672.60
701.24
732.40
750.85
756.56
786.48
784.10
795.59
809.04
872.69
869.91
833.48
836.08
843.44
852.64
866.40
871.29
881.90
896.55
905.13
914.32
954.98
943.14
953.39
962.74
982.62
1028.73
1030.00
1151.00
1140.54
1145.69
1162.26
1170.39
1182.55
1193.04
1228.17
1298.62
1297.22
1291.50
1300.09
1310.68
1318.00
1339.32
1316.46
1312.25
1321.93
1304.95
1245.62
1146.50
1149.33
1143.46
1123.89
1103.88
1088.07
1075.00
1008.42
984.29
929.15
919.79
901.22
876.67
925.52
839.11
831.14
825.92
820.11
815.62
843.90
858.86
785.61
782.33
778.09
773.69
770.07
759.50
753.39
759.72
737.12
732.66
700.39
648.33
681.70
642.46
663.98
609.45
557.75
574.55
574.23
571.11
564.58
561.00
560.00
554.50
561.33
562.40
491.57
564.86
565.75
568.50
573.91
575.78
575.25
596.25
610.69
621.46
623.15
630.23
634.05
645.48
650.09
660.47
674.58
715.01
728.94
752.31
778.38
791.46
814.75
863.15
866.45
904.96
922.48
964.16
975.67
992.75
1010.32
1038.49
1067.33
1096.45
1128.77
1163.46
1180.90
1217.88
1242.88
1237.55
1279.06
1312.81
1338.84
 nan
1381.71
1405.51
1413.29
 nan
1475.85
1737.00
1501.09
1522.54
1535.35
1579.54
1578.57
1586.19
1603.30
1608.17
1611.80
1617.12
1622.00
1628.25
1629.53
1553.25
1632.58
1639.57
1526.27
1629.17
 nan
1629.86
1630.83
1631.27
1633.09
 nan
1630.64
1624.89
1625.60
1619.25
1619.12
1614.86
1616.07
1615.07
1617.00
1547.29
1528.28
1517.04
1528.85
1511.89
1469.52
1424.55
1408.26
1398.67
1363.35
1335.68
1301.75
1278.78
1246.19
1229.66
1196.12
1163.51
1155.58
1112.74
1102.45
1056.27
1047.47
1026.82
1027.27
1011.30
970.00
982.42
994.71
984.83
951.53
920.42
898.85
886.48
 nan
853.52
801.04
796.54
771.74
764.61
740.41
719.90
683.08
674.11
649.63
628.80
602.68
584.09
583.15
540.46
523.32
512.52
506.12
480.31
444.98
 nan
433.82
431.77
408.56
464.47
396.05
396.59
390.60
377.56
396.02
391.00
362.86
354.64
353.19
353.87
354.90
357.71
360.00
468.77
361.77
368.05
372.32
428.00
425.63
433.27
473.41
435.23
440.67
468.63
474.14
490.09
476.93
526.52
497.12
520.21
529.44
531.89
509.70
524.23
545.56
553.89
557.04
579.32
559.90
584.55
587.00
580.54
575.41
567.31
568.00
566.00
551.00
505.58
501.30
490.97
485.52
500.62
461.83
386.50
442.45
421.97
419.40
419.61
413.19
391.32
437.50
352.88
361.67
353.85
355.67
344.38
340.88
329.00
337.71
339.95
339.56
341.18
340.12
339.39
338.61
338.53
330.00
341.11
327.32
344.21
353.12
357.41
356.82
 nan
383.44
381.67
402.00
398.33
403.35
410.50
416.25
421.08
424.55
420.86
422.78
427.89
434.08
434.88
435.79
436.40
440.78
445.18
447.85
450.55
 nan
455.00
453.43
449.50
448.57
442.17
437.33
439.62
434.50
405.62
390.65
376.72
366.06
354.58
331.64
322.09
316.78
317.95
317.00
312.08
318.50
312.29
308.78
 nan
313.57
315.88
324.71
324.24
334.32
336.17
337.88
337.00
339.85
338.95
348.04
340.67
353.22
356.05
355.00
353.65
349.35
347.25
347.33
346.50
349.80
352.00
356.91
358.41
361.60
375.00
381.42
402.12
409.58
413.34
409.84
412.17
411.56
410.29
408.65
410.45
408.47
410.67
416.47
418.96
421.50
413.21
416.51
413.52
409.67
409.35
402.64
401.27
396.76
390.40
375.36
368.16
358.96
346.12
340.33
336.58
329.33
306.21
287.62
285.00
295.60
277.67
266.60
266.19
263.71
260.67
259.29
259.25
260.40
259.12
260.50
262.62
268.50
273.38
277.57
279.56
303.27
304.14
312.13
315.04
311.00
332.74
343.17
344.54
356.75
364.44
367.85
377.08
386.74
390.71
391.11
396.25
403.24
410.29
415.27
423.47
432.33
446.67
454.31
456.03
459.11
467.08
470.94
474.14
475.89
484.58
498.45
512.11
529.00
530.96
545.43
570.72
587.35
602.29
609.56
629.37
670.02
656.32
673.66
693.76
720.82
732.58
726.41
732.13
759.87
798.02
817.90
811.22
814.70
825.00
832.35
832.44
836.05
837.50
838.67
831.38
820.11
827.20
823.90
818.19
814.13
815.50
815.35
815.18
815.88
811.58
810.13
806.43
803.33
797.67
790.44
773.91
770.38
767.06
760.40
749.35
745.84
742.38
736.38
728.65
720.22
714.79
712.00
701.46
698.72
695.05
693.50
689.75
688.69
684.33
687.79
689.00
681.17
681.82
684.50
686.43
693.25
702.63
698.67
695.89
718.56
742.60
766.48
779.26
789.66
795.15
820.04
838.58
850.85
895.37
933.62
923.64
917.64
943.93
978.18
995.79
1019.85
1047.25
1066.42
1091.66
1118.11
1144.11
1166.10
1189.44
1232.83
1295.00
1286.67
1308.76
1329.91
1341.56
1369.33
1400.56
1437.38
1421.88
1471.33
1513.38
1503.34
1531.95
1527.71
1577.95
1590.80
1607.58
1642.60
1643.22
1646.14
1648.73
1658.62
1661.21
1660.05
1660.91
1659.27
1652.75
1660.00
1654.50
1659.50
1661.43
1664.17
1663.00
1668.50
1669.00
1664.11
1662.00
1660.46
1661.67
1659.00
1657.57
1628.31
1602.10
1577.98
1568.73
1556.88
1542.01
1514.16
1495.23
1445.52
1428.91
1401.40
1378.22
1359.21
1342.69
1306.14
1293.87
1266.23
1237.49
1244.39
1233.20
1214.12
1173.78
1190.48
1182.86
1174.44
1172.81
1176.56
1181.47
1195.90
1212.39
1201.56
1209.09
1249.74
1262.28
1280.58
1288.73
1296.04
1304.21
1315.63
1314.03
1330.75
1331.16
1337.00
1385.35
1398.58
1418.74
1454.84
1440.59
1483.57
1497.90
1509.47
1521.79
1490.95
1541.36
1506.64
1556.03
1568.27
1574.19
1579.48
1591.47
1597.53
1606.83
1611.21
1622.38
1638.25
1639.85
1649.66
1662.69
1671.66
1684.07
1683.82
1687.65
1692.00
1694.00
1693.11
1692.11
1692.40
1692.44
1693.60
1693.62
1697.43
1701.14
1701.00
1701.00
1699.75
1697.06
1693.93
1691.00
1580.47
1689.09
1686.91
1691.00
1686.80
989.63
984.01
1682.20
1680.86
1673.65
1668.11
1668.77
1664.87
1659.92
1659.50
1660.40
1661.00
1661.75
1659.17
1655.58
1655.08
1651.33
1643.53
1638.71
1608.60
1603.16
1592.36
1574.84
1562.36
1543.32
1537.66
1483.92
1515.84
1493.15
1464.40
1450.45
1425.54
1401.49
1357.61
1339.86
1319.12
1303.83
1284.23
1243.25
1212.62
1206.60
1191.28
1167.10
1123.96
1116.09
1113.00
1100.27
1084.32
1075.16
1064.30
1054.16
1043.81
1030.06
1029.05
1018.12
1006.14
989.57
987.20
985.64
982.89
980.44
974.93
966.04
955.17
939.13
934.44
927.07
919.91
876.58
842.48
800.50
805.66
794.43
789.43
772.85
752.85
750.87
731.75
721.26
693.59
681.18
640.05
627.72
599.59
598.38
596.89
588.70
587.15
587.42
588.45
681.46
597.12
598.50
599.00
605.53
607.43
626.90
646.59
659.98
674.87
692.30
711.00
732.60
756.00
750.36
771.82
792.12
791.97
810.31
832.22
834.50
886.28
921.57
938.66
965.56
994.03
1017.42
1047.81
1090.65
1090.53
1126.09
1139.47
1148.66
1110.08
1112.64
1162.83
1070.00
1157.04
1163.33
1159.54
1103.42
1067.27
1055.69
1034.48
966.08
949.43
923.71
894.69
863.54
798.04
778.97
779.81
757.34
734.19
655.88
674.46
661.97
627.81
620.30
598.56
603.94
589.72
597.78
599.43
600.26
601.63
601.43
606.83
605.11
615.56
645.70
588.33
681.08
671.45
717.89
751.69
755.12
772.55
791.09
845.79
851.19
869.35
893.48
914.00
953.04
976.52
981.84
996.32
991.67
1032.11
1114.74
1108.94
1132.00
 nan
1174.86
1203.34
1210.29
1219.43
1257.80
1267.42
1125.58
1219.36
1250.44
1215.30
1203.03
1193.74
1153.68
1156.94
1117.74
1094.60
1073.59
1072.93
1026.52
945.80
949.20
925.36
902.93
874.93
849.10
836.45
790.22
788.67
792.43
790.50
741.41
785.17
784.15
785.00
725.33
786.00
837.82
868.67
889.12
893.61
901.38
926.88
1153.00
1050.08
1044.84
1059.95
1073.97
1084.77
1103.36
1135.11
1152.67
1164.03
1165.33
1176.29
1240.10
1257.50
1261.96
1266.59
1272.64
1270.92
1270.00
1258.92
1254.27
1241.57
1220.32
1195.14
1176.10
1148.06
1123.54
1088.51
1086.11
1056.23
1027.35
965.75
919.31
885.10
891.60
846.89
841.25
850.56
843.67
839.56
838.91
839.67
834.00
839.88
842.33
843.00
845.71
844.90
846.00
905.21
925.48
954.88
982.87
1034.17
1034.22
1045.67
1071.08
1088.77
1114.17
1157.84
1176.92
1193.69
1207.22
1222.71
1271.98
1313.04
1342.12
1357.67
1396.61
1394.88
1412.25
1407.33
1409.10
1420.91
1412.75
1411.52
1413.08
1413.05
1394.71
1337.16
1292.26
1251.24
1241.40
1223.21
1163.16
1104.91
1101.96
1035.27
999.46
956.88
941.00
930.44
927.00
837.95
802.96
806.97
771.48
752.69
735.28
722.60
721.75
707.90
701.00
696.94
695.33
697.15
696.65
703.69
713.11
716.95
721.92
730.72
741.10
743.00
745.94
759.72
809.66
819.74
846.17
860.00
862.17
865.50
862.50
862.67
864.00
865.62
870.67
871.50
872.38
872.00
870.40
869.46
868.69
868.05
868.05
865.81
859.50
861.00
861.25
861.86
860.62
858.00
858.80
861.38
867.40
862.00
863.67
866.29
869.33
885.29
890.89
887.38
893.00
907.00
916.41
929.06
940.86
953.19
966.83
983.23
1033.21
1037.40
1062.40
1083.73
1117.66
1130.83
1151.84
1172.27
1181.31
1193.85
1202.75
 nan
1275.15
1318.80
1358.46
1361.08
1362.79
1376.80
1413.92
1434.93
1459.85
1478.08
1489.56
1508.33
1522.36
1551.23
1556.59
1572.08
1579.81
1601.34
1610.28
1629.51
1621.82
1581.78
1580.32
1580.65
1587.58
1572.40
1654.92
1657.22
1655.86
1653.21
1649.56
1647.00
1650.42
1639.73
1641.50
1637.62
1638.00
1637.43
1636.44
1504.83
1637.93
1639.00
1638.93
1637.79
1637.23
1634.59
1633.45
1625.00
1621.00
1614.61
1597.46
1576.48
1574.86
1528.72
1490.72
1476.48
1469.51
1495.41
1471.20
1433.11
1401.10
1382.20
1352.32
1344.74
1314.16
1279.15
1258.59
1236.33
1165.41
1133.40
1106.92
1096.83
1066.66
1014.94
967.30
946.96
930.93
914.51
889.84
822.09
802.17
800.42
792.06
778.24
752.28
735.77
729.48
719.50
716.42
716.70
716.50
717.00
721.50
722.36
723.07
723.33
730.78
738.10
749.88
763.31
905.44
 nan
764.55
772.11
773.62
775.25
775.12
773.50
773.00
771.08
778.00
771.64
769.53
767.92
769.89
769.08
753.47
731.06
722.14
705.30
694.27
691.20
673.59
625.49
589.41
582.84
556.32
527.67
501.87
483.91
454.47
461.36
445.88
434.94
421.66
410.64
402.03
391.95
386.51
382.68
373.50
371.06
369.50
355.83
355.94
377.83
404.13
416.77
435.71
456.91
470.81
 nan
498.65
510.37
529.20
526.77
540.09
524.33
582.21
617.23
629.71
612.95
637.40
643.57
655.30
657.61
663.23
624.25
629.48
653.48
650.48
649.84
615.05
624.75
588.57
582.77
588.65
560.63
611.78
643.27
563.62
549.89
546.25
516.86
511.47
534.31
495.93
529.13
532.55
534.86
534.82
538.20
556.38
577.29
590.70
594.23
601.24
608.72
620.32
633.86
659.84
671.61
709.19
733.60
753.21
770.54
786.72
809.38
829.57
850.29
864.68
878.11
884.78
900.29
918.56
943.24
959.60
963.38
972.89
986.31
1008.22
1021.35
1021.21
1026.29
1028.00
1039.00
1049.15
1010.94
1063.43
1071.56
1042.70
1085.18
1093.04
1097.96
1116.41
1128.21
1140.06
1147.35
1162.07
1133.55
1172.00
1185.87
1201.14
1215.50
1240.00
1233.43
1235.82
1239.77
1247.93
1251.93
1158.07
1235.04
1222.38
1197.84
1192.28
1167.14
1141.51
1105.67
1087.50
1084.69
1063.74
1029.16
1013.76
990.11
979.38
932.97
931.14
948.17
907.05
909.25
893.15
886.27
882.43
884.40
838.61
834.36
815.52
811.79
811.33
779.04
795.64
786.24
774.42
773.67
771.30
757.87
744.82
716.17
689.67
713.05
671.64
645.40
623.65
606.00
617.38
617.06
614.53
609.88
609.86
605.36
597.00
607.33
605.16
608.70
610.30
605.46
615.33
660.87
647.35
656.30
658.00
667.50
675.85
676.32
686.33
693.35
705.50
711.58
714.12
695.67
737.00
745.57
757.00
751.50
750.30
751.50
750.33
748.57
745.94
738.31
733.54
723.45
709.50
708.62
708.00
704.00
703.00
683.42
675.05
663.17
659.28
649.42
632.50
613.30
615.94
585.26
550.42
530.60
512.46
486.15
451.85
439.65
420.04
407.98
388.27
358.68
368.68
365.20
361.26
359.38
359.92
361.20
367.29
371.57
368.81
386.54
389.62
395.78
388.68
411.57
420.26
420.24
467.53
505.79
500.87
494.63
527.22
546.99
553.99
582.72
619.88
611.54
627.27
629.66
676.73
683.40
647.62
646.46
695.31
696.70
663.33
653.93
 nan
703.20
704.33
706.33
708.50
710.20
708.00
705.00
704.00
704.00
703.71
705.17
641.10
711.10
711.31
717.06
715.70
729.79
738.34
749.09
752.74
756.83
736.31
771.67
775.83
773.96
783.32
784.40
811.19
819.08
824.74
835.09
848.03
853.62
871.05
887.77
898.80
914.40
929.21
944.35
957.29
958.25
948.00
951.00
941.38
930.62
919.40
895.70
878.00
847.90
811.03
806.04
793.38
786.76
755.74
667.20
651.41
621.53
603.12
579.54
561.34
517.71
513.26
509.22
498.89
494.00
490.25
491.29
490.93
492.38
492.08
497.45
499.15
499.00
500.89
546.49
564.60
586.04
593.62
611.01
631.84
653.13
669.62
700.46
705.27
712.32
726.82
740.42
748.16
757.14
759.00
762.22
760.00
755.18
746.15
742.02
732.49
713.61
698.61
685.36
665.36
611.47
603.61
593.59
605.38
567.37
564.41
558.94
546.44
515.59
530.83
528.71
498.67
511.45
530.86
535.00
573.88
604.63
587.66
601.52
628.71
643.16
661.86
689.59
745.37
788.62
789.30
809.05
813.06
829.12
871.55
901.15
912.92
956.10
984.39
1027.29
1044.35
1099.20
1124.63
1148.24
1165.00
1187.10
1203.76
1226.71
1235.86
1244.78
1293.19
1311.02
1342.84
1376.18
1402.41
1404.85
1419.48
1484.90
1484.00
1487.78
1499.65
1511.35
1519.28
1532.86
1542.48
1547.14
1561.71
1582.69
1594.93
1596.88
1607.77
1607.33
1611.64
1479.75
1607.60
1604.86
1596.55
1594.24
1589.39
1582.78
1579.48
1555.57
1553.22
1545.05
1541.00
1535.32
1518.57
1505.84
1495.65
1477.00
1481.00
1467.64
1369.16
1344.48
1313.69
1277.98
1220.44
1214.59
1211.03
1187.39
1168.77
1153.59
1148.00
1106.64
1129.40
1114.40
1038.33
1009.32
1002.27
994.00
968.33
962.75
942.87
930.92
931.58
935.35
933.11
925.07
924.20
928.82
947.28
933.69
946.87
958.97
967.96
976.78
990.89
1007.65
1016.52
1017.40
1044.15
1052.85
1060.57
1096.14
1105.26
1117.42
1121.34
1133.77
1160.18
1167.23
1185.80
1185.75
1198.11
1210.30
1220.88
1229.03
1238.56
1249.26
1262.48
1273.50
1277.38
1280.80
1310.28
1330.44
1356.78
1363.25
1371.33
1347.15
1423.27
1444.29
1453.52
1467.59
1481.97
1508.25
1526.00
1528.35
1531.78
1544.14
1558.00
1570.32
1586.53
1596.31
1604.08
1626.11
1632.56
1642.00
1646.17
1658.44
1660.00
1658.82
1659.27
1657.50
1651.94
1644.48
1644.12
1643.05
1640.47
1644.63
1645.38
1651.00
1651.11
1651.60
1648.52
1640.85
1637.10
1629.90
1615.00
1606.37
1595.86
1592.07
1588.41
1583.30
1581.55
1569.24
1550.76
1540.52
1543.58
1525.18
1481.93
1476.81
1457.37
1457.39
1442.74
1413.12
1370.85
1352.66
1327.92
1323.06
1302.21
1269.54
1264.57
1212.80
1234.25
1226.00
1206.79
1190.53
1184.36
1148.88
1141.36
1125.87
1102.13
1081.83
1077.20
1064.08
1058.52
1042.79
1026.15
1008.95
997.10
992.28
973.18
963.00
960.40
958.12
957.25
953.81
953.40
952.52
951.87
952.65
952.68
952.25
952.74
953.12
957.46
961.92
955.80
954.86
957.57
953.93
950.67
940.65
936.15
923.15
919.14
906.17
883.48
871.06
845.94
826.07
806.42
802.60
792.09
784.77
780.72
764.08
697.08
684.85
647.63
621.29
609.18
602.50
592.59
567.90
554.52
549.93
544.27
543.31
540.93
539.67
538.92
543.08
546.78
552.57
552.67
552.50
 nan
559.00
559.44
570.92
561.50
566.50
608.93
640.38
658.66
679.66
689.00
703.13
726.34
755.60
769.12
771.34
815.35
828.00
834.04
837.63
852.55
868.07
880.32
894.29
908.26
929.49
936.08
945.72
961.55
970.19
978.24
969.18
1002.05
1001.52
1030.62
1062.90
1068.09
1077.10
1070.16
1076.31
1077.41
1006.33
1071.39
1072.09
1066.14
1055.31
1043.54
1029.86
1024.31
1000.56
971.18
947.99
909.30
897.52
894.82
892.26
864.92
855.60
852.00
852.00
729.15
698.81
679.77
657.47
655.02
645.16
629.63
616.87
600.67
572.72
570.00
579.20
562.29
559.53
553.76
526.68
551.55
550.64
550.62
562.12
565.09
566.62
567.00
567.29
613.04
662.95
623.36
671.68
703.75
731.83
749.50
755.04
764.38
795.65
840.12
813.05
848.78
874.80
896.27
905.85
964.13
1011.31
1025.67
1045.09
1092.74
1115.78
1137.37
1168.53
1197.26
1211.73
1226.55
1266.32
1301.62
1306.63
1313.96
1331.72
1372.20
1377.93
1389.66
1410.04
1422.65
1417.50
1431.27
1353.82
1479.56
1438.44
1432.71
1437.57
1431.91
1431.25
1393.70
1348.32
1320.54
1321.18
1310.90
1249.82
1234.15
1225.44
1200.26
1199.45
1136.40
1098.88
1070.94
1052.38
1015.02
980.61
946.60
924.37
906.47
882.15
838.61
828.62
817.63
809.00
810.88
772.00
784.40
784.56
788.36
795.53
801.68
805.89
808.59
821.43
848.02
854.08
868.92
891.19
922.45
921.39
945.03
972.07
981.29
990.40
997.86
998.25
1018.22
1028.96
1030.23
1036.80
1043.52
1050.52
1056.81
1056.05
1066.69
1068.19
1063.62
1061.79
1053.12
1058.87
1051.78
1056.78
1057.15
1058.21
1060.46
1063.59
1068.71
1075.50
1080.80
1085.89
1090.21
1107.43
1116.22
1138.97
1146.04
1164.74
1169.13
1193.17
1205.20
1241.62
1255.61
1289.68
1295.99
1284.06
1341.70
1325.87
1345.18
1338.94
1348.09
1401.49
1407.56
1287.50
1429.60
1383.65
1441.69
1447.95
1452.50
1453.13
1457.80
1459.67
1462.58
1462.32
1467.43
1484.17
1511.46
1514.89
1520.38
1522.16
1530.22
1539.15
1550.34
1558.03
1568.18
1584.96
1592.00
1594.41
1598.00
1606.41
1610.58
1611.45
1621.83
1636.33
1652.58
1654.19
1661.57
1666.97
1663.63
1667.13
1664.58
1664.86
1659.57
1656.00
1656.53
1657.87
1658.91
1661.91
1665.17
1670.82
1670.50
1671.10
1671.90
1667.56
1663.30
1660.58
1657.10
1655.00
1635.73
1627.22
1617.16
1608.84
1604.05
1599.60
1595.67
1590.00
1578.58
1576.48
1572.76
1516.72
1507.32
1474.10
1547.45
1538.91
1538.00
1538.81
1539.43
1541.24
1542.58
1544.68
1552.26
1554.75
1574.76
1580.32
1582.42
1586.90
1592.88
1597.07
1598.64
1605.46
1607.07
1614.89
1621.21
1636.80
1634.25
1639.06
1639.77
1647.62
1649.00
1648.78
1649.90
1647.00
1650.40
1654.07
1663.33
1672.86
1674.65
1679.92
1682.00
1691.13
1692.50
1693.00
1686.61
1685.83
1684.60
1682.89
1681.44
1669.32
1664.14
1674.50
1667.26
1666.76
1667.00
1668.78
1672.55
1677.00
1674.93
1679.00
1679.33
1681.33
1682.80
1685.25
1683.60
1684.17
1684.19
1688.53
1688.88
1693.56
1696.69
1696.95
1697.37
1696.50
1697.45
1697.45
1700.29
1701.76
1704.40
1705.57
1703.86
 nan
1702.38
1703.73
1696.83
1692.67
1694.00
1703.00
1707.00
1707.33
1714.74
1721.50
1724.61
1724.27
1729.89
1733.86
1732.60
1729.69
1724.33
1721.22
1723.27
1716.91
1711.25
1715.00
1711.50
1713.00
1711.50
1710.89
1711.78
1708.40
1710.33
1714.75
1699.79
1696.00
1700.27
1698.43
1692.50
1692.50
1690.42
1689.67
1696.50
1687.22
1686.50
1678.00
1685.20
1682.62
1683.33
1680.40
1680.00
1677.33
1678.00
1679.00
1679.36
1682.43
1690.00
1685.67
1682.91
1674.00
1681.00
1679.79
1678.75
1679.33
1674.50
1673.00
1674.00
1571.54
1567.44
1578.57
1571.56
1574.39
1571.87
1567.95
1568.75
1568.67
1568.10
1568.85
1570.06
1574.08
1575.20
1576.00
1576.00
1580.79
1582.40
 nan
1582.77
1586.00
1611.94
1621.91
1619.17
1627.95
1638.95
1651.60
1660.80
1657.90
1662.58
1664.25
1666.88
1668.50
1670.00
1672.88
1674.10
1675.00
1676.29
1678.75
1685.33
1683.15
1684.80
1682.71
1681.28
1682.59
1684.89
1677.13
1676.23
1675.25
1675.60
1678.57
1679.60
1680.80
1681.80
1681.67
1675.47
 nan
 nan
1678.25
1678.16
1686.42
1692.45
1695.62
1698.64
1702.25
1706.50
1704.57
1700.00
1704.88
1705.00
 nan
1705.40
1705.80
1705.80
1708.67
1706.83
1706.70
1705.00
1702.75
1698.09
1695.77
1688.50
1683.17
1654.09
1652.59
1636.46
1610.73
1592.67
1580.80
1568.26
1534.64
1507.01
1494.93
1485.22
1454.73
1417.00
1410.92
1394.76
1382.30
1369.57
1350.04
1321.87
1272.09
1267.45
1256.03
1236.79
1230.08
1215.97
1244.60
1216.12
1220.33
1227.53
1235.94
1242.30
1268.36
1265.92
1273.46
1280.46
1287.70
1294.48
1301.35
1313.73
1330.14
1339.22
1345.60
1351.31
1361.36
1369.65
1385.79
1391.62
1416.62
1429.21
1435.29
1450.92
1464.71
1474.18
1486.62
1499.60
1513.25
1517.26
1517.73
1523.15
1399.92
1337.50
1519.65
1518.30
1514.15
1509.46
1476.96
1447.45
1410.22
1387.55
1380.62
1384.43
1365.98
