 63.00  6377.9857  46.55   7.98    100
 1951 04 15 07 30 00
 15/04/1951, 07:30:00, RES=0.2500  APOD FN = TRI
 2884.946 2904.725 0.0500740960     395
  0.72482
  0.77135
  0.82442
  0.87273
  0.88126
  0.86339
  0.87804
  0.85823
  0.85674
  0.84513
  0.78850
  0.76030
  0.78536
  0.83971
  0.85466
  0.85360
  0.85302
  0.84639
  0.82424
  0.74163
  0.58130
  0.48508
  0.57815
  0.72888
  0.81025
  0.85310
  0.86734
  0.88249
  0.89592
  0.90531
  0.89786
  0.86767
  0.85659
  0.84851
  0.83872
  0.74778
  0.64192
  0.59487
  0.48319
  0.35641
  0.36455
  0.55594
  0.67570
  0.70651
  0.69049
  0.63366
  0.65082
  0.73304
  0.79433
  0.75943
  0.63246
  0.51975
  0.46803
  0.29992
  0.20012
  0.26713
  0.45376
  0.62049
  0.68438
  0.70275
  0.67020
  0.61359
  0.52106
  0.30844
  0.20865
  0.32005
  0.52067
  0.69899
  0.78285
  0.85596
  0.85920
  0.88059
  0.88151
  0.90871
  0.89499
  0.88406
  0.83436
  0.80924
  0.82101
  0.80738
  0.66897
  0.39161
  0.29775
  0.42091
  0.54262
  0.54773
  0.38312
  0.32929
  0.49679
  0.65952
  0.75887
  0.79801
  0.80335
  0.77036
  0.71815
  0.60735
  0.39048
  0.16954
  0.15301
  0.28377
  0.40867
  0.40820
  0.28590
  0.40364
  0.56833
  0.64694
  0.59409
  0.50938
  0.54781
  0.67565
  0.72000
  0.73990
  0.72719
  0.66821
  0.53937
  0.37452
  0.19970
  0.10524
  0.11015
  0.23987
  0.27397
  0.33466
  0.41528
  0.27652
  0.11827
  0.05073
  0.04006
  0.10056
  0.21186
  0.35041
  0.35746
  0.31852
  0.42899
  0.59108
  0.67957
  0.67286
  0.52034
  0.27150
  0.14277
  0.21920
  0.39439
  0.57010
  0.67606
  0.74354
  0.74015
  0.58257
  0.38062
  0.31419
  0.38178
  0.41109
  0.51980
  0.66514
  0.73452
  0.73322
  0.68162
  0.71955
  0.79802
  0.84381
  0.84645
  0.83653
  0.83412
  0.79847
  0.70393
  0.53287
  0.54400
  0.67911
  0.79247
  0.87395
  0.88747
  0.89034
  0.87520
  0.88278
  0.88529
  0.89716
  0.90594
  0.90673
  0.90836
  0.91027
  0.92107
  0.90703
  0.90099
  0.89031
  0.89580
  0.89539
  0.90844
  0.87179
  0.87015
  0.86822
  0.82383
  0.72645
  0.55172
  0.48436
  0.59135
  0.73678
  0.81533
  0.85196
  0.84333
  0.76052
  0.75703
  0.83376
  0.84280
  0.86179
  0.86901
  0.86944
  0.83880
  0.81110
  0.82633
  0.86942
  0.88760
  0.85496
  0.74881
  0.60790
  0.64266
  0.79097
  0.82169
  0.78306
  0.80493
  0.80512
  0.79337
  0.82904
  0.84353
  0.76765
  0.60674
  0.63342
  0.72162
  0.82066
  0.85198
  0.84455
  0.86588
  0.88371
  0.82091
  0.68381
  0.50081
  0.57839
  0.73298
  0.82407
  0.86077
  0.87056
  0.89034
  0.90207
  0.90265
  0.90708
  0.90496
  0.88477
  0.89102
  0.88937
  0.84632
  0.82540
  0.77614
  0.64825
  0.44232
  0.31927
  0.44905
  0.63532
  0.74595
  0.75274
  0.72990
  0.64524
  0.49769
  0.25529
  0.12314
  0.17373
  0.33433
  0.51452
  0.60517
  0.64288
  0.59154
  0.44134
  0.28356
  0.13636
  0.07560
  0.14846
  0.25821
  0.43390
  0.59271
  0.69503
  0.75606
  0.81791
  0.83341
  0.86196
  0.89651
  0.89393
  0.88023
  0.85351
  0.86008
  0.89097
  0.91509
  0.92656
  0.93076
  0.92561
  0.91704
  0.92373
  0.93028
  0.90222
  0.90129
  0.88154
  0.88133
  0.88199
  0.87820
  0.89940
  0.90003
  0.92524
  0.90435
  0.89403
  0.89641
  0.87768
  0.83722
  0.79937
  0.61786
  0.56944
  0.63326
  0.64088
  0.56941
  0.36072
  0.15498
  0.03372
  0.01476
  0.02186
  0.03365
  0.08124
  0.20646
  0.37582
  0.50934
  0.60317
  0.71028
  0.77054
  0.83076
  0.85832
  0.87230
  0.87485
  0.88206
  0.89424
  0.90720
  0.92079
  0.92244
  0.91198
  0.93344
  0.88126
  0.88056
  0.87003
  0.80339
  0.72149
  0.63434
  0.64132
  0.70144
  0.70951
  0.61743
  0.43449
  0.28133
  0.13194
  0.05341
  0.06397
  0.14784
  0.31512
  0.51732
  0.66782
  0.75015
  0.78595
  0.79697
  0.83589
  0.82347
  0.72780
  0.64997
  0.72732
  0.83778
  0.89978
  0.90936
  0.91263
  0.90738
  0.90030
  0.86733
  0.90041
  0.90430
  0.87008
  0.81841
  0.80193
  0.79687
  0.69246
  0.64057
  0.74396
  0.73247
  0.64725
  0.69339
  0.64105
  0.46030
  0.29124
  0.37274
  0.60405
  0.74522
  0.79258
  0.81535
  0.82391
  0.77978
  0.63353
  0.48625