 63.00  6377.9857  46.55   7.98    100
 1951 04 15 07 30 00
 15/04/1951, 07:30:00, RES=0.2500  APOD FN = TRI
 2883.537 2924.713 0.0500309068     823
  0.06237
  0.04750
  0.04303
  0.03756
  0.03741
  0.01344
  0.00239
  0.00494
  0.01012
  0.02144
  0.02406
  0.01931
  0.04002
  0.07129
  0.09157
  0.12338
  0.16811
  0.22454
  0.28862
  0.33642
  0.34212
  0.32588
  0.31348
  0.27019
  0.20362
  0.16107
  0.14156
  0.15530
  0.20737
  0.28269
  0.35525
  0.42257
  0.50880
  0.58432
  0.64683
  0.71538
  0.76497
  0.79919
  0.83526
  0.86021
  0.86421
  0.87436
  0.89175
  0.90100
  0.91781
  0.92052
  0.88943
  0.88490
  0.86944
  0.84274
  0.83550
  0.82381
  0.83121
  0.84035
  0.86724
  0.90967
  0.92689
  0.95652
  0.96525
  0.97499
  0.98120
  0.97961
  0.97005
  0.93512
  0.92250
  0.89769
  0.87446
  0.87373
  0.88781
  0.91787
  0.94075
  0.96249
  0.98226
  0.98779
  0.99952
  0.99482
  0.96981
  0.96177
  0.96400
  0.95070
  0.94719
  0.93461
  0.92636
  0.88307
  0.87649
  0.88037
  0.92158
  0.94924
  0.97320
  0.98001
  0.98238
  0.96270
  0.94544
  0.94716
  0.94270
  0.88807
  0.89116
  0.87301
  0.85487
  0.86950
  0.86809
  0.86697
  0.87133
  0.90325
  0.96401
  0.97785
  0.96811
  0.95284
  0.95752
  0.95732
  0.95926
  0.96909
  0.96783
  0.95276
  0.94617
  0.93363
  0.88036
  0.85503
  0.86570
  0.88724
  0.91924
  0.97687
  0.98813
  0.99605
  0.98753
  0.98616
  0.97632
  0.96654
  0.94882
  0.90489
  0.87595
  0.82651
  0.76232
  0.68756
  0.60258
  0.48681
  0.38866
  0.27741
  0.26382
  0.27750
  0.35765
  0.45988
  0.53416
  0.61896
  0.60886
  0.61355
  0.63968
  0.68884
  0.73939
  0.75363
  0.73480
  0.69311
  0.69377
  0.72884
  0.80072
  0.86793
  0.89483
  0.89011
  0.78967
  0.70026
  0.59763
  0.53158
  0.51074
  0.53235
  0.57904
  0.62537
  0.65576
  0.68093
  0.70402
  0.73236
  0.78440
  0.81159
  0.80823
  0.72295
  0.67902
  0.60279
  0.55400
  0.53051
  0.53511
  0.56346
  0.63442
  0.73221
  0.82716
  0.91097
  0.93612
  0.93635
  0.93375
  0.91988
  0.91633
  0.89495
  0.88450
  0.83915
  0.79798
  0.76444
  0.70755
  0.67309
  0.67010
  0.63814
  0.58040
  0.51495
  0.44795
  0.42098
  0.43860
  0.50149
  0.56729
  0.58768
  0.57646
  0.51743
  0.43490
  0.31923
  0.25288
  0.16776
  0.11964
  0.07534
  0.06165
  0.04778
  0.04974
  0.08399
  0.14595
  0.23771
  0.34088
  0.43915
  0.44761
  0.43783
  0.40178
  0.35110
  0.31901
  0.30017
  0.23692
  0.18081
  0.13641
  0.08524
  0.05926
  0.05512
  0.05189
  0.05880
  0.06691
  0.10856
  0.17967
  0.24665
  0.31922
  0.42936
  0.51909
  0.61500
  0.70717
  0.73673
  0.79778
  0.84540
  0.85887
  0.87325
  0.88705
  0.87783
  0.83205
  0.77333
  0.71357
  0.70591
  0.70988
  0.71926
  0.72433
  0.72582
  0.72894
  0.73095
  0.72774
  0.73422
  0.77776
  0.82406
  0.82826
  0.78820
  0.75058
  0.74763
  0.77280
  0.82772
  0.89165
  0.92831
  0.92799
  0.91493
  0.90146
  0.85185
  0.77260
  0.71558
  0.59074
  0.50000
  0.42816
  0.40386
  0.40869
  0.52652
  0.60140
  0.63219
  0.63323
  0.58020
  0.52620
  0.44500
  0.36968
  0.27531
  0.21120
  0.14993
  0.11846
  0.12205
  0.13366
  0.19419
  0.28914
  0.37592
  0.44830
  0.49466
  0.52552
  0.57903
  0.64806
  0.73542
  0.77119
  0.77562
  0.77019
  0.76358
  0.72230
  0.68922
  0.64171
  0.64018
  0.64540
  0.64250
  0.56119
  0.52962
  0.49737
  0.52458
  0.59469
  0.74989
  0.76918
  0.77964
  0.75006
  0.71221
  0.70599
  0.71583
  0.79461
  0.85130
  0.88482
  0.88741
  0.88860
  0.88095
  0.86044
  0.84595
  0.83876
  0.74579
  0.64993
  0.57100
  0.49037
  0.41422
  0.36727
  0.31490
  0.30094
  0.34894
  0.42208
  0.53585
  0.66373
  0.71166
  0.72853
  0.72168
  0.71611
  0.72128
  0.79227
  0.85440
  0.90969
  0.91675
  0.90312
  0.89046
  0.83437
  0.77727
  0.69459
  0.65140
  0.60965
  0.61178
  0.68683
  0.73945
  0.83197
  0.90171
  0.93535
  0.95938
  0.96431
  0.95444
  0.94854
  0.89490
  0.83155
  0.77229
  0.71776
  0.63681
  0.59054
  0.56901
  0.53202
  0.49092
  0.37401
  0.32031
  0.27242
  0.29779
  0.39748
  0.51370
  0.57276
  0.60140
  0.62858
  0.66232
  0.72395
  0.75136
  0.75036
  0.74510
  0.70974
  0.67377
  0.60159
  0.50195
  0.42324
  0.32891
  0.25791
  0.17891
  0.10227
  0.07806
  0.07020
  0.07027
  0.07499
  0.08109
  0.15005
  0.23606
  0.32752
  0.41566
  0.48108
  0.52968
  0.60404
  0.67501
  0.74228
  0.80613
  0.84617
  0.86894
  0.88482
  0.87789
  0.83598
  0.79159
  0.77151
  0.75161
  0.74307
  0.78006
  0.82562
  0.84830
  0.88484
  0.89438
  0.89422
  0.88522
  0.86477
  0.84196
  0.83416
  0.82555
  0.82396
  0.84018
  0.90066
  0.91141
  0.90987
  0.89533
  0.88818
  0.88863
  0.88192
  0.84834
  0.84915
  0.84596
  0.84844
  0.87167
  0.89933
  0.93181
  0.94471
  0.94107
  0.91541
  0.89071
  0.86204
  0.84453
  0.81976
  0.80600
  0.76125
  0.70343
  0.65212
  0.59611
  0.57963
  0.58549
  0.59137
  0.59903
  0.62353
  0.64729
  0.66656
  0.67403
  0.66981
  0.63480
  0.58090
  0.50912
  0.43165
  0.35043
  0.25401
  0.16488
  0.11136
  0.06003
  0.05217
  0.05106
  0.05241
  0.09133
  0.15094
  0.24319
  0.31559
  0.35452
  0.34891
  0.29511
  0.27050
  0.19824
  0.14687
  0.11317
  0.08589
  0.05339
  0.03170
  0.03142
  0.02676
  0.03425
  0.04027
  0.04859
  0.05257
  0.06580
  0.11821
  0.17200
  0.25627
  0.34733
  0.40801
  0.44603
  0.48080
  0.49721
  0.55888
  0.61190
  0.66575
  0.72692
  0.73443
  0.72135
  0.66012
  0.60497
  0.52446
  0.44307
  0.37854
  0.37418
  0.47350
  0.59177
  0.69226
  0.72600
  0.72662
  0.68751
  0.61736
  0.53217
  0.46429
  0.36197
  0.33758
  0.34545
  0.42141
  0.52853
  0.60587
  0.61048
  0.55903
  0.43628
  0.38254
  0.31227
  0.30528
  0.36645
  0.43726
  0.57008
  0.57591
  0.57241
  0.48841
  0.41540
  0.33085
  0.22282
  0.21054
  0.28050
  0.40702
  0.51727
  0.62130
  0.66131
  0.65744
  0.63236
  0.56245
  0.55918
  0.55517
  0.55823
  0.56191
  0.55801
  0.53868
  0.49523
  0.41479
  0.35802
  0.24339
  0.18335
  0.12118
  0.09123
  0.09490
  0.05947
  0.06691
  0.06621
  0.07385
  0.11675
  0.18213
  0.26832
  0.39781
  0.50571
  0.59907
  0.64689
  0.65169
  0.64146
  0.61980
  0.61837
  0.62142
  0.66802
  0.74194
  0.81736
  0.85797
  0.87335
  0.83585
  0.78645
  0.72134
  0.69190
  0.69624
  0.73505
  0.76011
  0.77139
  0.74921
  0.70998
  0.63068
  0.56704
  0.51097
  0.46294
  0.43938
  0.41613
  0.37411
  0.33673
  0.31838
  0.35372
  0.43324
  0.50663
  0.54619
  0.59176
  0.61564
  0.66391
  0.71594
  0.72487
  0.72253
  0.68736
  0.66014
  0.63476
  0.63366
  0.65910
  0.68517
  0.74111
  0.81677
  0.87584
  0.87829
  0.85895
  0.80786
  0.75186
  0.69339
  0.66608
  0.66003
  0.66178
  0.65436
  0.62958
  0.61509
  0.57831
  0.52646
  0.50558
  0.56062
  0.63515
  0.75008
  0.79608
  0.79274
  0.74143
  0.67676
  0.63327
  0.63167
  0.67491
  0.74793
  0.77187
  0.74154
  0.68772
  0.59390
  0.50009
  0.38035
  0.32081
  0.22730
  0.15397
  0.11844
  0.08539
  0.09554
  0.12538
  0.16106
  0.27254
  0.36414
  0.42642
  0.49830
  0.51881
  0.50387
  0.46366
  0.40930
  0.36289
  0.32535
  0.29338
  0.23721
  0.16471
  0.11606
  0.07123
  0.05364
  0.06366
  0.05918
  0.08483
  0.10776
  0.15700
  0.22940
  0.29068
  0.34734
  0.41712
  0.46252
  0.49744
  0.50327
  0.50209
  0.50255
  0.53508
  0.59746
  0.67030
  0.73526
  0.76544
  0.75960
  0.75151
  0.67599
  0.61701
  0.56290
  0.51320
  0.47302
  0.42684
  0.42912
  0.47618
  0.54423
  0.65540
  0.71156
  0.74520
  0.75878
  0.73771
  0.64847
  0.56943
  0.47908
  0.37852
  0.28188
  0.22463
  0.19664
  0.20369
  0.31511
  0.41062
  0.51833
  0.59006
  0.60697
  0.57177
  0.50990
  0.46846
  0.43812
  0.43393
  0.43683
  0.42175
  0.37520
  0.30973
  0.24371
  0.20179
  0.18421
  0.16396
  0.13093
  0.09416
  0.07466
  0.04853
  0.05469
  0.04636
  0.05227
  0.08537
  0.10696
  0.12665
  0.12600
  0.10100
  0.08579
  0.06394
  0.05885
  0.03909
  0.03553
  0.04823
  0.04254
  0.03814
  0.03405
  0.02860
  0.02401
  0.02828
  0.01214
  0.00924
  0.01923
  0.02004
  0.02979
  0.03517
  0.03891
  0.04009
  0.03838
  0.04419
  0.10835
  0.11103
  0.10432
  0.07798
  0.05275
  0.04564
  0.03951
  0.03966
  0.03948
  0.04185
  0.02860
  0.02427
  0.02278
  0.02910
  0.07945
  0.15422
  0.22526
  0.30507
  0.33335
  0.30457
  0.27575
  0.23962
  0.18932
  0.14577
  0.14195
  0.20892
  0.25723