1010.82
1007.64
1006.00
1004.65
1005.37
1005.40
1005.20
1004.85
1004.59
1007.10
1012.56
1020.24
1021.13
1022.64
1023.15
1023.77
1023.86
1023.86
1023.62
1025.51
1019.33
1017.35
1019.17
1020.54
1020.14
1033.92
1040.33
1026.27
1023.95
1048.32
1044.75
1096.67
1099.42
1121.97
1138.88
1149.05
1165.38
1170.80
1176.59
1182.67
1183.65
1185.64
1187.73
1192.76
1199.85
1221.89
1225.38
1227.90
1229.65
1232.33
1232.89
1231.31
1232.58
1235.73
1242.45
1248.83
1256.37
1265.26
1265.23
1266.25
1269.17
1270.69
1272.70
1276.52
1282.26
1292.48
1296.95
1299.18
1304.88
1305.73
1307.33
1308.57
1309.15
1309.96
1312.80
1316.78
1321.05
1324.55
1325.50
1326.05
1328.18
1330.55
1332.50
1334.45
1337.84
1340.52
1346.36
1348.44
1350.53
1352.52
1353.43
1354.38
1353.56
1355.06
1355.58
1355.53
1355.03
1354.92
1353.44
1353.49
1352.11
1351.61
1352.76
1352.56
1350.69
1350.52
1350.26
1351.92
1352.76
1355.21
1363.57
1363.57
1370.67
1388.19
1398.54
1400.05
1413.15
1417.10
1419.56
1422.32
1432.32
1441.26
1451.30
1455.73
1456.25
1460.20
1465.06
1465.94
1469.22
1472.90
1476.21
1478.92
1486.64
1487.72
1408.72
1487.32
1481.70
1478.40
1468.92
1463.13
1454.86
1448.75
1447.24
1448.64
1446.22
1440.07
1439.49
1425.89
1419.40
1452.09
1395.30
1384.27
1380.75
1373.47
1366.35
1361.69
1352.33
1344.44
1340.07
1330.86
1326.29
1312.95
1307.24
1289.69
1286.00
1276.50
1259.96
1249.66
1244.55
1238.33
1233.49
1227.99
1221.67
1213.26
1208.39
1192.37
1174.19
1172.90
1169.43
1181.74
1209.76
1211.03
1150.74
1223.71
1142.23
1132.14
1129.17
1124.43
1117.45
1116.88
1113.23
1107.43
1098.24
1088.79
1081.06
1070.42
1066.41
1063.08
1055.69
1056.15
1052.65
1053.56
1041.33
1040.26
1039.19
1039.00
1039.38
1041.40
1040.29
1043.11
1045.14
1045.70
1046.24
1043.37
1039.15
1037.24
1034.00
1028.37
1026.18
1028.65
1022.98
1014.55
1006.08
1001.37
999.85
999.85
1002.10
1005.23
1011.57
1014.20
1015.46
1015.57
1015.51
1023.13
1028.97
1040.78
1056.09
1067.38
1067.81
1069.47
1069.44
1069.34
1070.47
1071.57
1071.86
1072.92
1073.76
1072.58
1072.65
1072.05
1073.52
1073.62
1072.57
1072.11
1071.61
1070.65
1067.78
1063.64
1059.84
1054.88
1047.73
1046.34
1045.97
1044.21
1043.76
1042.23
1038.57
1037.71
1035.26
1034.35
1033.59
1031.54
1030.84
1029.70
1022.79
1018.15
1016.38
1015.32
1014.32
1015.45
1017.95
1018.48
1019.48
1019.04
1020.04
1025.13
1029.27
1035.90
1045.22
1057.33
1062.72
1067.84
1070.47
1073.50
1082.29
1085.24
1086.50
1087.67
1089.54
1089.67
1089.02
1089.29
1088.37
1089.03
1086.38
1085.90
1080.23
1077.19
1074.16
1068.74
1062.94
1064.70
1064.88
1067.63
1081.26
1083.41
1085.53
1086.25
1085.45
1089.21
1087.79
1094.00
1110.50
1121.67
1125.79
1126.21
1127.76
1127.10
1126.63
1126.26
1125.75
1123.76
1122.49
1122.35
1121.79
1118.88
1120.53
1116.60
1115.13
1112.40
1111.83
1110.87
1108.83
1113.05
1113.83
1116.46
1122.33
1124.24
1132.78
1130.77
1126.32
1130.48
1159.00
1130.43
1150.00
1202.24
1222.80
1226.86
1235.69
1261.80
1267.31
1276.76
1281.12
1286.90
1288.59
1288.36
1294.37
1299.24
1304.38
1306.43
1308.90
1312.43
1320.62
1326.61
1336.93
1351.27
1353.53
1355.03
1358.44
1359.54
1362.52
1361.10
1371.58
1373.95
1372.62
1371.24
1373.30
1368.15
1367.07
1361.75
1359.30
1357.33
1355.20
1353.43
1346.74
1334.58
1327.62
1325.52
1314.85
1313.03
1305.62
1304.06
1301.04
1298.75
1297.19
1293.84
1291.33
1288.33
1284.80
1280.83
1274.50
1264.97
1236.56
1227.35
1221.17
1212.33
1206.25
1198.39
1192.31
1187.62
1184.93
1176.91
1172.64
1163.88
1161.35
1159.14
1159.70
1156.61
1155.56
1155.04
1153.73
1144.10
1134.27
1126.80
1124.33
1121.11
1114.27
1112.35
1110.77
1107.83
1100.25
1096.33
1093.40
1091.48
1090.68
1090.79
1092.21
1090.69
1090.53
1090.55
1090.90
1091.43
1094.17
1094.90
1095.91
1096.52
1097.55
1096.68
1097.69
1099.83
1101.75
1103.80
1104.44
1105.32
1105.24
1104.32
1103.12
1099.59
1098.03
1096.69
1093.12
1093.26
1091.10
1090.54
1089.73
1088.97
1090.00
1090.51
1091.26
1098.62
1100.00
1101.03
1103.76
1103.54
1104.06
1104.94
1101.95
1100.26
1098.74
1098.35
1098.09
1097.43
1096.85
1096.33
1095.53
1096.77
1096.93
1103.60
1104.55
1105.93
1106.15
1108.41
1108.43
1107.64
1113.63
1117.30
1122.45
1122.76
1123.31
1122.52
1121.72
1116.07
1115.48
1114.30
1112.45
1112.48
1113.61
1112.55
1112.59
1111.24
1112.80
1115.31
1117.56
1119.31
1121.54
1135.06
1145.81
1147.57
1147.93
1148.48
1149.32
1149.85
1149.78
1151.85
1155.48
1159.30
1161.63
1162.63
1162.72
1165.33
1167.77
1183.14
1187.92
1220.43
1223.25
1251.30
1263.06
1265.47
1310.26
1283.40
1292.11
1303.53
1314.33
1323.71
1334.87
1348.07
1362.83
1367.82
1375.04
1379.93
1381.67
1387.02
1397.28
1409.64
1411.70
1439.47
1440.59
1424.28
1459.65
1490.85
1518.75
1556.10
1583.75
1593.63
1627.49
1635.49
1658.83
1691.85
1714.95
1724.53
1753.26
1792.08
1800.45
1815.73
1836.72
1852.77
1875.99
1878.28
1889.18
1903.45
1927.35
1956.61
1976.43
1973.65
1989.41
2018.32
2046.73
2060.03
2079.82
2096.01
2105.36
2111.19
2120.60
2123.78
2136.72
2135.10
2150.44
2156.55
2164.41
2165.37
2165.72
2164.79
2159.30
2155.18
2151.03
2145.60
2143.88
2136.24
2132.59
2128.58
2119.54
2106.97
2086.15
2078.28
2068.72
2046.91
2023.94
2009.06
1997.32
1983.15
1962.54
1931.60
1914.68
1890.40
1865.91
1832.58
1801.09
1787.27
1752.16
1760.46
1747.15
1745.02
1700.25
1691.75
1652.48
1635.37
1623.27
1595.06
1580.70
1573.42
1554.38
1504.77
1479.71
1487.24
1479.47
1449.12
1432.63
1414.45
1403.84
1400.01
1401.16
1369.97
1375.05
1342.85
1332.00
1311.50
1295.24
1289.62
1284.87
1284.20
1282.40
1279.86
1273.79
1267.31
1256.41
1249.82
1238.94
1224.20
1219.72
1215.54
1214.87
1212.47
1208.22
1202.86
1191.72
1178.91
1162.33
1153.97
1153.97
1153.44
1150.33
1145.37
1137.62
1126.68
1108.03
1103.67
1100.68
1097.16
1095.85
1093.20
1090.89
1090.35
1090.10
1089.80
1090.73
1095.45
1099.76
1102.20
1101.60
1102.10
1103.47
1102.66
1105.40
1106.39
1106.70
1103.80
1098.76
1091.75
1088.66
1087.78
1079.23
1074.53
1067.35
1062.53
1056.76
1054.50
1045.41
1039.62
1029.85
1021.86
1020.33
1017.19
1017.23
1015.84
1014.48
1011.89
1009.10
1007.77
1008.47
1009.40
1009.31
1010.88
1018.87
1019.63
1022.94
1022.96
1024.08
1024.70
1025.64
1025.07
1024.11
1020.68
1013.38
1009.28
1006.63
999.50
990.35
986.16
981.77
972.16
969.23
968.42
966.80
968.24
968.91
972.25
973.81
976.73
977.56
978.94
979.63
982.57
983.73
984.39
985.15
983.88
983.50
983.40
983.42
983.42
984.42
986.38
984.00
985.21
985.17
978.57
969.13
958.67
954.86
954.38
951.91
950.41
945.19
941.43
934.72
929.92
928.36
928.26
929.24
931.57
935.86
937.05
936.71
943.47
947.98
950.95
952.86
953.76
954.91
955.47
958.25
966.96
976.83
979.41
980.70
982.70
982.94
985.38
989.20
1001.32
1002.14
1007.17
1009.48
1009.46
1010.14
1014.94
1023.67
1032.82
1033.71
1035.62
1037.58
1039.53
1038.92
1041.69
1045.71
1049.26
1054.95
1055.26
1055.06
1059.96
1063.37
1065.32
1074.81
1079.92
1084.79
1094.90
1096.11
1097.10
1101.69
1105.46
1109.42
1111.63
1112.67
1113.18
1114.24
1113.00
1111.49
1106.17
1101.29
1094.84
1092.96
1089.90
1087.67
1085.65
1084.08
1079.56
1079.31
1078.30
1077.16
1076.90
1076.90
1077.81
1078.91
1079.58
1080.69
1082.56
1088.13
1101.84
1106.05
1112.11
1113.09
1115.59
1115.83
1117.24
1118.49
1124.69
1134.13
1136.05
1136.53
1137.08
1138.47
1138.47
1138.53
1138.05
1138.03
1136.53
1135.44
1133.15
1133.93
1132.38
1131.62
1131.62
1133.14
1135.86
1137.89
1139.67
1148.03
1156.16
1164.54
1176.44
1190.73
1208.67
1220.30
1230.09
1237.54
1247.69
1259.70
1269.52
1271.75
1283.66
1300.13
1314.91
1323.58
1347.94
1364.04
1380.55
1407.97
1418.36
1449.23
1475.02
1490.36
1506.29
1514.69
1519.47
1527.75
1538.28
1549.22
1567.48
1586.64
1612.65
1641.04
1658.04
1664.06
1664.66
1679.71
1691.10
1693.71
1685.85
1686.49
1731.28
1722.38
1757.34
1766.81
1789.90
1807.31
1813.92
1817.11
1814.48
1813.06
1820.69
1820.04
1822.32
1825.88
1827.29
1827.33
1827.35
1829.42
1825.75
1822.43
1823.23
1812.19
1823.01
1826.67
1827.26
1825.21
1825.41
1824.14
1842.39
1909.42
1939.59
1922.25
1955.75
1970.32
1980.61
2017.81
2047.10
2017.73
2031.29
2063.93
2091.58
2097.83
2132.94
2135.18
2150.48
2166.63
2185.07
2206.21
2231.06
2250.92
2267.84
2281.35
2308.23
2350.97
2365.84
2376.66
2394.71
2421.89
2439.36
2456.70
2469.88
2474.34
2479.94
2494.02
2508.66
2517.78
2532.58
2551.98
2562.38
2574.48
2597.82
2584.16
2603.75
2584.93
2588.32
2588.63
2588.57
2586.05
2585.54
2583.28
2567.35
2556.34
2541.23
2528.59
2520.77
2514.20
2495.71
2492.11
2476.04
2470.24
2462.07
2415.46
2395.55
2383.82
2363.71
2328.85
2317.40
2304.16
2272.76
2260.70
2236.40
2213.08
2184.25
2154.07
2131.32
2084.83
2053.53
2045.86
2017.92
2019.15
1971.96
1920.01
1891.88
1862.90
1829.06
1826.11
1797.69
1788.58
1765.67
1753.96
1738.99
1722.93
1709.29
1689.03
1673.10
1662.46
1660.42
1658.64
1642.10
1626.25
1619.42
1611.40
1602.85
1593.38
1589.54
1587.83
1586.22
1581.49
1571.66
1566.38
1560.27
1547.65
1536.57
1526.10
1521.43
1517.82
1516.50
1514.94
1513.57
1510.53
1504.98
1500.81
1500.29
1499.65
1500.14
1503.51
1503.79
1506.46
1507.96
1507.58
1509.77
1512.65
1524.73
1530.68
1534.50
1535.79
1536.25
1537.04
1538.12
1539.46
1544.33
1546.15
1548.36
1549.33
1551.39
1552.39
1555.42
1557.96
1561.42
1569.72
1571.09
1572.53
1573.51
1574.82
1578.79
1589.76
1602.56
1607.96
1621.29
1624.79
1631.42
1635.43
1644.85
1675.25
1654.70
1660.90
1677.62
1696.66
1704.26
1717.71
1721.42
1719.66
1724.59
1725.73
1725.95
1740.07
1742.16
1742.82
1744.12
1742.08
1739.11
1736.60
1728.69
1722.87
1719.80
1718.80
1714.10
1706.91
1699.29
1697.04
1679.89
1663.22
1660.03
1657.45
1656.17
1652.86
1643.68
1672.65
1666.20
1627.24
1581.28
1612.12
1567.64
1563.71
1559.78
1546.14
1554.93
1542.19
1528.37
1510.17
1489.36
1470.61
1462.78
1446.82
1435.64
1422.04
1419.51
1410.40
1398.76
1386.88
1372.12
1351.61
1333.26
1327.63
1317.05
1311.63
1299.87
1286.58
1283.74
1280.03
1271.75
1270.76
1267.71
1266.33
1266.07
1265.53
1266.00
1264.81
1262.10
1259.28
1257.85
1254.59
1253.71
1252.08
1256.94
1260.32
1260.68
1261.87
1260.08
1260.82
1262.59
1264.76
1291.08
1312.25
1326.84
1338.27
1344.71
1347.76
1350.44
1352.96
1362.43
1374.48
1377.94
1402.13
1420.78
1450.61
1476.72
1451.19
1457.45
1468.99
1469.44
1491.69
1507.49
1527.40
1549.28
1556.72
1570.30
1591.94
1604.01
1639.97
1662.80
1689.52
1714.92
1727.08
1736.90
1745.05
1770.52
1783.85
1813.50
1824.61
1870.36
1840.81
1909.49
1943.91
1928.35
1996.32
2012.47
2025.02
2026.28
2028.75
2028.86
2020.85
2024.55
2029.34
2037.26
2040.71
2042.69
2043.20
2042.79
2040.75
2041.24
2041.00
2044.65
2047.76
2047.20
2048.05
2049.06
2048.11
2049.29
2050.16
2052.85
2053.64
2083.29
2111.69
2137.53
2154.64
2172.07
2198.15
2214.91
2231.19
2253.69
2267.57
2284.35
2294.73
2299.72
2344.20
2355.58
2400.66
2436.06
2460.94
2479.50
2512.48
2533.04
2543.18
2565.66
2585.76
2611.50
2621.31
2659.90
2699.61
2712.87
2733.24
2758.84
2778.46
2788.38
2811.61
2825.35
2847.32
2860.99
2878.59
2885.27
2905.31
2914.13
2921.18
2935.95
2945.64
2947.85
2955.97
2961.81
2962.61
2963.88
2963.91
2962.00
2962.42
2960.16
2957.69
2949.63
2938.50
2930.81
2935.27
2933.00
2927.64
2925.04
2910.83
2911.16
2898.86
2885.88
2856.46
2817.60
2811.62
2819.72
2811.23
2804.64
2755.82
2735.07
2721.62
2705.77
2695.89
2670.83
2637.64
2617.61
2597.98
2575.32
2552.46
2528.32
2471.40
2460.05
2458.36
2428.37
2404.77
2378.83
2363.78
2346.84
2321.69
2300.49
2272.53
2263.31
2230.69
2203.09
2172.43
2155.65
2122.88
2121.67
2097.60
2064.70
2010.00
1976.16
1952.36
1950.66
1926.53
1910.68
1880.99
1863.94
1845.58
1828.27
1784.69
1774.52
1772.43
1755.14
1749.17
1755.20
1728.00
1721.84
1691.58
1681.86
1719.32
1679.33
1671.85
1666.98
1660.17
1650.96
1643.86
1636.58
1626.83
1620.63
1621.17
1611.35
1602.53
1598.29
1593.15
1581.29
1567.72
1561.85
1559.61
1555.06
1553.45
1550.11
1544.20
1541.78
1515.68
1509.66
1495.39
1498.55
1512.22
1516.09
1529.23
1508.78
1480.36
1466.39
1493.21
1496.09
1498.85
1499.94
1508.90
1510.85
1513.22
1513.49
1517.68
1526.91
1527.05
1527.52
1528.55
1528.55
1530.04
1529.91
1529.77
1529.42
1534.52
1538.11
1540.90
1544.91
1553.90
1557.85
1574.11
1606.65
1618.74
1608.95
1613.58
1616.03
1626.22
1634.30
1655.61
1657.13
1676.00
1690.38
1687.95
1688.55
1697.14
1692.94
1695.77
1667.04
1708.76
1708.59
1708.60
1709.13
1713.71
1723.00
1733.42
1758.00
1778.38
1788.72
1793.84
1795.52
1795.28
1800.55
1809.80
1827.10
1838.31
1855.14
1861.42
1872.88
1881.38
1894.09
1905.73
1907.08
1904.10
1938.23
1962.60
1973.44
1993.21
2012.27
2038.94
2058.61
2079.27
2098.23
2119.05
2147.01
2163.91
2180.41
2297.59
2302.20
2327.96
2350.33
2334.66
2346.53
2404.02
2429.62
2436.44
2452.64
2480.11
2503.76
2543.95
2575.65
2613.64
2636.71
2657.08
2679.98
2692.53
2694.49
2724.70
2763.92
2792.49
2823.10
2891.82
2905.22
2903.42
2900.24
2888.66
2897.98
2906.52
2909.42
2918.16
2923.25
2924.71
2925.18
2925.47
2922.04
2920.00
2918.88
2916.05
2911.29
2914.33
2909.37
2911.57
2891.00
2854.02
2834.94
2787.84
2780.37
2780.29
2775.14
2759.51
2746.77
2724.35
2691.06
2659.23
2637.27
2629.25
2608.76
2562.66
2541.28
2511.96
2487.98
2469.31
2450.15
2402.20
2378.80
2375.01
2357.55
2339.70
2305.05
2278.14
2241.33
2225.57
2184.77
2147.05
2127.65
2110.05
2098.29
2060.90
2043.14
2014.79
1997.70
1979.46
1955.42
1927.89
1901.56
1871.57
1849.48
1832.10
1810.25
1780.23
1758.98
1742.93
1719.76
1699.37
1679.80
1652.80
1638.54
1627.65
1601.11
1578.96
1558.06
1539.27
1534.40
1519.60
1499.06
1488.28
1470.35
1450.82
1433.43
1422.20
1407.84
1398.14
1384.80
1367.48
1360.97
1345.60
1338.07
1327.48
1322.53
1312.70
1309.61
1304.06
1296.94
1287.29
1274.72
1268.09
1243.45
1255.12
1248.17
1248.27
1247.81
1236.15
1232.51
1220.97
1204.02
1187.95
1177.08
1174.84
1166.58
1150.81
1123.33
1115.83
1110.98
1102.38
1097.61
1098.44
1092.70
1090.18
1084.61
1085.83
1083.37
1083.69
1085.20
1086.41
1088.39
1089.45
1089.53
1091.00
1092.11
1091.66
1091.39
1094.44
1089.56
1088.15
1085.97
1084.85
1083.38
1083.62
1083.42
1083.93
1081.47
1081.48
1079.75
1077.66
1078.60
1071.90
1067.83
1063.71
1061.16
1055.28
1053.66
1051.52
1049.85
1044.32
1036.36
1034.06
1028.62
1021.59
1018.65
1016.32
1013.85
1015.79
1012.60
1011.75
1011.69
1011.60
1012.50
1014.35
1016.53
1019.75
1023.26
1024.79
1025.95
1026.57
1026.95
1027.05
1027.62
1027.05
1025.43
1025.96
1023.48
1022.65
1021.16
1016.00
1013.18
1011.81
1009.87
1010.21
1007.64
1005.73
1003.65
1002.26
992.37
989.48
986.07
983.24
982.24
979.70
973.26
970.14
967.11
964.54
959.57
947.09
940.10
937.46
935.93
936.98
936.91
936.69
934.98
934.12
933.26
933.90
933.95
936.96
941.22
943.87
946.29
948.13
953.77
960.41
965.35
971.12
973.88
978.41
980.00
981.62
985.87
986.96
987.48
991.33
991.13
993.33
993.36
994.06
995.29
996.93
995.47
1088.81
997.30
996.32
995.44
996.41
997.00
998.61
997.70
999.53
1000.49
1002.44
1009.21
1012.36
1026.57
1032.74
1034.98
1034.91
1036.65
1040.03
1042.36
1047.71
1049.43
1051.13
1064.15
1070.94
1071.31
1078.41
1084.40
1094.68
1104.27
1101.88
1108.46
1137.41
1162.27
1145.11
1150.41
1153.57
1170.25
1178.77
1180.70
1182.10
1194.20
1200.03
1203.58
1205.29
1211.78
1215.45
1219.58
1225.78
1228.16
1232.95
1242.13
1243.98
1244.55
1246.45
1251.10
1251.89
1251.79
1248.51
1242.40
1239.98
1231.16
1221.06
1216.82
1205.87
1203.12
1201.72
1202.10
1198.65
1190.77
1187.86
1180.59
1175.58
1174.14
1176.55
1182.83
1186.83
1188.06
1191.11
1191.54
1192.14
1192.66
1192.10
1197.68
1198.59
1200.41
1202.47
1202.21
1201.73
1201.97
1202.69
1205.68
1205.32
1206.55
1208.18
1212.72
1215.30
1217.06
1218.37
1219.00
1224.69
1229.11
1233.02
1237.76
1243.80
1254.66
1262.14
1253.11
1297.63
1323.69
1340.44
1373.69
1391.10
1385.92
1409.54
1416.73
1420.56
1397.07
1425.17
1457.99
1464.91
1481.97
1509.99
1614.58
1631.76
1659.27
1693.59
1725.61
1747.21
1775.03
1816.96
1862.95
1870.04
1907.75
1955.71
2005.99
2039.65
2079.12
2104.09
2157.59
2177.12
2210.54
2255.17
2298.53
2342.61
2385.19
2409.88
2465.56
2488.29
2512.50
2557.90
2631.57
2632.91
2608.06
2617.35
2627.49
2648.98
2652.94
2656.87
2660.67
2670.21
2672.23
2673.00
2672.78
2676.04
2678.75
2680.00
2681.07
2680.80
2680.50
2677.68
2671.06
2668.61
2666.87
2666.82
2667.59
2654.10
2646.11
2653.54
2658.17
2587.45
2553.45
2533.91
2509.33
2493.10
2454.49
2443.79
2430.65
2405.76
2383.16
2358.29
2328.09
2307.66
2289.20
2241.24
2213.82
2201.44
2180.04
2182.95
2170.20
2158.12
2144.92
2128.43
2105.69
2102.30
2087.49
2063.03
2041.88
2012.80
2023.48
2023.74
2006.47
1992.67
1994.88
1969.25
1967.27
1965.41
1963.31
1959.97
1956.86
1954.12
1948.92
1949.06
1948.44
1946.93
1946.38
1945.82
1945.53
1945.84
1945.84
1944.32
1945.70
1948.65
1948.76
1949.39
1957.12
1964.62
1968.76
1960.44
1964.42
1972.56
1970.10
1961.41
1968.94
2063.77
2108.22
2145.63
2169.99
2185.28
2203.98
2236.92
2254.00
2283.63
2310.40
2332.94
2347.51
2372.33
2411.88
2429.88
2444.88
2466.39
2547.14
2551.95
2552.22
2556.86
2558.28
2567.96
2571.31
2572.13
2579.08
2586.15
2591.76
2589.91
2592.50
2594.04
2594.04
2595.54
2592.49
2583.39
2582.03
2584.98
2584.86
2581.59
2576.50
2576.96
2559.96
2553.77
2458.46
2444.25
2419.84
2405.92
2398.59
2372.71
2348.09
2332.45
2313.62
2296.40
2268.45
2250.78
2217.13
2186.61
2149.86
2131.40
2113.92
2082.93
2056.39
2038.91
2011.50
1983.73
1958.31
1937.99
1909.69
1883.97
1866.50
1845.20
1823.12
1799.62
1774.35
1753.08
1725.65
1704.42
1686.44
1675.51
1666.03
1661.31
1649.34
1632.66
1619.31
1602.20
1565.63
1547.51
1546.80
1526.57
1519.22
1499.17
1498.41
1470.36
1461.80
1464.60
1452.72
1437.85
1420.77
1409.27
1404.34
1399.71
1391.46
1387.90
1378.24
1368.82
1364.86
1360.07
1351.20
1349.19
1346.91
1344.89
1336.48
1329.60
1325.13
1320.67
1317.31
1314.57
1312.89
1310.26
1304.15
1293.46
1280.44
1266.52
1265.70
1261.55
1258.94
1257.98
1257.22
1251.85
1246.91
1243.71
1234.26
1231.72
1231.05
1227.36
1224.50
1222.79
1218.59
1219.27
1216.91
1215.60
1216.44
1216.22
1217.00
1218.61
1221.66
1225.61
1228.44
1230.27
1231.69
1240.87
1247.76
1251.06
1256.76
1258.86
1259.67
1264.38
1268.43
1272.15
1271.12
1273.59
1275.81
1281.15
1286.92
1294.79
1305.86
1310.17
1315.46
1316.26
1318.66
1322.27
1326.34
1331.32
1332.97
1334.30
1337.22
1338.22
1338.22
1337.60
1340.35
1340.40
1344.25
1357.27
1359.18
1364.00
1375.19
1382.73
1388.35
1386.72
1391.55
1398.43
1421.66
1436.59
1449.74
1468.65
1473.28
1484.64
1489.56
1496.74
1506.19
1517.77
1534.65
1554.36
1566.65
1587.82
1596.48
1603.40
1613.87
1623.49
1633.88
1645.63
1669.44
1695.94
1724.05
1749.78
1766.76
1794.22
1810.15
1832.28
1858.88
1881.70
1913.82
1946.23
1968.71
2001.76
2034.21
2052.65
2073.49
2113.69
2117.97
2165.94
2196.31
2217.25
2240.95
2272.18
2291.05
2314.01
2348.44
2377.50
2420.69
2454.53
2501.36
2538.36
2565.96
2599.31
2635.55
2660.40
2687.40
2738.04
2779.32
2816.15
2841.56
2890.22
2979.03
2995.77
3008.19
2982.62
2991.84
3001.43
3015.39
3018.00
3027.97
3029.69
3031.52
3031.50
3039.61
3041.10
3046.48
3047.60
3049.46
3057.19
3063.47
3065.67
3072.12
3077.93
3086.79
3088.50
3091.09
3092.73
3092.12
3083.88
3080.28
3080.41
3078.73
3079.98
3073.08
3075.80
3071.09
3035.11
3007.52
2993.57
2977.53
2957.23
2941.74
2920.14
2905.60
2890.04
2881.75
2872.21
2853.52
2843.81
2830.57
2801.04
2769.26
2741.65
2710.33
2700.06
2688.64
2680.27
2665.93
2651.90
2617.61
2588.61
2556.97
2549.32
2533.15
2519.47
2507.19
2498.79
2483.88
2461.69
2392.16
2380.05
2377.57
2369.64
2365.95
2357.20
2357.06
2353.16
2354.54
2345.13
2342.99
2341.37
2340.81
2340.52
2341.83
2342.21
2344.99
2351.19
2355.54
2351.80
2356.34
2352.03
2358.71
2347.75
2342.53
2343.61
2342.56
2343.62
2342.01
2344.42
2341.60
2341.98
2456.10
2530.04
2553.65
2585.55
2618.34
2645.38
2665.65
2685.56
2691.69
2701.05
2698.44
2696.04
2699.40
2705.23
2709.39
2715.34
2715.88
2716.10
2714.26
2709.82
2706.26
2702.88
2695.33
2690.60
2677.49
2675.27
2671.91
2666.65
2662.26
2654.54
2647.11
2595.97
2550.20
2531.65
2520.19
2492.92
2472.20
2455.14
2442.15
2422.19
2399.18
2399.90
2380.67
2361.99
2340.91
2311.23
2295.91
2283.51
2264.04
2240.39
2217.01
2198.04
2163.65
2134.09
2111.58
2099.37
2076.50
2063.17
2035.76
2015.95
1988.64
1971.17
1945.25
1922.29
1907.30
1899.26
1873.06
1861.21
1836.32
1822.06
1801.81
1778.91
1726.82
1702.42
1694.91
1693.88
1696.58
1695.96
1698.36
1695.06
1689.13
1685.94
1683.40
1683.37
1684.78
1684.07
1682.79
1684.15
1680.76
1681.27
1679.79
1676.36
1676.83
1675.97
1674.48
1670.79
1671.26
1673.21
1668.58
1683.14
1687.42
1692.77
1694.00
1691.59
1698.16
1696.41
1696.29
1704.27
1790.65
1820.40
1808.71
1830.62
1843.22
1857.03
1880.24
1896.25
1916.50
1921.97
1924.07
1933.60
1949.14
1953.48
1962.27
1967.42
1980.64
1993.34
2009.85
2022.70
2037.05
2057.49
2063.37
2063.88
2065.68
2069.71
2070.83
2078.85
2091.04
2101.72
2110.78
2114.10
2113.60
2112.65
2108.56
2097.04
2086.58
2085.61
2082.02
2070.37
2062.20
2043.34
2021.07
2012.85
1999.68
1981.16
1972.56
1965.33
1954.01
1938.77
1933.81
1897.79
1884.52
1860.87
1849.08
1838.47
1825.08
1803.41
1785.04
1770.95
1755.63
1739.61
1720.21
1709.00
1689.30
1666.71
1656.68
1625.24
1613.44
1592.47
1581.58
1571.45
1558.91
1548.01
1542.51
1535.77
1523.13
1523.73
1504.90
1496.37
1492.49
1491.86
1489.46
1490.82
1489.02
1483.71
1479.14
1474.18
1472.91
1473.44
1473.57
1474.57
1476.84
1478.53
1478.00
1475.53
1565.09
1473.05
1467.39
1463.79
1461.94
1461.18
1461.22
1459.23
1453.41
1446.07
1444.29
1444.06
1438.87
1436.57
1435.60
1433.88
1433.89
1430.88
1425.00
1418.67
1414.70
1408.25
1408.17
1407.35
1407.42
1406.42
1406.45
1406.44
1405.47
1406.39
1408.42
1408.21
1416.12
1417.49
1422.87
1426.36
1426.98
1430.13
1442.34
1449.44
1452.51
1455.85
1456.85
1456.40
1456.73
1457.45
1458.64
1458.19
1457.29
1464.92
1468.52
1462.28
1461.24
1466.93
1500.35
1515.92
1503.92
1542.14
1564.56
1611.69
1606.74
1608.92
1612.17
1632.04
1635.89
1662.91
1679.57
1696.57
1723.96
1739.35
1739.50
1748.91
1770.56
1781.46
1808.06
1804.56
1816.46
1827.09
1844.81
1862.61
1899.62
1905.46
1933.08
1962.62
1982.26
1988.00
2004.71
2019.58
2052.78
2070.48
2095.33
2137.49
2168.33
2180.70
2196.09
2222.80
2231.47
2243.18
2266.42
2285.28
2304.51
2330.85
2350.32
2370.28
2393.17
2429.71
2431.01
2434.90
2453.10
2471.16
2484.55
2510.31
2530.85
2558.06
2578.54
2585.91
2603.50
2621.81
2626.56
2647.27
2627.22
2672.04
2735.49
2723.71
2787.00
2807.63
2824.46
2848.18
2872.56
2904.48
2925.50
2944.24
2959.31
2984.23
3013.97
3038.62
3056.80
3055.26
3097.63
3109.25
3143.34
3193.34
3194.31
3194.57
3200.75
3198.82
3206.23
3208.98
3216.07
3217.14
3216.14
3215.82
3216.00
3214.39
3212.04
3210.54
3211.48
3210.96
3209.53
3210.46
3210.98
3211.43
3211.24
3216.00
3216.47
3217.03
3216.52
3215.33
3213.17
3210.69
3203.03
3195.62
3195.34
3191.97
3199.08
3199.75
3194.64
3130.22
3103.03
3087.04
3065.13
3064.65
3039.84
3003.57
2993.03
3007.80
2993.21
2970.14
2946.77
2928.40
2916.34
2904.50
2894.15
2875.73
2853.24
2841.31
2835.99
2805.77
2752.70
2754.63
2753.66
2746.55
2741.88
2743.36
2731.58
2726.89
2719.62
2719.34
2717.37
2715.95
2718.54
2718.03
2719.05
2722.46
2724.84
2724.18
2724.62
2726.02
2725.16
2724.98
2731.54
2736.53
2738.76
2737.78
2735.00
2737.59
2737.59
2737.57
2737.10
2737.52
2736.72
2730.11
2729.70
2726.82
2727.34
2719.76
2728.94
2728.21
2703.69
2624.21
2592.85
2579.96
2562.39
2548.29
2532.30
2512.86
2503.08
2481.68
2456.45
2435.01
2423.13
2398.81
2387.53
2377.39
2366.05
2360.26
2353.97
2340.91
2328.19
2316.63
2309.16
2289.10
2299.82
2309.46
2313.61
2319.56
2323.97
2325.96
2328.60
2326.66
2331.52
2365.11
2334.97
2381.46
2464.09
2477.23
2508.49
2537.41
2549.84
2561.86
2586.19
2605.36
2612.80
2626.65
2669.34
2678.00
2705.22
2739.20
2741.61
2765.32
2790.53
2852.34
2865.09
2870.28
2887.96
2909.13
2934.79
2943.03
2961.50
2983.09
3004.24
3016.92
3037.60
3056.56
3066.45
3085.41
3111.56
3129.39
3140.82
3166.07
3178.04
3194.99
3208.92
3228.31
3248.94
3255.59
3267.02
3274.63
3280.15
3299.59
3310.18
3327.28
3332.84
3337.14
3345.39
3349.08
3357.41
3355.98
3354.80
3360.07
3361.79
3365.82
3365.27
3365.62
3365.12
3365.36
3365.44
3366.03
3371.24
3374.85
3377.70
3379.61
3382.97
3383.04
3378.28
3386.84
3394.74
3400.32
3401.22
3399.88
3400.06
3399.69
3396.81
3397.07
3397.42
3396.64
3394.54
3393.52
3391.82
3389.30
3386.85
3383.74
3378.21
3383.79
3380.03
3370.41
3369.81
3370.30
3361.56
3311.28
3297.87
3277.84
3258.84
3247.61
3235.56
3230.78
3227.85
3219.65
3204.10
3189.31
3182.30
3168.04
3146.99
3134.74
3124.89
3111.20
3106.54
3094.17
3081.50
3057.75
3045.95
3035.38
3015.83
2996.57
2981.03
2969.79
2960.77
2943.11
2921.57
2899.27
2873.40
2859.82
2841.48
2817.81
2806.13
2796.96
2774.12
2738.09
2738.77
2719.23
2701.21
2684.75
2676.33
2652.91
2639.37
2615.02
2594.78
2568.17
2553.24
2548.70
2534.90
2525.21
2511.58
2491.76
2469.29
2448.71
2430.82
2417.87
2409.43
2417.36
2415.49
2413.85
2405.64
2400.35
2400.40
2399.19
2400.73
2404.24
2411.90
2424.78
2438.12
2444.51
2473.10
2485.64
2496.67
2505.11
2516.81
2524.13
2523.95
2523.15
2530.12
2527.34
2573.23
2591.60
2596.86
2608.57
2614.50
2614.52
2616.61
2616.76
2617.30
2617.36
2617.32
2615.10
2613.53
2610.55
2608.88
2604.11
2601.67
2599.58
2590.34
2586.85
2572.43
2563.97
2548.92
2536.43
2524.47
2518.82
2515.15
2508.80
2493.23
2474.57
2449.74
2445.78
2427.96
2410.28
2381.51
2374.85
2323.34
2292.69
2286.86
2258.14
2256.40
2224.52
2202.52
2170.11
2151.10
2117.09
2101.60
2075.32
2055.66
2032.33
2007.61
1985.23
1966.54
1949.86
1924.00
1913.25
1880.52
1853.98
1846.84
1827.48
1808.30
1803.81
1778.24
1768.45
1753.17
1737.67
1734.50
1713.79
1694.92
1683.94
1672.55
1614.90
1607.43
1599.41
1594.00
1591.18
1589.38
1586.67
1587.33
1584.12
1580.27
1579.73
1578.96
1579.86
1579.61
1584.19
1584.58
1587.45
1586.35
1586.87
1589.34
1591.65
1593.03
1593.54
1593.94
1594.45
1593.47
1594.81
1597.34
1598.02
1600.86
1596.86
1599.47
1599.53
1605.03
1613.55
1613.67
1683.66
1703.91
1719.04
1725.50
1743.72
1755.57
1763.74
1783.10
1794.32
1789.64
1821.91
1829.51
1864.06
1884.74
1890.22
1906.31
1944.03
1974.06
1987.04
2007.58
2049.00
2060.72
2087.26
2122.80
2138.06
2175.33
2224.17
2257.82
2282.59
2305.14
2334.01
2363.50
2395.34
2428.87
2465.33
2489.60
2529.34
2547.44
2598.36
2627.70
2649.87
2708.06
2754.79
2783.16
2811.39
2851.68
2861.61
2888.79
2911.67
2929.74
2964.07
2991.47
3011.23
3027.50
3050.07
3066.27
3076.76
3054.56
3085.22
3097.47
3106.01
3107.88
3119.21
3122.27
3127.51
3156.77
3132.26
3127.30
3122.03
3119.64
3113.44
3110.96
3110.00
3108.36
3105.45
3101.15
3093.86
3071.39
3052.91
3032.93
3022.15
3011.09
2989.37
2977.31
2965.92
2951.44
2920.43
2884.19
2883.80
2859.45
2824.08
2808.66
2797.53
2775.42
2755.40
2727.93
2708.87
2680.82
2664.15
2650.14
2615.37
2607.11
2589.76
2571.28
2542.25
2513.51
2479.71
2460.23
2440.56
2412.83
2389.63
2357.23
2333.05
2308.06
2272.24
2245.74
2217.27
2194.24
2176.83
2169.36
2139.77
2088.34
2067.90
2050.00
2037.21
2010.28
1998.08
1980.37
1963.40
1949.77
1930.53
1909.07
1896.79
1874.61
1862.69
1852.94
1835.92
1818.58
1795.64
1775.26
1758.61
1749.11
1739.64
1731.96
1720.48
1704.91
1682.97
1664.52
1653.15
1639.87
1625.33
1619.36
1611.31
1601.53
1598.37
1589.23
1587.16
1583.43
1579.82
1573.79
1569.36
1554.19
1549.23
1541.70
1535.05
1533.34
1532.34
1524.15
1519.33
1509.33
1484.02
1471.51
1463.06
1453.30
1449.42
1446.61
1426.48
1416.68
1358.02
1322.02
1302.74
1302.48
1291.47
1287.08
1287.01
1292.93
1278.54
1265.92
1339.40
1349.06
1351.71
1352.49
1354.03
1355.35
1355.29
1357.62
1372.76
1385.36
1395.87
1412.28
1423.22
1437.96
1447.98
1461.09
1469.64
1482.40
1485.67
1487.35
1523.69
1538.67
1570.74
1563.71
1566.45
1624.56
1648.51
1681.19
1685.96
1713.28
1730.22
1750.50
1764.23
1800.02
1824.74
1895.68
1893.03
1922.52
1964.83
2014.08
2017.95
2050.16
2066.51
2092.43
2128.18
2153.47
2180.85
2201.71
2217.64
2249.97
2279.04
2309.00
2332.31
2347.88
2398.61
2422.27
2441.49
2456.58
2468.73
2489.68
2506.28
2555.56
2580.35
2597.09
2609.07
2613.15
2612.88
2619.45
2615.05
2621.00
2625.30
2627.65
2631.56
2633.23
2633.81
2634.44
2632.97
2630.86
2627.20
2622.78
2620.12
2614.04
2609.87
2605.54
2605.14
2605.78
2600.07
2597.70
2556.59
2571.67
2525.12
2455.78
2453.36
2451.62
2450.23
2449.10
2445.59
2440.38
2438.44
2433.91
2429.52
2428.72
2427.62
2427.78
2429.30
2429.42
2429.69
2424.57
2423.38
2421.02
2418.51
2416.76
2415.38
2412.11
2416.70
2414.11
2389.27
2379.93
2369.82
2363.07
2362.91
2356.78
2354.57
2349.54
2346.29
2302.79
2331.69
2322.40
2315.49
2306.63
2302.11
2283.13
2268.39
2255.92
2243.30
2236.31
2226.28
2212.35
2229.26
2190.91
2167.88
2147.97
2121.68
2100.08
2077.87
2056.35
2033.82
2005.48
1990.16
1976.77
1955.03
1936.01
1908.71
1888.61
1863.01
1830.05
1814.82
1796.47
1776.75
1789.01
1747.10
1730.49
1711.63
1688.36
1670.68
1657.66
1645.93
1634.55
1623.47
1611.07
1598.87
1584.99
1568.26
1555.58
1548.81
1538.15
1530.92
1524.00
1509.67
1499.80
1487.26
1476.84
1464.29
1458.56
1450.25
1444.74
1445.33
1436.50
1439.44
1432.84
1433.18
1426.78
1424.43
1423.93
1421.00
1419.16
1418.67
1416.83
1415.24
1416.00
1417.86
1420.08
1421.74
1422.51
1423.55
1421.74
1422.11
1422.44
1422.84
1422.33
1423.76
1426.67
1428.27
1434.18
1443.91
1435.62
1444.16
1483.15
1494.97
1502.51
1514.98
1521.11
1531.03
1543.76
1549.68
1561.52
1564.90
1572.53
1573.56
1579.62
1581.59
1581.54
1586.65
1589.62
1591.59
1592.45
1592.19
1591.60
1591.43
1591.09
1590.79
1588.61
1587.90
1584.59
1583.32
1578.47
1578.16
1579.62
1568.05
1565.76
1558.66
1562.74
1529.83
1511.08
1498.15
1492.10
1486.45
1485.52
1470.47
1454.24
1444.39
1432.03
1450.75
1410.17
1399.84
1394.46
1392.37
1386.73
1377.98
1375.52
1362.72
1351.70
1341.57
1337.47
1328.99
1323.05
1305.89
1292.83
1262.62
1256.18
1254.79
1233.53
1216.97
1148.88
1168.96
1165.40
1162.58
1166.40
1152.92
1152.00
1144.80
1140.74
1137.72
1136.05
1135.56
1135.42
1134.97
1131.75
1132.06
1129.25
1122.22
1120.07
1120.12
1117.25
1116.86
1117.38
1117.87
1121.37
1124.64
1125.58
1126.40
1127.27
1128.38
1130.40
1138.43
1138.57
1140.35
1142.06
1141.17
1140.79
1138.76
1137.72
1131.63
1126.53
1122.98
1117.89
1112.59
1110.55
1110.77
1111.05
1111.03
1110.46
1110.37
1111.10
1113.10
1114.05
1116.08
1124.45
1126.76
1130.50
1138.00
1145.00
1152.12
1151.16
1152.32
1154.38
1154.04
1152.84
1150.75
1149.46
1147.25
1145.20
1144.26
1143.77
1144.20
1142.08
1141.62
1142.61
1143.37
1143.44
1144.32
1146.51
1146.58
1150.37
1150.46
1150.87
1150.89
1150.68
1150.58
1152.48
1151.98
1154.17
1153.91
1154.02
1156.51
1161.25
1165.89
1168.11
1178.39
1179.13
1177.15
1183.83
1178.93
1198.42
1179.55
1204.76
1214.55
1223.61
1225.81
1229.96
1233.65
1242.43
1250.51
1258.68
1267.86
1270.70
1270.25
1272.59
1278.36
1284.65
1288.53
1294.59
1310.31
1318.36
1326.08
1329.02
1340.83
1354.07
1353.31
1390.87
1426.42
1460.28
1472.93
1494.04
1500.29
1522.10
1547.29
1576.97
1608.75
1643.16
1698.97
1672.26
1682.00
1719.10
1762.08
1781.60
1796.13
1831.49
1847.53
1874.58
1878.59
1884.56
1896.66
1908.45
1936.60
1966.31
1991.78
1994.79
2005.27
2008.68
2020.83
2024.13
2031.17
2036.36
2056.44
2060.62
2062.73
2058.86
2049.23
2041.65
2032.44
2029.22
2025.41
2023.86
2020.29
2014.54
2014.44
2001.57
1988.38
1975.79
1968.33
1961.58
1902.47
1861.11
1856.90
1852.07
1848.74
1858.10
1849.95
1833.85
1775.91
1807.44
1776.57
1754.52
1736.88
1704.67
1683.87
1652.24
1638.50
1601.67
1599.54
1587.76
1568.26
1554.34
1527.57
1503.38
1492.31
1477.98
1462.88
1434.20
1418.56
1404.73
1387.62
1376.74
1369.00
1354.45
1344.56
1337.33
1317.11
1298.17
1287.41
1277.83
1272.57
1269.93
1269.34
1263.26
1247.53
1240.10
1233.16
1216.64
1207.35
1203.00
1192.04
1187.07
1176.01
1167.22
1160.31
1144.73
1141.83
1131.56
1111.81
1097.90
1080.92
1061.07
1056.98
1047.70
1049.02
1050.36
1037.98
1036.44
1030.97
1029.47
1028.47
1028.43
1027.93
1028.94
1030.62
1031.41
1031.56
1030.58
1031.23
1022.40
1017.03
1015.53
1014.36
1008.91
1007.49
1002.03
995.43
985.19
979.64
978.62
978.55
979.11
983.22
984.45
986.64
988.31
993.98
997.04
1002.23
1003.90
1004.43
1006.59
1006.59
1006.59
1005.52
1001.00
999.72
996.06
994.50
989.81
988.14
984.81
982.47
981.00
981.30
977.11
980.31
979.70
982.70
988.71
994.22
1001.13
1002.62
1007.32
1010.84
1014.73
1018.75
1021.66
1026.56
1034.77
1036.04
1038.92
1039.18
1040.95
1041.25
1040.45
1039.52
1039.10
1038.77
1039.36
1036.08
1033.53
1032.57
1029.17
1026.42
1024.30
1019.29
1012.33
1012.34
1010.16
1007.08
1005.28
1003.12
1002.62
1002.23
1002.63
1003.64
1005.67
1010.86
1011.58
1013.85
1016.26
1019.26
1021.76
1025.76
1026.56
1026.92
1028.65
1029.37
1029.00
1027.86
1029.21
1023.74
1018.11
1015.84
1013.61
1013.55
1013.64
1010.05
1009.19
1006.32
1000.43
994.58
993.35
992.10
983.00
977.55
975.44
974.25
974.29
971.86
971.38
971.60
972.11
975.27
975.12
976.56
977.04
977.54
977.54
977.00
978.48
977.74
974.84
973.20
971.92
970.08
966.65
963.60
956.44
951.47
945.04
943.47
943.93
942.32
942.47
942.97
943.00
948.48
949.95
951.57
953.42
954.97
954.05
958.03
957.82
959.11
959.65
959.12
957.58
953.81
947.24
948.46
947.75
946.96
946.92
947.78
947.46
948.42
948.28
949.24
949.53
948.30
950.03
949.03
948.41
947.33
943.78
941.86
941.84
942.69
942.21
942.35
943.02
945.64
946.17
946.79
947.09
948.04
948.10
948.80
951.92
950.62
950.71
950.29
943.90
942.89
942.45
941.95
940.35
939.90
939.16
944.47
944.06
945.47
946.09
945.97
945.53
946.03
945.62
946.12
944.69
944.69
945.14
941.38
940.04
938.91
939.04
938.54
938.08
938.56
937.03
933.60
928.16
919.79
915.54
915.22
915.56
913.81
912.47
911.19
908.83
906.96
905.39
904.76
903.43
903.20
903.57
903.95
903.95
903.95
905.04
907.52
908.43
911.44
912.62
915.93
919.94
924.30
936.11
943.78
945.43
947.46
948.35
953.96
954.27
954.67
954.05
954.48
952.12
951.96
950.47
948.24
948.25
948.28
942.70
942.23
940.72
939.86
940.39
940.39
940.90
942.43
943.48
945.89
945.77
946.76
949.96
952.47
955.54
960.57
962.17
962.35
963.54
964.20
964.46
964.42
964.38
964.22
964.22
964.86
966.97
970.94
976.42
976.07
976.52
977.67
979.56
981.17
984.05
989.42
993.11
994.11
995.66
995.71
997.05
997.91
998.62
998.54
999.55
999.74
997.90
994.59
992.04
990.18
983.93
981.45
979.40
979.82
978.52
979.96
980.46
980.02
980.52
979.80
981.00
981.31
981.48
982.23
980.12
979.54
978.89
976.94
973.93
973.49
971.89
971.31
970.22
970.48
973.14
975.84
978.57
979.42
979.91
979.92
983.74
984.23
984.17
984.38
984.79
984.79
983.83
980.04
977.72
973.74
968.75
969.51
967.60
967.80
962.54
948.88
942.93
937.78
937.27
936.76
938.00
938.00
937.81
937.81
938.38
939.00
938.24
938.78
939.07
939.15
940.67
943.93
944.61
949.84
953.24
963.96
965.67
967.33
973.60
973.71
975.69
979.72
983.79
1003.08
1008.32
1010.00
1012.07
1012.61
1012.61
1013.95
1015.53
1016.42
1030.60
1043.82
1052.46
1054.59
1060.93
1067.68
1072.57
1076.44
1082.76
1087.05
1097.02
1103.38
1107.40
1108.95
1111.10
1117.22
1107.79
1076.77
1071.95
1057.80
1071.11
1070.74
1071.59
1072.49
1056.68
1043.94
1051.41
1051.00
1049.85
1046.30
1041.90
1034.28
1027.57
1027.06
1028.14
1028.68
1030.93
1033.14
1041.88
1044.16
1049.50
1052.36
1055.57
1056.19
1057.97
1058.34
1058.31
1059.79
1060.77
1062.45
1062.56
1064.50
1067.18
1067.92
1071.82
1078.72
1083.56
1085.41
1084.28
1091.59
1094.20
1086.67
1104.50
1108.28
1115.40
1131.84
1143.46
1150.89
1155.75
1163.90
1168.66
1183.16
1193.57
1210.48
1230.81
1246.80
1248.78
1258.03
1263.92
1276.91
1281.98
1290.90
1311.55
1324.00
1333.73
1351.95
1363.33
1370.47
1385.85
1385.97
1425.99
1460.75
1457.16
1463.44
1487.34
1543.43
1542.26
1557.15
1580.16
1619.45
1646.34
1672.42
1701.98
1701.91
1720.67
1752.03
1770.36
1788.41
1808.71
1839.64
1879.97
1884.24
1905.23
1933.33
1957.57
1971.36
1993.80
2005.27
2018.32
2039.85
2101.82
2113.71
2121.83
2103.49
2109.56
2115.98
2127.61
2129.53
2138.15
2142.27
2145.50
2147.23
2147.21
2147.10
2142.67
2143.30
2141.74
2139.60
2139.46
2138.44
2137.56
2135.02
2132.33
2118.78
2120.73
2115.90
2094.80
2045.26
2026.82
2011.55
1991.39
1981.37
1948.81
1923.50
1907.78
1890.67
1868.94
1847.24
1844.11
1809.60
1794.28
1767.99
1732.68
1709.69
1687.93
1664.06
1671.58
1635.43
1616.80
1600.88
1595.37
1585.29
1557.78
1537.00
1519.82
1509.72
1500.78
1484.58
1466.00
1451.89
1440.19
1423.32
1410.91
1402.52
1397.55
1380.09
1366.72
1357.94
1349.18
1337.94
1326.62
1313.58
1300.35
1295.85
1282.58
1273.79
1266.02
1263.69
1255.63
1274.48
1239.03
1223.04
1213.63
1205.31
1195.52
1179.85
1174.67
1159.97
1164.64
1154.63
1140.20
1137.70
1134.42
1132.36
1126.97
1125.93
1119.74
1117.68
1115.12
1111.77
1108.48
1106.19
1105.85
1105.06
1104.59
1104.24
1101.83
1101.20
1101.60
1096.48
1092.00
1088.78
1085.21
1084.08
1081.34
1080.65
1082.66
1086.87
1087.64
1089.84
1091.33
1092.27
1095.77
1100.30
1106.19
1111.10
1120.74
1131.11
1133.59
1145.12
1138.42
1125.12
1125.93
1127.23
1151.48
1204.01
1220.71
1231.13
1248.02
1261.60
1271.09
1284.84
1287.55
1304.60
1315.69
1326.56
1329.75
1334.46
1345.31
1355.87
1361.30
1367.58
1369.07
1371.11
1370.98
1373.29
1374.24
1375.77
1378.68
1390.62
1392.40
1393.21
1394.19
1394.70
1395.24
1395.24
1395.37
1395.50
1395.37
1396.53
1388.00
1382.00
1373.10
1370.68
1362.94
1357.91
1350.15
1343.01
1340.97
1347.07
1312.52
1300.88
1293.40
1281.34
1270.67
1254.00
1235.62
1222.32
1209.40
1197.71
1176.08
1158.12
1161.28
1157.93
1149.87
1158.65
1155.37
1146.97
1220.90
1137.19
1132.25
1128.17
1126.58
1125.44
1125.38
1124.82
1125.94
1129.68
1131.18
1132.72
1134.04
1135.61
1136.17
1136.15
1136.69
1136.72
1133.62
1133.19
1131.27
1130.02
1126.46
1120.73
1118.46
1109.83
1104.72
1103.31
1097.32
1095.02
1093.04
1091.07
1091.20
1087.88
1080.31
1075.81
1074.96
1074.38
1073.91
1072.82
1072.96
1073.46
1073.75
1073.96
1073.58
1073.57
1074.10
1073.60
1074.16
1071.17
1067.54
1067.94
1066.08
1065.47
1064.47
1061.97
1061.23
1060.11
1060.25
1060.40
1060.28
1060.08
1059.06
1053.23
1053.24
1051.54
1048.92
1049.09
1050.70
1041.27
1030.22
1018.83
1013.88
1014.48
1010.87
1010.94
1009.97
1010.47
1017.56
1018.86
1021.68
1023.29
1026.80
1033.29
1041.47
1046.85
1049.89
1054.22
1057.94
1058.11
1063.49
1066.09
1070.97
1071.39
1073.86
1073.97
1072.93
1073.55
1072.13
1075.75
1078.50
1079.14
1090.84
1091.54
1091.75
1092.23
1092.41
1088.05
1123.34
1130.62
1146.21
1156.10
1160.53
1163.54
1173.33
1176.49
1180.68
1183.11
1190.67
1199.60
1201.06
1203.06
1205.32
1209.15
1210.81
1216.64
1218.36
1221.61
1224.15
1225.18
1226.22
1225.18
1225.67
1225.67
1225.31
1225.93
1221.30
1216.40
1211.90
1209.75
1209.79
1209.06
1207.33
1207.43
1205.96
1202.21
1191.96
1185.69
1184.17
1183.55
1183.58
1179.45
1176.04
1176.63
1175.46
1174.33
1171.75
1170.45
1161.06
1158.70
1153.26
1146.67
1140.46
1134.79
1131.71
1123.08
1116.82
1110.97
1103.87
1100.68
1095.81
1087.76
1081.12
1065.52
1055.65
1015.34
957.60
945.11
939.85
938.64
942.33
941.83
940.17
930.47
889.46
892.53
944.78
962.38
964.29
964.32
968.81
973.09
976.50
978.78
985.24
988.50
998.85
999.91
1000.16
999.72
1004.06
1007.54
1011.63
1013.89
1017.84
1027.16
1032.17
1032.84
1033.08
1034.95
1037.25
1041.57
1043.12
1057.44
1062.31
1063.72
1069.59
1069.56
1073.10
1079.09
1081.07
1083.66
1093.41
1108.80
1113.93
1119.79
1137.23
1152.40
1164.24
1161.66
1167.34
1176.57
1189.32
1202.12
1215.17
1232.61
1250.77
1345.82
1348.62
1276.05
1293.29
1318.23
1331.95
1319.26
1321.66
1387.98
1423.02
1430.86
1479.27
1518.82
1484.77
1517.21
1532.40
1571.37
1585.92
1595.26
1620.28
1628.48
1670.05
1670.55
1691.07
1705.30
1729.66
1744.51
1772.15
1786.86
1783.23
1794.42
1800.89
1813.55
1818.18
1831.72
1836.25
1843.73
1846.33
1845.66
1843.91
1843.55
1842.43
1839.85
1835.00
1818.58
1813.87
1823.66
1810.43
1759.00
1749.06
1729.49
1702.06
1689.70
1668.86
1652.15
1628.96
1628.57
1581.50
1569.32
1555.62
1524.63
1500.42
1490.91
1480.72
1427.14
1414.79
1394.33
1387.47
1354.32
1348.32
1330.03
1297.03
1288.07
1278.99
1258.30
1249.42
1244.52
1209.72
1200.32
1191.81
1188.90
1183.76
1207.09
1167.54
1166.59
1164.80
1160.00
1156.81
1239.32
1161.94
1168.43
1168.54
1171.48
1174.19
1179.51
1180.53
1180.15
1184.29
1190.48
1203.79
1213.24
1214.06
1217.66
1226.75
1229.83
1234.79
1238.17
1242.32
1253.55
1257.12
1258.53
1260.79
1264.67
1269.35
1276.90
1279.23
1284.77
1290.38
1292.67
1294.04
1295.85
1298.09
1302.64
1307.38
1308.66
1311.77
1314.24
1314.48
1315.10
1313.71
1313.95
1308.23
1305.64
1295.55
1295.37
1285.89
1285.23
1283.05
1268.82
1277.02
1269.83
1243.53
1229.95
1214.47
1204.31
1207.62
1208.28
1202.79
1199.67
1198.43
1194.41
1192.43
1192.92
1193.42
1193.88
1196.54
1198.12
1203.45
1206.98
1210.05
1211.51
1217.39
1226.30
1234.33
1235.60
1253.47
1246.92
1248.24
1250.64
1252.03
1258.09
1264.09
1266.00
1269.36
1269.42
1267.38
1269.12
1277.71
1280.74
1283.80
1282.63
1281.46
1280.58
1274.02
1275.51
1274.21
1271.68
1270.76
1268.58
1267.98
1265.86
1265.05
1263.25
1262.02
1262.40
1259.34
1256.30
1256.07
1254.85
1256.57
1251.55
1241.10
1220.08
1233.90
1214.17
1206.43
1195.63
1189.12
1179.52
1170.99
1162.64
1160.80
1164.47
1161.93
1160.96
1153.85
1146.82
1138.73
1127.52
1124.92
1123.56
1122.53
1124.09
1121.12
1120.42
1120.76
1118.88
1118.93
1118.07
1119.38
1121.63
1126.58
1130.83
1132.31
1131.32
1130.80
1131.16
1133.58
1151.39
1206.45
1235.05
1256.53
1276.67
1307.38
1301.82
1298.67
1296.66
1310.78
1317.69
1324.42
1331.26
1342.97
1342.55
1356.74
1355.30
1352.88
1362.39
1379.14
1406.84
1417.40
1413.59
1438.39
1445.65
1513.86
1558.71
1534.20
1544.72
1570.68
1590.20
1631.74
1649.46
1652.44
1676.68
1760.36
1790.87
1798.89
1800.00
1801.00
1802.42
1805.23
1802.98
1810.44
1821.03
1822.73
1825.70
1825.00
1823.85
1815.55
1804.94
1796.21
1794.37
1795.63
1796.82
1791.28
1790.81
1786.62
1779.74
1755.81
1735.43
1729.05
1719.29
1715.15
1709.18
1704.40
1693.14
1694.65
1686.30
1652.98
1653.17
1623.50
1634.41
1630.40
1619.97
1605.61
1591.15
1577.98
1540.14
1526.63
1509.50
1494.84
1483.79
1472.05
1457.07
1443.35
1427.42
1408.13
1395.03
1377.63
1361.80
1338.70
1321.39
1307.32
1300.68
1284.43
1266.37
1258.39
1247.75
1229.13
1215.04
1204.61
1192.76
1188.98
1185.09
1173.73
1170.99
1162.96
1157.10
1151.85
1147.27
1146.25
1144.48
1139.21
1129.46
1115.76
1104.01
1101.65
1100.81
1099.77
1096.10
1095.71
1089.61
1084.97
1080.85
1080.65
1081.56
1081.54
1088.40
1092.00
1096.81
1096.92
1105.23
1111.52
1118.75
1121.63
1122.92
1130.96
1136.03
1138.39
1139.03
1140.03
1139.53
1138.59
1132.76
1132.62
1130.30
1130.52
1130.75
1128.47
1125.40
1120.50
1115.22
1111.67
1109.88
1107.29
1101.24
1100.79
1098.15
1094.65
1093.22
1092.42
1087.21
1080.95
1077.54
1071.79
1072.36
1070.43
1069.39
1067.85
1065.43
1063.88
1062.29
1061.22
1063.00
1061.00
1057.37
1042.90
1040.48
1050.70
1066.03
1040.54
1056.79
1062.88
1060.91
970.95
967.69
1004.68
1005.97
1007.72
1007.40
1010.34
1010.85
1012.45
1012.97
1012.45
1010.97
1009.94
1009.94
1013.23
1015.31
1016.93
1027.31
1024.03
1019.40
1030.16
1039.14
1049.98
1079.38
1080.94
1102.58
1105.53
1108.55
1111.64
1124.05
1140.74
1164.41
1177.66
1191.14
1203.37
1207.55
1238.56
1231.90
1246.62
1262.66
1273.97
1282.73
1310.98
1337.49
1357.51
1372.06
1388.18
1426.47
1421.08
1438.63
1450.85
1470.04
1513.39
1538.85
1566.24
1582.46
1676.05
1682.92
1701.75
1714.16
1715.19
1744.74
1787.77
1817.76
1838.56
1842.45
1867.48
1882.59
1913.91
1930.95
1943.21
1966.02
2004.74
2016.74
2031.74
2051.23
2062.24
2090.63
2099.70
2104.07
2109.59
2117.41
2118.62
2154.38
2126.79
2128.41
2122.31
2115.62
2126.83
2096.83
2080.90
2087.32
2072.82
2041.98
2029.20
2036.81
1983.78
1964.25
1949.41
1943.47
1910.84
1876.92
1849.31
1830.79
1807.81
1793.83
1775.66
1757.25
1743.38
1739.67
1705.21
1670.56
1659.91
1629.21
1607.32
1575.80
1573.06
1562.01
1534.90
1513.98
1478.67
1467.02
1443.37
1432.61
1421.83
1405.05
1388.63
1371.06
1353.49
1335.66
1325.15
1319.66
1300.51
1297.14
1307.68
1285.91
1264.56
1241.71
1222.58
1211.10
1201.14
1192.27
1187.85
1181.80
1177.78
1172.39
1159.78
1148.07
1141.41
1135.65
1125.72
1123.74
1121.69
1119.17
1118.26
1115.67
1115.20
1106.69
1100.65
1095.75
1092.52
1090.44
1090.13
1087.60
1085.65
1084.52
1078.25
1075.59
1074.27
1073.53
1073.95
1073.66
1073.61
1075.90
1076.45
1076.53
1077.46
1077.54
1078.16
1075.46
1073.52
1073.52
1072.54
1071.35
1070.95
1065.39
1062.11
1060.74
1057.79
1050.94
1050.12
1048.53
1047.71
1048.29
1045.23
1043.04
1039.58
1037.96
1035.52
1028.75
1019.04
1012.54
1007.13
1005.95
999.60
996.76
992.72
990.48
988.98
989.50
988.22
988.47
988.83
989.48
989.67
990.41
994.49
999.89
1001.56
1007.10
1009.42
1009.60
1012.65
1012.88
1013.15
1014.57
1015.54
1009.46
1007.81
1007.51
1001.27
988.49
980.81
971.99
963.56
959.71
956.53
953.08
949.52
939.23
937.66
938.42
939.69
940.97
940.13
943.96
948.43
950.35
955.77
963.98
964.14
965.21
964.98
966.48
968.50
968.96
967.22
966.50
963.94
963.41
962.48
961.09
958.90
955.65
953.56
952.56
952.06
951.97
952.47
952.47
951.03
950.41
950.03
948.07
947.97
946.41
944.43
943.05
941.55
941.22
939.83
939.32
939.83
939.32
939.96
942.00
941.93
943.93
945.33
945.97
949.25
950.70
950.90
951.25
951.53
951.69
953.06
954.12
954.39
955.95
956.28
956.60
956.21
956.55
956.04
953.00
951.44
949.94
948.91
945.50
944.44
944.63
943.56
944.35
944.34
949.40
952.04
962.64
969.29
969.64
986.02
995.61
993.11
1000.31
1008.87
1011.32
1020.54
1030.20
1041.06
1043.63
1045.16
1045.62
1045.21
1045.46
1045.03
1036.52
1028.85
1022.00
1023.65
1022.49
1020.37
1018.77
1015.31
1008.40
998.55
988.96
983.38
980.21
980.43
979.47
979.47
978.93
983.67
985.02
986.05
987.14
989.67
992.53
994.22
995.03
995.03
995.94
995.43
996.19
995.10
994.58
994.42
994.48
995.37
994.80
996.63
997.03
1000.12
1007.50
1015.61
1017.67
1024.70
1034.75
1023.04
1025.17
1043.31
1053.00
1064.60
1078.15
1101.00
1093.41
1093.78
1091.27
1097.14
1101.55
1109.69
1120.27
1121.77
1124.23
1124.23
1124.67
1124.67
1124.65
1123.05
1121.25
1122.00
1122.63
1125.65
1127.10
1131.36
1133.24
1134.78
1137.27
1134.59
1142.27
1145.90
1160.33
1169.42
1171.44
1177.77
1179.30
1185.12
1192.16
1197.00
1200.07
1203.97
1213.19
1259.59
1227.07
1233.31
1236.15
1240.79
1242.82
1246.01
1250.89
1258.69
1269.43
1279.18
1291.57
1301.91
1313.52
1315.04
1348.33
1355.75
1350.51
1386.68
1379.57
1394.39
1395.19
1413.71
1424.15
1433.39
1440.81
1462.29
1497.98
1484.06
1524.70
1544.23
1553.60
1576.00
1594.19
1634.48
1646.52
1665.46
1692.54
1740.22
1772.21
1808.67
1807.10
1833.24
1838.26
1878.80
1885.87
1870.82
1919.32
1926.33
1948.41
1985.34
2016.64
2037.69
2046.35
2072.62
2135.37
2208.66
2217.85
2239.80
2272.11
2310.10
2327.90
2362.45
2393.72
2445.18
2533.28
2574.18
2575.83
2564.21
2571.18
2594.17
2599.56
2592.91
2596.86
2602.32
2602.92
2607.23
2604.61
2606.56
2607.56
2609.11
2608.76
2609.03
2610.77
2608.08
2603.09
2607.45
2599.43
2606.32
2591.03
2565.04
2564.00
2518.01
2501.19
2483.25
2440.94
2427.21
2410.40
2396.69
2374.12
2353.63
2329.80
2299.33
2272.49
2244.27
2223.66
2192.51
2166.11
2139.94
2110.81
2079.39
2055.79
2033.71
2001.74
1977.20
1950.41
1952.89
1919.70
1908.44
1870.32
1841.89
1830.54
1817.45
1778.65
1753.62
1749.58
1720.40
1706.95
1686.93
1672.63
1661.22
1646.05
1633.35
1610.04
1594.86
1569.82
1556.74
1551.88
1543.80
1538.69
1531.29
1515.77
1494.04
1475.70
1469.36
1455.71
1445.97
1436.62
1420.59
1393.59
1392.94
1386.23
1368.35
1370.51
1366.90
1358.92
1354.23
1347.47
1344.00
1343.41
1341.72
1343.31
1348.24
1350.69
1354.12
1356.69
1360.86
1362.44
1363.53
1371.15
1377.04
1387.40
1392.34
1395.09
1397.10
1400.23
1402.74
1407.20
1409.40
1417.13
1422.70
1420.18
1420.94
1421.64
1420.35
1419.21
1420.53
1422.36
1424.45
1426.23
1430.40
1437.65
1440.82
1446.90
1457.53
1482.86
1479.68
1483.32
1450.80
1499.03
1510.76
1530.05
1544.14
1552.61
1571.47
1579.05
1594.54
1604.30
1609.17
1613.39
1617.88
1626.56
1634.83
1645.90
1658.47
1678.12
1694.12
1692.92
1712.87
1730.01
1737.80
1713.12
1747.08
1779.07
1812.20
1824.72
1839.27
1853.20
1865.58
1881.55
1896.22
1920.62
1957.26
1991.02
2006.25
2027.41
2047.35
2068.84
2083.58
2117.39
2137.32
2173.77
2208.63
2234.54
2265.92
2290.26
2304.72
2349.48
2371.22
2394.16
2422.04
2451.81
2484.46
2520.13
2566.51
2602.94
2633.18
2661.42
2706.28
2724.05
2765.57
2791.95
2816.38
2829.60
2869.97
2908.07
2937.52
2965.03
2998.35
3025.08
3037.84
3050.54
3070.27
3078.53
3097.23
3135.45
3132.71
3147.35
3154.43
3159.59
3163.10
3164.30
3164.61
3165.67
3168.93
3169.25
3171.42
3171.62
3171.62
3169.17
3167.95
3160.52
3150.96
3148.09
3141.02
3141.77
3142.33
3140.51
3133.46
3130.38
3099.60
3084.28
3072.91
3054.32
3038.66
3033.34
3025.75
3015.26
3000.80
2950.11
2941.43
2946.88
2928.93
2908.59
2880.10
2866.69
2850.69
2826.56
2825.02
2799.27
2781.88
2765.88
2740.10
2714.11
2681.48
2655.12
2634.62
2607.99
2596.22
2570.54
2545.27
2512.26
2477.82
2456.86
2426.41
2398.58
2374.15
2349.01
2328.12
2312.43
2282.57
2251.19
2236.85
2220.78
2187.36
2170.88
2149.76
2126.40
2105.67
2075.79
2074.73
2077.79
2039.20
2022.48
1993.69
1967.44
1954.36
1937.32
1928.64
1921.41
1919.91
1912.65
1901.80
1885.04
1868.52
1861.64
1854.92
1848.93
1843.36
1834.57
1826.72
1818.89
1802.57
1800.80
1798.02
1795.80
1788.68
1781.38
1771.53
1755.14
1750.19
1750.03
1746.23
1744.47
1742.76
1739.70
1735.59
1726.77
1708.83
1706.90
1701.00
1700.93
1700.15
1699.44
1698.37
1694.49
1691.42
1688.46
1685.22
1683.90
1681.57
1679.94
1681.42
1682.89
1684.48
1695.52
1693.55
1685.63
1681.86
1684.12
1687.11
1689.95
1752.73
1760.25
1769.78
1781.36
1827.03
1808.01
1825.22
1843.00
1871.36
1884.20
1894.74
1893.38
1903.47
1951.82
1953.83
1982.29
2005.57
2010.53
2005.77
2037.20
2064.86
2084.69
2111.59
2153.60
2183.80
2210.04
2229.91
2237.66
2252.92
2270.35
2289.26
2296.31
2331.25
2363.06
2389.60
2405.84
2423.94
2448.76
2465.25
2473.15
2487.82
2502.84
2517.72
2537.92
2559.29
2567.55
2604.04
2627.28
2661.58
2697.40
2696.09
2744.45
2772.16
2815.70
2870.78
2875.57
2906.71
2914.79
2926.18
2934.92
2957.54
2957.96
2975.43
2992.05
3002.30
3020.67
3026.81
3033.03
3049.18
3063.51
3084.71
3098.96
3115.12
3118.62
3123.82
3131.12
3141.69
3140.94
3148.71
3171.70
3191.64
3218.43
3232.74
3238.89
3243.25
3287.09
3248.56
3247.94
3284.27
3286.74
3293.54
3296.21
3308.34
3312.45
3314.86
3316.12
3315.71
3317.38
3317.21
3319.02
3311.97
3309.75
3309.21
3250.18
3210.65
3205.67
3224.70
3245.94
3233.63
3234.65
3252.85
3169.79
3154.83
3153.99
3150.67
3145.03
3128.59
3119.86
3100.58
3088.62
3081.74
3073.98
3063.30
3047.44
3039.77
3012.73
3002.78
2997.38
2981.31
2972.10
2959.44
2945.41
2936.62
2865.95
2837.57
2820.56
2819.75
2820.29
2810.16
2785.60
2783.74
2769.48
2732.62
2712.79
2697.85
2679.08
2667.70
2644.22
2627.96
2621.49
2569.80
2531.30
2503.42
2483.68
2470.62
2458.68
2452.50
2454.87
2441.98
2430.41
2410.09
2312.56
2293.65
2266.46
2239.24
2231.09
2201.18
2170.61
2155.05
2122.76
2109.49
2065.21
2072.94
2058.11
2035.14
2029.36
1957.85
1986.27
1969.33
1964.08
1944.78
1908.89
1882.46
1867.08
1854.97
1842.59
1824.64
1825.11
1803.96
1785.25
1773.69
1747.02
1730.52
1716.57
1707.95
1692.01
1675.63
1669.68
1649.85
1637.28
1648.57
1730.03
1619.05
1617.09
1640.38
1589.03
1574.21
1561.23
1582.18
1530.33
1527.17
1520.39
1510.59
1508.96
1498.60
1477.59
1469.35
1458.30
1450.38
1448.95
1447.20
1445.25
1434.19
1429.05
1425.84
1417.63
1409.85
1399.47
1390.90
1379.84
1398.82
1371.11
1361.33
1341.04
1320.87
1315.45
1315.22
1297.99
1286.05
1280.16
1267.76
1241.42
1235.61
1230.84
1230.78
1213.00
1212.31
1213.15
1213.07
1207.52
1201.36
1202.72
1197.64
1195.93
1195.92
1193.82
1192.75
1193.28
1191.65
1188.64
1181.94
1176.41
1172.42
1164.44
1160.29
1157.63
1158.34
1156.02
1155.59
1154.72
1155.48
1153.64
1146.42
1143.44
1143.67
1142.76
1142.19
1140.91
1134.91
1131.87
1137.06
1113.64
1124.08
1122.44
1120.88
1117.21
1115.64
1114.55
1113.47
1112.19
1113.10
1112.82
1111.24
1108.56
1107.57
1096.85
1092.11
1086.75
1088.57
1083.44
1058.26
1065.84
1055.84
1044.60
1035.45
1023.90
1017.83
1016.02
1010.00
1003.35
998.78
995.63
990.77
987.86
984.00
974.05
972.12
972.61
972.39
972.87
972.48
972.30
971.73
971.46
970.89
974.42
973.92
975.64
978.85
981.02
989.54
996.48
998.73
998.41
999.88
998.91
999.55
996.39
989.26
982.98
980.09
980.87
978.44
975.36
974.95
972.31
970.73
970.28
975.18
980.14
980.75
984.63
986.56
988.49
989.52
1000.27
1004.75
1008.67
1013.33
1014.91
1015.31
1015.31
1015.23
1013.59
1012.24
1014.94
1019.15
1020.98
1021.96
1023.06
1024.80
1026.81
1029.85
1032.03
1037.77
1047.09
1053.30
1058.15
1065.75
1069.73
1076.81
1078.44
1084.04
1090.34
1094.16
1100.25
1105.19
1108.15
1109.58
1108.83
1108.06
1106.80
1103.44
1100.89
1100.94
1099.82
1094.65
1092.65
1089.60
1086.67
1084.87
1084.04
1082.41
1080.83
1080.25
1079.78
1079.46
1078.92
1078.92
1078.96
1080.30
1081.06
1082.48
1081.75
1080.59
1083.03
1082.56
1081.50
1076.90
1074.71
1076.48
1058.98
1054.89
1068.89
1070.62
1067.28
1061.31
1045.70
1031.74
1023.13
1022.45
1020.04
1018.96
1014.30
1009.55
1001.60
1000.68
999.12
996.02
992.63
984.73
983.71
978.93
975.66
959.54
951.18
999.56
936.24
933.57
930.13
927.88
928.27
926.40
920.80
916.64
916.04
915.40
915.34
919.81
925.27
926.51
931.71
941.08
943.49
943.37
944.31
946.61
950.17
950.66
950.69
949.83
941.15
938.38
937.11
935.13
934.31
933.05
931.19
925.76
919.54
907.83
898.42
895.64
890.54
887.74
878.24
876.51
872.98
924.53
868.41
859.95
863.31
865.86
864.89
864.15
866.35
870.38
874.96
877.21
877.15
878.26
878.74
878.18
878.56
880.69
880.25
884.24
885.29
890.46
890.95
892.09
896.76
900.65
906.54
908.25
908.79
910.52
910.45
910.23
908.54
907.68
907.16
906.12
899.62
892.74
889.78
891.32
889.04
888.51
889.82
891.17
891.55
890.98
892.40
893.00
890.19
897.00
900.59
905.08
905.04
904.55
904.59
904.45
903.95
903.45
903.05
906.17
909.19
914.34
916.59
917.33
916.92
916.94
920.93
924.76
931.26
935.92
940.00
943.32
943.22
943.66
939.45
935.73
933.17
927.95
928.28
924.71
919.90
917.74
914.50
908.11
904.48
901.81
899.72
894.04
884.61
880.67
878.63
876.78
875.71
872.82
872.08
872.46
872.12
871.82
888.61
887.98
888.10
874.91
855.75
869.78
868.00
850.88
864.41
871.23
865.85
874.47
879.86
908.00
910.88
912.80
915.94
918.21
918.74
919.65
920.19
920.68
922.78
924.36
927.11
935.06
936.59
938.85
939.95
941.45
944.39
952.63
955.06
964.97
968.26
974.00
980.27
985.64
986.89
993.91
994.54
996.04
997.06
998.70
999.61
1000.18
995.24
986.51
982.00
980.45
976.32
973.69
971.49
969.97
966.07
962.35
960.75
960.94
960.12
960.16
958.71
959.82
959.42
959.96
960.42
961.47
961.44
961.81
961.56
963.74
971.09
986.83
1001.27
1009.55
1010.14
1012.53
1012.66
1015.31
1017.70
1022.44
1027.82
1030.60
1030.14
1030.29
1029.02
1025.04
1025.93
1025.41
1023.79
1024.31
1020.40
1019.15
1018.89
1019.37
1018.41
1017.52
1021.92
1023.03
1023.06
1022.48
1020.88
1011.37
1007.75
1001.03
1001.00
989.15
987.65
986.61
986.42
976.82
976.16
972.55
970.67
971.95
972.74
975.22
979.32
986.20
997.11
1010.97
1014.26
1015.52
1018.24
1022.34
1025.42
1026.75
1034.91
1035.68
1041.59
1042.69
1041.81
1041.81
1041.59
1040.43
1040.52
1039.05
1038.50
1037.62
1038.19
1038.55
1038.33
1038.55
1032.03
1028.42
1028.30
1026.46
1026.79
1025.91
1024.54
1025.40
1024.30
1022.29
1021.39
1021.44
1019.94
1020.11
1019.19
1015.56
1005.43
1001.49
1001.07
1001.38
997.39
996.16
990.71
982.85
979.77
970.17
964.77
958.42
957.89
956.96
956.53
957.75
964.96
965.56
965.89
965.55
965.12
969.20
969.09
972.05
975.08
975.56
974.03
972.34
968.73
965.82
966.33
965.54
960.91
950.99
936.03
922.54
916.59
913.62
911.76
909.92
904.86
899.83
898.83
896.45
895.47
895.30
896.45
896.82
897.53
897.97
897.68
897.55
897.62
897.06
896.81
895.25
894.03
894.82
893.16
893.83
890.91
890.75
890.97
892.25
895.17
898.02
901.94
906.53
912.77
915.27
918.05
926.71
930.16
946.57
945.34
949.76
952.77
954.59
958.86
959.42
960.06
960.62
961.13
962.07
962.15
963.88
969.55
972.47
974.14
974.45
974.61
976.14
977.63
982.39
983.68
986.25
986.61
986.58
987.07
986.13
986.06
985.44
983.42
981.82
981.03
980.68
979.97
976.46
973.55
971.80
975.12
975.65
977.67
977.56
979.07
984.53
981.18
986.50
985.26
985.27
985.61
983.25
974.20
970.22
970.40
972.02
971.91
969.53
966.77
964.00
964.45
963.45
964.45
969.42
970.79
969.38
970.02
975.56
973.51
975.03
981.20
1008.67
1023.36
1123.06
1032.00
1035.67
1036.62
1038.86
1039.55
1043.15
1046.34
1048.09
1048.62
1050.88
1051.43
1051.61
1055.24
1068.95
1074.15
1076.92
1102.90
1104.92
1114.60
1115.60
1128.67
1137.69
1150.23
1163.82
1173.48
1183.65
1185.06
1193.62
1197.17
1195.70
1206.71
1212.12
1217.95
1220.77
1226.46
1231.06
1237.57
1240.94
1241.72
1242.88
1245.03
1227.07
1254.54
1265.21
1273.03
1281.22
1286.20
1285.51
1306.90
1325.14
1332.31
1341.77
1341.60
1355.68
1392.77
1404.18
1419.49
1449.83
1496.80
1535.86
1525.56
1542.93
1570.01
1581.79
1622.09
1629.64
1739.34
1747.06
1763.08
1764.26
1771.62
1778.86
1791.85
1805.74
1810.22
1825.67
1831.07
1838.60
1853.95
1935.10
1872.04
1886.68
1897.44
1965.08
1905.11
1908.54
1910.08
1915.65
1916.38
1915.51
1916.60
1912.83
1907.18
1899.17
1892.94
1889.33
1881.79
1857.70
1850.33
1843.47
1840.62
1830.85
1813.40
1803.37
1797.88
1790.03
1785.29
1774.51
1767.20
1758.56
1748.52
1730.02
1714.54
1704.42
1694.39
1682.33
1665.52
1662.29
1658.63
1659.50
1651.26
1646.89
1647.28
1646.78
1650.33
1661.28
1659.93
1661.52
1660.69
1662.47
1664.22
1666.75
1670.28
1680.57
1698.76
1702.15
1705.04
1715.62
1719.84
1719.54
1728.42
1758.35
1764.23
1781.27
1786.21
1793.29
1800.11
1807.64
1814.32
1826.53
1837.37
1845.58
1875.37
1881.91
1882.83
1886.51
1887.21
1907.46
1928.95
1970.51
1988.02
2007.43
2016.75
2026.09
2036.56
2079.77
2093.94
2099.95
2123.07
2132.15
2135.06
2165.39
2180.48
2201.00
2184.06
2153.19
2254.91
2358.61
2420.07
2456.88
2486.04
2520.68
2554.05
2564.90
2613.24
2655.17
2676.22
2692.38
2714.06
2747.12
2769.10
2802.92
2850.28
2879.89
2911.90
2938.51
2955.98
2974.83
3009.87
3027.42
3046.54
3040.34
3080.02
3097.77
3115.80
3139.21
3159.02
3182.43
3198.24
3208.11
3233.57
3245.96
3256.89
3277.82
3286.86
3308.59
3324.83
3350.11
3376.45
3378.95
3378.47
3406.03
3414.85
3415.87
3418.02
3419.68
3425.30
3428.23
3431.59
3433.69
3438.33
3443.62
3447.43
3448.91
3448.02
3451.72
3449.98
3456.34
3460.86
3464.58
3468.22
3470.14
3469.38
3469.12
3465.33
3467.61
3466.08
3466.96
3464.67
3465.58
3466.36
3465.88
3460.17
3453.60
3451.00
3448.55
3446.96
3446.04
3445.13
3441.40
3436.32
3432.36
3432.90
3432.92
3433.39
3436.87
3446.98
3451.41
3448.89
3449.71
3451.74
3453.86
3455.54
3456.56
3456.74
3456.23
3453.59
3451.73
3448.43
3447.89
3445.54
3445.81
3436.67
3427.67
3423.63
3420.04
3417.40
3416.48
3415.13
3414.59
3414.05
3413.60
3412.55
3403.02
3399.55
3395.96
3394.50
3391.02
3387.09
3386.57
3390.00
3381.54
3367.37
3353.74
3342.45
3332.45
3319.01
3308.29
3301.57
3294.17
3290.52
3284.09
3280.69
3276.60
3269.44
3256.22
3242.08
3235.85
3219.20
3211.76
3194.58
3182.02
3165.78
3155.45
3145.05
3131.76
3120.77
3102.89
3088.46
3053.45
3021.69
3005.27
2988.46
2972.86
2957.66
2938.14
2922.40
2909.93
2891.70
2862.01
2835.87
2814.01
2796.44
2778.73
2766.93
2739.49
2728.82
2706.80
2688.93
2660.58
2645.72
2614.76
2602.42
2570.05
2561.13
2533.66
2505.38
2486.84
2464.36
2450.66
2413.95
2403.26
2392.62
2375.51
2333.18
2323.78
2315.81
2305.08
2275.86
2248.09
2256.26
2253.34
2202.11
2187.83
2169.54
2157.08
2144.62
2135.56
2128.69
2117.08
2108.54
2087.56
2069.17
2037.99
2026.90
2015.92
2010.73
2014.24
1997.94
1985.51
1979.57
1964.20
1955.81
1934.66
1913.96
1894.10
1882.93
1866.47
1856.15
1847.07
1824.11
1810.25
1789.74
1766.68
1751.48
1733.21
1715.26
1704.93
1691.49
1676.39
1663.27
1649.50
1639.02
1643.85
1606.65
1593.12
1583.71
1574.64
1564.08
1554.65
1550.08
1547.41
1536.82
1524.87
1512.68
1508.33
1502.96
1493.43
1485.33
1477.98
1472.15
1463.80
1455.31
1442.79
1429.07
1417.47
1408.25
1400.70
1391.66
1385.90
1381.37
1398.81
1391.97
1354.22
1347.06
1337.12
1329.97
1325.13
1319.78
1314.33
1298.37
1285.62
1268.55
1260.88
1261.22
1259.55
1258.74
1254.43
1250.55
1242.22
1224.10
1206.63
1195.10
1192.37
1190.77
1188.80
1188.67
1180.45
1177.28
1173.64
1166.25
1152.86
1148.67
1144.85
1143.80
1143.04
1136.42
1125.22
1119.11
1112.34
1100.84
1098.23
1092.95
1092.46
1095.65
1094.34
1084.39
1083.38
1082.62
1082.30
1081.89
1082.61
1083.72
1084.21
1084.70
1086.35
1085.65
1085.00
1086.50
1086.33
1086.38
1079.03
1078.12
1076.03
1072.24
1068.39
1067.62
1065.71
1065.18
1057.21
1047.82
1041.87
1040.41
1039.79
1038.70
1037.44
1036.96
1037.91
1037.48
1037.36
1037.91
1043.95
1045.92
1046.38
1045.44
1047.18
1048.58
1052.89
1055.25
1056.53
1056.53
1055.55
1052.54
1046.74
1045.78
1044.89
1042.25
1037.23
1034.30
1030.72
1029.19
1023.82
1020.45
1020.64
1019.36
1018.83
1018.83
1017.82
1016.06
1013.09
1013.26
1012.77
1013.55
1011.58
1012.79
1012.92
1014.86
1018.74
1017.74
1020.44
1020.15
1021.77
1022.44
1024.75
1023.00
1023.00
1023.57
1023.50
1011.16
1009.50
1005.37
1001.40
997.51
997.09
996.55
995.78
994.26
993.50
991.97
991.41
986.80
979.96
979.62
975.88
977.35
978.53
973.38
973.84
971.25
968.73
967.68
964.21
964.72
964.34
963.41
963.73
963.32
961.79
960.88
961.12
960.16
953.07
951.93
951.45
950.39
948.76
948.68
945.83
945.81
942.12
941.10
941.05
940.97
940.71
940.38
940.05
934.65
928.76
925.08
919.12
915.88
912.14
908.11
906.35
903.09
896.79
895.12
892.75
894.55
895.95
896.61
901.57
905.27
906.91
909.23
909.85
909.55
911.67
909.59
908.08
906.07
906.00
903.82
902.09
903.19
903.00
900.81
904.83
907.95
907.48
901.32
900.86
899.57
897.91
899.50
899.80
897.96
897.68
901.08
899.62
929.00
930.04
929.45
930.38
930.52
933.61
941.61
942.36
944.15
945.83
936.83
937.25
935.75
934.43
936.07
936.54
934.74
931.42
928.70
919.72
917.31
899.97
892.08
881.88
876.70
875.50
876.33
875.72
867.92
866.54
863.15
859.52
859.43
860.24
860.96
862.56
868.24
871.91
878.88
883.86
884.89
889.73
900.95
894.40
912.13
917.88
926.34
932.60
941.55
948.02
965.10
990.86
1016.00
1016.64
1007.89
1015.28
1020.95
1028.56
1021.29
1025.69
1028.66
1030.87
1030.05
1029.74
1028.88
1027.79
1026.04
1023.58
1023.04
1022.00
1022.42
1021.07
1021.07
1022.26
1022.67
1021.92
1022.38
1023.64
1023.38
1022.81
1020.85
1021.94
1021.94
1020.97
1021.44
1020.44
1020.44
1020.94
1021.95
1024.93
1034.14
1040.71
1038.76
1043.69
1044.75
1044.30
1051.18
1052.97
1047.67
1046.17
1052.40
1051.89
1047.32
1046.78
1048.45
1050.16
1057.76
1062.11
1061.96
1059.93
1062.77
1088.18
1070.29
1096.18
1132.20
1145.79
1151.46
1156.86
1173.35
1179.86
1199.09
1210.59
1221.10
1230.45
1237.55
1241.90
1244.41
1248.32
1257.98
1265.64
1269.83
1280.77
1285.02
1290.25
1294.34
1305.57
1311.90
1324.89
1337.64
1345.38
1358.36
1374.57
1386.98
1413.12
1429.52
1435.05
1458.71
1473.10
1484.89
1495.86
1514.56
1533.42
1592.39
1573.53
1588.98
1596.94
1615.49
1634.92
1634.19
1671.41
1691.21
1691.74
1699.12
1711.30
1713.90
1712.85
1715.48
1715.87
1723.29
1723.09
1728.09
1727.42
1723.17
1721.38
1721.17
1718.08
1719.68
1718.97
1717.86
1718.28
1719.38
1720.24
1720.97
1722.48
1721.59
1721.12
1720.31
1719.50
1716.65
1715.87
1707.81
1710.82
1709.86
1709.60
1675.43
1666.55
1651.92
1638.49
1630.08
1617.56
1611.51
1601.28
1593.22
1591.96
1586.49
1586.07
1559.13
1599.05
1568.01
1559.20
1550.40
1539.33
1531.05
1531.18
1525.26
1518.62
1512.03
1503.24
1494.31
1489.46
1483.10
1482.38
1472.45
1473.07
1470.85
1470.58
1475.77
1476.68
1486.71
1486.10
1489.61
1488.84
1490.87
1498.26
1501.10
1503.73
1504.49
1502.75
1505.37
1505.89
1504.69
1503.94
1502.59
1502.83
1502.93
1506.33
1537.20
1572.21
1586.96
1596.85
1613.07
1635.61
1654.33
1672.08
1687.82
1709.88
1724.17
1736.57
1773.17
1761.77
1801.67
1847.19
1860.40
1867.29
1880.18
1909.46
1944.98
 nan
1968.82
2007.38
2042.77
2035.58
2068.61
2088.01
2131.68
2180.42
2179.13
2235.90
2241.00
2295.71
2267.72
2259.60
2282.35
2332.35
2340.87
2355.11
2378.90
2415.47
2442.50
2470.08
2461.50
2481.47
2498.12
2522.50
2522.83
2555.59
2592.10
2627.82
2664.03
2669.55
2694.20
2706.68
2712.83
2711.57
2746.87
2812.49
2852.14
2880.51
2897.91
2902.11
2937.23
2956.98
2939.56
2985.18
3011.22
3033.20
3052.44
3025.51
3082.61
3097.34
3115.37
3129.13
3138.36
3148.45
3179.87
3136.81
3089.45
3106.46
3121.00
3128.30
3143.33
3151.37
3165.43
3192.40
3195.71
3199.33
3211.77
3216.32
3221.88
3230.39
3241.40
3263.98
3280.95
3302.40
3323.74
3328.82
3331.99
3337.47
3347.30
3342.05
3346.51
3350.50
3356.61
3364.08
3369.26
3369.35
3370.17
3370.30
3368.14
3368.00
3366.06
3358.53
3357.69
3357.21
3355.00
3356.03
3355.56
3354.76
3353.67
3345.97
3338.79
3335.88
3334.55
3331.44
3336.83
3328.28
3326.04
3312.18
3307.34
3302.98
3301.25
3294.42
3283.95
3278.00
3272.19
3267.45
3252.32
3261.88
3251.03
3245.62
3222.26
3196.68
3171.63
3159.15
3141.71
3103.44
3090.89
3079.45
3077.47
3063.18
3055.23
3030.43
2993.41
2975.67
2951.43
2923.19
2902.52
2885.93
2871.52
2848.69
2818.99
2797.40
2775.31
2730.68
2716.40
2692.70
2679.78
2658.06
2627.76
2611.71
2585.32
2550.92
2525.93
2494.72
2463.36
2441.70
2426.67
2378.99
2384.13
2344.77
2335.42
2302.23
2272.16
2245.40
2230.59
2201.06
2171.53
2132.85
2096.47
2074.34
2063.87
2050.02
2027.55
2009.15
1987.91
1969.26
1959.23
1941.41
1897.53
1873.89
1868.33
1835.74
1815.58
1800.71
1783.73
1772.04
1750.58
1730.01
1712.13
1689.97
1660.93
1652.07
1645.90
1634.99
1604.94
1586.83
1485.14
1472.92
1456.14
1451.95
1454.72
1450.12
1452.02
1452.35
1445.18
1415.19
1435.42
1435.62
1431.96
1422.32
1417.14
1415.06
1410.07
1406.21
1400.45
1394.70
1390.43
1373.84
1356.80
1344.69
1340.62
1334.58
1333.23
1331.14
1329.75
1310.40
1303.50
1315.36
1298.97
1299.97
1297.46
1297.32
1296.65
1296.20
1293.04
1292.42
1288.70
1288.61
1288.25
1282.59
1281.32
1273.79
1271.97
1268.95
1265.24
1264.22
1262.76
1259.81
1259.26
1259.47
1260.00
1257.15
1263.30
1258.09
1258.24
1260.24
1263.03
1263.97
1264.44
1265.53
1264.79
1262.69
1251.59
1241.54
1244.00
1232.62
1228.75
1221.45
1219.76
1207.52
1194.38
1187.43
1179.60
1174.70
1168.98
1168.30
1164.89
1159.76
1157.15
1148.40
1147.05
1146.32
1145.75
1145.20
1145.62
1146.15
1146.23
1145.71
1145.79
1145.41
1144.95
1144.90
1145.41
1146.84
1149.67
1151.71
1151.97
1153.83
1159.67
1162.15
1166.71
1176.79
1179.44
1175.20
1175.12
1175.36
1184.31
1202.55
1213.10
1222.62
1236.20
1241.69
1229.36
1244.44
1269.44
1273.55
1286.95
1319.50
1324.63
1317.55
1320.70
1342.46
1393.34
1390.90
1449.95
1483.80
1441.18
1451.39
1477.16
1483.83
1514.30
1502.77
1525.51
1540.46
1568.95
1629.22
1647.70
1655.24
1663.32
1660.10
1669.62
1661.62
1663.63
1669.71
1702.87
1677.04
1677.54
1676.08
1676.54
1675.31
1674.54
1672.02
1668.93
1659.44
1656.94
1652.15
1649.86
1643.96
1641.20
1642.21
1631.89
1618.96
1633.05
1633.18
1630.59
1595.91
1580.57
1566.48
1554.05
1534.49
1540.48
1497.58
1468.46
1471.91
1454.24
1482.07
1453.16
1449.46
1431.76
1389.45
1357.99
1357.43
1355.10
1302.22
1290.32
1273.47
1269.50
1300.23
1297.47
1263.93
1215.23
1203.96
1189.84
1175.74
1159.69
1144.94
1134.34
1125.50
1105.48
1093.53
1085.94
1084.57
1078.50
1075.95
1062.71
1054.70
1047.46
1029.84
1009.97
1006.54
1001.62
998.77
997.94
995.89
992.57
983.60
974.53
968.64
966.18
962.49
961.65
959.55
959.10
957.67
955.02
954.96
954.45
954.23
953.12
952.25
951.13
946.68
945.66
944.19
944.90
944.11
944.35
945.14
944.80
944.53
942.85
942.60
940.74
939.29
937.46
932.48
928.94
926.76
923.91
919.65
919.32
918.47
918.83
922.93
927.43
928.88
930.22
931.85
932.84
934.61
934.85
938.08
940.04
940.65
940.13
936.82
936.13
924.05
918.52
914.91
913.02
910.75
909.59
909.51
910.02
915.12
919.71
929.64
934.04
938.08
937.57
944.84
948.52
953.67
959.57
960.56
961.06
961.06
959.23
956.67
955.21
950.83
947.48
945.00
943.43
943.79
943.71
944.76
945.81
950.91
954.45
954.95
954.95
954.94
954.95
954.90
955.10
955.33
952.48
953.42
952.92
951.88
958.40
961.21
964.71
963.48
965.20
971.66
967.48
983.85
991.87
1018.32
1034.25
1037.32
1048.76
1053.29
1055.66
1059.19
1062.74
1069.20
1071.67
1074.76
1076.55
1071.58
1069.75
1064.66
1130.90
1058.38
1056.63
1050.74
1044.88
1042.28
1036.22
1027.61
1015.45
1005.71
1003.37
999.08
986.22
985.83
980.56
973.55
971.40
967.67
960.64
1092.32
956.11
954.05
954.67
954.45
1064.91
961.71
962.03
963.29
963.55
964.05
964.55
967.47
968.28
966.50
967.21
967.28
961.44
953.05
960.74
960.79
955.00
953.55
957.20
942.25
932.87
1034.33
925.70
924.50
1060.37
925.67
928.88
940.61
956.31
962.97
974.35
978.37
987.41
995.13
997.37
1006.99
1011.20
1034.15
1046.18
1054.33
1059.63
1065.25
1077.57
1091.94
1094.16
1102.87
1106.05
1109.45
1117.06
1123.21
1128.72
1132.88
1139.34
1152.84
1155.08
1156.24
1161.09
1171.76
1180.22
1187.23
1188.54
1193.35
1197.55
1200.78
1199.72
1210.00
1212.06
1220.10
1225.04
1227.61
1227.52
1228.54
1231.02
1230.80
1232.55
1233.81
1234.45
1233.27
1234.07
1233.69
1235.17
1239.76
1240.92
1241.81
1245.31
1246.35
1249.00
1249.02
1253.03
1261.04
1261.55
1260.54
1260.12
1258.96
1258.12
1258.57
1259.03
1258.63
1258.63
1255.94
1257.42
1258.11
1258.17
1248.94
1249.79
1253.00
1257.70
1265.87
1270.29
1267.78
1269.00
1268.56
1269.04
1270.42
1268.89
1267.04
1268.00
1266.33
1267.09
1268.84
1268.51
1267.90
1396.68
1477.46
1505.38
1520.36
1533.79
1537.54
1557.07
1574.83
1586.40
1598.55
1609.02
1626.15
1645.21
1649.09
1651.64
1668.21
1677.44
1684.02
1689.06
1693.61
1701.69
1709.98
1710.04
1709.71
1712.82
1714.29
1713.14
1709.05
1704.15
1700.27
1699.07
1697.20
1689.47
1682.94
1687.02
1687.10
1618.92
1589.91
1573.01
1557.48
1542.23
1527.74
1517.78
1499.65
1477.44
1469.59
1425.84
1433.05
1428.20
1424.72
1420.97
1413.95
1397.98
1398.33
1393.92
1386.09
1384.40
1383.28
1380.02
1380.05
1379.55
1381.97
1382.94
1384.58
1385.68
1389.07
1391.85
1392.35
1399.34
1400.97
1403.96
1404.12
1404.83
1410.61
1480.88
1491.79
1510.23
1529.52
1552.66
1568.66
1570.10
1592.79
1627.02
1645.54
1651.12
1650.56
1661.92
1660.00
1664.66
1666.40
1668.82
1675.34
1684.71
1685.13
1685.15
1685.57
1685.57
1685.64
1686.62
1687.70
1688.38
1687.48
1687.35
1683.06
1680.66
1679.81
1672.61
1670.33
1673.27
1663.98
1666.71
1613.04
1607.21
1603.12
1592.67
1576.82
1562.29
1556.77
1548.62
1543.85
1529.79
1530.23
1529.63
1527.77
1535.96
1535.67
1539.98
1541.31
1543.59
1544.53
1539.50
1547.10
1561.12
1572.74
1622.31
1579.99
1657.00
1630.98
1632.38
1645.17
1669.01
1695.75
1700.34
1708.19
1718.09
1742.31
1765.53
1782.86
1821.89
1862.21
1860.90
1861.47
1870.75
1895.59
1971.89
2001.35
2002.92
2014.20
2036.99
2054.18
2092.68
2124.67
2166.98
2201.41
2225.79
2251.43
2272.68
2284.77
2304.36
2321.60
2355.39
2386.36
2404.63
2444.74
2476.13
2511.58
2544.06
2561.05
2588.14
2664.84
2672.73
2679.22
2679.74
2679.75
2678.36
2684.15
2699.92
2705.18
2709.86
2710.69
2710.33
2699.90
2688.97
2678.13
2674.64
2673.74
2673.74
2669.04
2660.85
2675.03
2604.18
2578.02
2559.08
2536.44
2521.58
2505.40
2488.56
2462.76
2416.87
2392.13
2367.72
2353.60
2332.03
2301.25
2293.34
2262.23
2235.97
2199.90
2173.31
2139.34
2106.29
2079.44
2051.82
2024.69
1988.68
1973.87
1935.23
1907.07
1876.80
1845.37
1815.09
1786.55
1753.86
1743.43
1718.46
1700.21
1672.84
1641.38
1622.29
1589.33
1587.65
1564.17
1557.33
1564.32
1506.04
1501.38
1517.69
1501.23
1456.48
1444.50
1430.21
1422.86
1410.93
1403.91
1397.00
1385.51
1380.33
1372.11
1359.82
1349.14
1337.81
1328.49
1320.60
1316.81
1314.42
1307.63
1303.39
1300.78
1291.41
1285.00
1275.52
1273.71
1271.10
1270.62
1267.23
1262.84
1261.74
1261.63
1258.89
1252.93
1250.40
1248.09
1242.69
1240.76
1238.43
1236.46
1234.92
1234.76
1234.57
1232.43
1228.07
1225.06
1222.84
1221.84
1220.05
1212.43
1207.14
1206.52
1203.79
1199.13
1195.94
1192.11
1184.15
1181.58
1169.85
1164.91
1164.81
1163.94
1161.93
1160.33
1159.98
1156.28
1153.15
1152.86
1154.83
1162.18
1165.68
1167.68
1168.86
1176.61
1181.48
1192.37
1203.46
1211.65
1218.04
1225.53
1225.93
1229.05
1237.17
1247.70
1254.79
1261.35
1267.35
1273.00
1273.68
1274.07
1277.12
1280.95
1286.39
1288.27
1291.84
1305.69
1296.57
1312.10
1331.58
1349.61
1368.93
1406.32
1482.60
1447.11
1448.00
1459.43
1469.51
1484.86
1492.80
1509.60
1528.71
1543.99
1578.27
1585.48
1592.29
1613.57
1631.20
1641.45
1684.28
1694.34
1709.58
1730.26
1751.77
1781.26
1806.83
1824.95
1841.26
1863.38
1911.81
1921.13
1948.52
1961.66
1984.81
2016.75
2041.93
2072.76
2110.75
2145.97
2168.30
2182.68
2197.48
2230.89
2251.94
2278.33
2299.94
2323.42
