 63.00  6377.9857  46.55   7.98    100
 1951 04 15 07 30 00
 15/04/1951, 07:30:00, RES=0.2500  APOD FN = TRI
 2884.946 2924.871 0.0500321399     798
  0.82488
  0.81687
  0.80777
  0.80855
  0.79033
  0.76551
  0.76404
  0.78047
  0.81762
  0.85602
  0.87838
  0.90917
  0.92729
  0.92947
  0.94075
  0.91718
  0.91536
  0.92485
  0.93103
  0.93563
  0.91165
  0.91027
  0.91044
  0.89504
  0.89936
  0.89325
  0.83740
  0.82066
  0.80251
  0.81301
  0.83184
  0.86733
  0.88368
  0.90190
  0.90801
  0.90370
  0.90829
  0.90450
  0.90587
  0.89828
  0.89985
  0.88638
  0.87902
  0.82461
  0.79139
  0.70996
  0.61749
  0.54344
  0.50151
  0.51066
  0.57165
  0.65863
  0.75705
  0.81217
  0.84517
  0.87793
  0.90597
  0.90409
  0.90955
  0.93531
  0.93891
  0.93874
  0.95370
  0.94937
  0.95485
  0.96799
  0.96018
  0.94225
  0.92821
  0.91451
  0.90050
  0.91183
  0.90942
  0.89113
  0.89194
  0.87571
  0.82848
  0.74657
  0.68931
  0.63485
  0.62781
  0.62723
  0.54009
  0.45902
  0.38018
  0.33753
  0.35947
  0.42908
  0.54084
  0.64200
  0.69792
  0.72683
  0.75050
  0.74273
  0.73334
  0.72209
  0.68527
  0.66089
  0.67463
  0.70360
  0.75624
  0.80883
  0.84086
  0.84393
  0.81392
  0.77081
  0.71707
  0.63248
  0.55149
  0.54479
  0.52948
  0.44876
  0.34532
  0.25142
  0.19630
  0.20421
  0.24913
  0.32549
  0.42239
  0.51942
  0.62684
  0.68274
  0.70966
  0.73530
  0.75051
  0.74167
  0.73160
  0.69218
  0.67247
  0.63566
  0.58486
  0.49870
  0.38847
  0.28460
  0.21408
  0.21331
  0.28473
  0.38942
  0.50514
  0.59886
  0.69656
  0.77095
  0.81993
  0.84846
  0.89598
  0.90970
  0.90941
  0.91342
  0.93006
  0.93759
  0.93316
  0.94088
  0.95562
  0.96753
  0.95630
  0.94561
  0.94377
  0.92908
  0.90692
  0.87408
  0.85413
  0.85674
  0.87174
  0.86725
  0.86185
  0.84584
  0.78162
  0.64717
  0.49366
  0.32913
  0.30442
  0.30640
  0.38776
  0.48437
  0.54529
  0.57656
  0.58196
  0.57317
  0.45299
  0.35045
  0.33535
  0.34750
  0.45345
  0.56749
  0.66602
  0.73404
  0.78242
  0.81019
  0.83103
  0.85363
  0.85961
  0.84504
  0.83052
  0.81425
  0.79542
  0.75342
  0.70106
  0.60645
  0.48233
  0.34520
  0.18613
  0.16437
  0.14747
  0.15922
  0.23542
  0.31239
  0.41156
  0.43033
  0.42720
  0.34990
  0.29203
  0.30262
  0.37309
  0.44831
  0.54240
  0.62922
  0.67997
  0.68466
  0.67858
  0.61143
  0.56382
  0.52652
  0.53441
  0.58655
  0.66440
  0.73384
  0.75637
  0.76188
  0.77344
  0.78720
  0.78394
  0.76865
  0.75068
  0.68362
  0.62730
  0.53775
  0.44502
  0.36645
  0.28498
  0.18551
  0.10322
  0.09877
  0.09811
  0.14016
  0.20683
  0.27508
  0.28665
  0.27987
  0.28326
  0.36548
  0.42614
  0.43670
  0.34677
  0.25947
  0.17303
  0.09973
  0.04920
  0.03990
  0.02879
  0.02925
  0.04145
  0.10856
  0.16599
  0.24001
  0.31201
  0.38211
  0.40641
  0.36155
  0.32644
  0.33237
  0.37297
  0.46273
  0.56265
  0.64595
  0.71422
  0.72006
  0.71631
  0.69542
  0.62637
  0.52797
  0.39754
  0.25150
  0.15643
  0.13290
  0.15929
  0.23315
  0.32634
  0.42489
  0.53877
  0.61370
  0.67394
  0.71890
  0.74295
  0.81325
  0.80879
  0.77586
  0.72517
  0.60212
  0.48825
  0.38233
  0.32419
  0.32453
  0.38727
  0.39733
  0.40318
  0.43465
  0.47375
  0.55919
  0.64183
  0.71210
  0.76102
  0.78103
  0.78205
  0.77675
  0.72804
  0.71740
  0.72619
  0.76964
  0.80459
  0.85707
  0.89113
  0.89721
  0.89016
  0.90008
  0.89555
  0.88576
  0.88797
  0.88431
  0.87452
  0.84431
  0.81801
  0.73412
  0.62562
  0.55927
  0.54538
  0.57466
  0.64684
  0.73143
  0.80219
  0.84256
  0.88484
  0.92857
  0.93202
  0.94900
  0.94158
  0.94760
  0.94235
  0.92814
  0.93298
  0.94105
  0.93279
  0.93856
  0.95288
  0.95185
  0.96405
  0.96061
  0.96291
  0.96281
  0.96338
  0.96487
  0.96386
  0.96653
  0.97788
  0.97838
  0.96279
  0.96283
  0.96373
  0.95670
  0.95026
  0.94387
  0.95070
  0.95113
  0.95083
  0.95309
  0.96674
  0.96447
  0.94926
  0.92469
  0.90360
  0.92143
  0.93042
  0.92079
  0.91089
  0.88205
  0.83541
  0.76853
  0.67509
  0.58673
  0.51588
  0.50717
  0.54400
  0.62080
  0.71366
  0.77823
  0.82840
  0.86468
  0.89459
  0.90327
  0.90990
  0.89499
  0.84319
  0.80513
  0.79295
  0.80062
  0.83769
  0.88277
  0.89413
  0.89222
  0.90755
  0.91494
  0.91807
  0.92275
  0.93754
  0.92402
  0.91485
  0.89320
  0.86631
  0.85710
  0.86387
  0.87586
  0.89443
  0.95926
  0.95743
  0.94310
  0.92972
  0.91162
  0.87079
  0.81633
  0.71937
  0.64404
  0.62193
  0.67503
  0.75564
  0.83655
  0.87910
  0.87429
  0.85055
  0.83133
  0.82404
  0.84044
  0.86803
  0.85514
  0.84032
  0.83845
  0.84511
  0.87086
  0.89488
  0.89663
  0.84513
  0.81213
  0.74688
  0.63959
  0.63170
  0.65451
  0.69377
  0.75414
  0.82037
  0.87166
  0.89887
  0.90932
  0.89307
  0.89332
  0.90720
  0.91868
  0.92669
  0.93912
  0.93264
  0.88482
  0.82434
  0.73734
  0.62292
  0.54172
  0.51622
  0.58060
  0.66067
  0.76032
  0.82103
  0.87135
  0.89774
  0.91080
  0.91409
  0.91988
  0.92951
  0.94704
  0.93940
  0.95039
  0.96560
  0.95635
  0.96120
  0.96481
  0.96394
  0.95989
  0.96388
  0.94570
  0.92641
  0.94362
  0.94798
  0.94484
  0.93364
  0.90440
  0.89547
  0.88186
  0.85638
  0.83175
  0.78313
  0.70083
  0.60755
  0.48162
  0.34321
  0.32939
  0.34556
  0.43537
  0.54841
  0.64579
  0.71596
  0.77094
  0.81011
  0.80428
  0.78381
  0.77875
  0.73801
  0.69647
  0.63298
  0.55082
  0.44494
  0.30020
  0.16992
  0.11722
  0.11821
  0.15166
  0.21439
  0.31116
  0.41843
  0.51302
  0.58853
  0.62444
  0.65669
  0.67576
  0.68196
  0.64918
  0.57968
  0.48610
  0.39943
  0.32179
  0.20768
  0.15525
  0.10121
  0.06177
  0.08398
  0.12197
  0.17463
  0.24810
  0.31843
  0.39696
  0.51948
  0.59607
  0.66416
  0.70710
  0.76073
  0.78659
  0.82930
  0.86201
  0.87233
  0.88441
  0.89632
  0.90162
  0.92953
  0.95320
  0.95237
  0.94717
  0.95065
  0.93788
  0.93283
  0.90978
  0.90455
  0.91243
  0.91212
  0.92562
  0.94523
  0.97045
  0.96914
  0.96659
  0.98291
  0.99370
  0.98726
  0.97810
  0.98462
  0.97974
  0.97479
  0.96761
  0.98135
  0.99162
  0.99223
  0.97335
  0.95833
  0.94489
  0.95744
  0.95778
  0.93722
  0.93389
  0.93638
  0.95217
  0.93610
  0.92760
  0.93255
  0.93574
  0.95446
  0.95609
  0.95622
  0.98169
  0.98242
  0.98200
  0.96110
  0.95358
  0.94839
  0.95161
  0.95025
  0.95476
  0.93085
  0.92343
  0.88811
  0.85878
  0.83883
  0.78876
  0.66080
  0.62290
  0.59561
  0.62213
  0.66436
  0.69161
  0.68323
  0.64155
  0.60434
  0.52312
  0.40090
  0.27604
  0.16291
  0.08142
  0.02072
  0.00811
  0.00121
  0.00903
  0.00780
  0.00849
  0.02141
  0.03383
  0.07233
  0.12213
  0.20311
  0.28303
  0.37541
  0.45596
  0.51821
  0.57495
  0.64156
  0.69910
  0.74733
  0.78544
  0.81894
  0.84741
  0.87677
  0.90457
  0.91101
  0.91404
  0.92829
  0.92506
  0.92694
  0.93626
  0.93564
  0.94102
  0.95072
  0.95668
  0.96160
  0.96589
  0.98247
  0.97816
  0.98045
  0.98083
  0.96724
  0.98427
  0.99532
  0.97662
  0.93671
  0.93313
  0.93457
  0.93355
  0.92457
  0.91623
  0.85865
  0.83147
  0.77697
  0.70808
  0.66976
  0.66830
  0.67072
  0.71351
  0.74027
  0.76108
  0.75175
  0.74386
  0.66185
  0.55846
  0.45907
  0.37746
  0.28961
  0.18018
  0.13019
  0.09864
  0.05065
  0.03900
  0.04878
  0.06709
  0.11397
  0.18878
  0.28777
  0.39551
  0.51056
  0.60040
  0.67965
  0.77037
  0.78460
  0.81664
  0.83119
  0.84219
  0.84265
  0.85852
  0.88474
  0.88741
  0.87621
  0.85079
  0.79290
  0.71434
  0.68524
  0.69721
  0.73154
  0.79438
  0.86305
  0.91310
  0.94464
  0.96024
  0.96414
  0.97020
  0.96890
  0.97555
  0.96671
  0.96184
  0.96027
  0.95744
  0.92272
  0.91838
  0.94342
  0.95769
  0.95670
  0.96512
  0.94787
  0.90797
  0.88386
  0.86250
  0.85380
  0.84646
  0.84452
  0.84054
  0.84043
  0.70728
  0.67211
  0.68074
  0.76079
  0.79566
  0.79337
  0.73207
  0.68864
  0.68130
  0.70902
  0.73768
  0.72164
  0.65966
  0.56017
  0.45256
  0.33674
  0.29407
  0.34060
  0.43452
  0.55185
  0.66877
  0.75076
  0.80100
  0.83181
  0.84650
  0.85599
  0.87124
  0.88186
  0.85982
  0.83843
  0.80222
  0.72884
  0.64479
  0.54527
  0.46006