 63.00  6377.9857  46.55   7.98    100
 1951 04 15 07 30 00
 15/04/1951, 07:30:00, RES=0.2500  APOD FN = TRI
 2884.946 2924.867 0.0500265296     798
  0.45979
  0.46119
  0.46145
  0.45495
  0.46077
  0.46085
  0.45398
  0.43410
  0.45980
  0.46142
  0.46021
  0.43888
  0.46009
  0.45532
  0.46144
  0.44810
  0.44680
  0.45928
  0.43436
  0.43080
  0.44886
  0.51766
  0.55526
  0.44904
  0.45430
  0.47119
  0.45940
  0.48873
  0.46211
  0.46303
  0.46069
  0.45937
  0.45833
  0.44496
  0.46149
  0.46025
  0.41505
  0.46199
  0.45981
  0.46159
  0.46006
  0.46086
  0.46070
  0.45244
  0.39531
  0.44389
  0.46132
  0.46113
  0.46088
  0.46096
  0.33119
  0.46239
  0.43865
  0.46752
  0.46027
  0.45973
  0.45160
  0.45915
  0.45762
  0.45902
  0.46063
  0.43409
  0.42740
  0.41906
  0.43793
  0.45434
  0.45420
  0.47557
  0.44959
  0.45928
  0.43531
  0.44861
  0.43120
  0.46099
  0.45990
  0.46769
  0.27868
  0.03780
  0.03133
  0.01469
  0.01586
  0.02153
  0.02393
  0.02538
  0.02484
  0.02401
  0.01535
  0.00459
  0.01286
  0.01517
  0.01446
  0.01583
  0.02042
  0.01615
  0.02243
  0.03027
  0.01724
  0.02950
  0.03837
  0.02867
  0.02360
  0.03072
  0.04726
  0.55745
  0.61015
  0.61089
  0.60008
  0.59885
  0.59684
  0.60829
  0.60460
  0.59771
  0.60900
  0.61005
  0.61045
  0.60799
  0.59879
  0.59662
  0.59777
  0.60181
  0.58659
  0.56776
  0.56186
  0.55141
  0.55012
  0.56198
  0.57423
  0.57704
  0.60819
  0.61009
  0.60433
  0.60512
  0.61107
  0.61600
  0.61048
  0.61560
  0.61914
  0.61758
  0.61648
  0.60751
  0.61192
  0.62062
  0.61677
  0.61662
  0.62582
  0.61947
  0.61715
  0.61913
  0.61622
  0.61276
  0.61730
  0.60850
  0.60680
  0.59526
  0.57448
  0.56114
  0.55398
  0.56342
  0.56816
  0.59411
  0.59085
  0.60217
  0.60495
  0.60214
  0.59359
  0.58928
  0.60458
  0.59896
  0.58727
  0.58925
  0.57771
  0.57671
  0.57805
  0.58616
  0.58357
  0.58746
  0.57406
  0.55703
  0.55051
  0.54632
  0.53441
  0.52658
  0.52067
  0.50711
  0.49129
  0.46985
  0.45461
  0.43033
  0.40037
  0.35250
  0.31220
  0.27225
  0.23112
  0.18037
  0.12841
  0.09476
  0.06442
  0.05643
  0.05121
  0.06955
  0.08022
  0.11035
  0.15101
  0.20114
  0.25009
  0.30087
  0.33979
  0.37625
  0.42466
  0.46037
  0.48252
  0.50719
  0.51801
  0.53789
  0.55090
  0.55711
  0.56461
  0.57158
  0.56337
  0.55803
  0.56034
  0.53702
  0.53503
  0.53743
  0.53286
  0.49322
  0.45865
  0.43167
  0.40392
  0.41453
  0.45148
  0.48598
  0.51951
  0.52436
  0.52045
  0.51732
  0.49029
  0.45777
  0.40111
  0.35301
  0.29118
  0.21747
  0.13966
  0.12664
  0.11768
  0.18795
  0.28646
  0.36487
  0.42158
  0.45429
  0.47673
  0.48889
  0.47149
  0.46545
  0.46752
  0.46539
  0.46671
  0.50452
  0.52974
  0.54703
  0.56096
  0.57588
  0.59493
  0.60535
  0.60533
  0.59223
  0.58968
  0.58775
  0.59219
  0.59980
  0.59396
  0.58519
  0.57526
  0.57475
  0.58011
  0.58035
  0.56101
  0.53847
  0.53325
  0.53041
  0.52534
  0.48206
  0.44421
  0.39370
  0.35167
  0.28668
  0.23994
  0.19085
  0.14727
  0.12215
  0.12065
  0.15261
  0.21168
  0.30001
  0.38109
  0.43546
  0.46835
  0.50189
  0.52783
  0.54625
  0.55905
  0.56704
  0.57780
  0.57637
  0.58697
  0.59387
  0.60109
  0.61455
  0.61560
  0.60643
  0.61515
  0.61409
  0.62471
  0.62786
  0.61441
  0.62181
  0.62347
  0.61442
  0.60247
  0.60267
  0.59355
  0.57188
  0.55993
  0.55280
  0.55904
  0.57096
  0.58576
  0.60154
  0.57192
  0.55757
  0.53859
  0.50319
  0.45171
  0.38588
  0.32567
  0.28789
  0.29153
  0.34232
  0.41790
  0.48269
  0.51592
  0.53396
  0.55669
  0.56028
  0.58248
  0.59614
  0.59157
  0.58750
  0.57199
  0.56348
  0.55412
  0.55491
  0.54789
  0.55217
  0.55078
  0.51953
  0.49718
  0.46767
  0.43228
  0.37400
  0.29879
  0.25517
  0.18877
  0.15536
  0.14536
  0.15931
  0.21075
  0.28728
  0.36976
  0.45144
  0.47316
  0.49957
  0.53704
  0.55648
  0.56879
  0.56895
  0.56274
  0.55824
  0.53881
  0.50183
  0.48526
  0.45469
  0.42862
  0.39262
  0.35532
  0.34423
  0.38172
  0.44428
  0.51658
  0.55607
  0.58194
  0.61424
  0.63239
  0.64956
  0.65197
  0.65335
  0.63333
  0.61779
  0.61282
  0.62210
  0.62435
  0.63182
  0.63508
  0.63941
  0.65383
  0.65027
  0.65623
  0.65601
  0.65619
  0.65626
  0.66302
  0.66677
  0.66494
  0.66005
  0.65331
  0.65597
  0.65832
  0.65120
  0.66164
  0.66816
  0.67042
  0.68167
  0.67184
  0.65609
  0.65791
  0.67075
  0.66391
  0.65137
  0.65833
  0.65946
  0.66107
  0.66964
  0.65988
  0.65850
  0.65117
  0.64371
  0.64753
  0.64912
  0.64660
  0.64819
  0.63617
  0.62221
  0.61405
  0.60403
  0.56694
  0.52516
  0.47264
  0.40956
  0.35458
  0.34948
  0.37861
  0.44225
  0.48999
  0.51254
  0.50847
  0.49223
  0.44800
  0.38243
  0.37523
  0.40641
  0.48823
  0.54953
  0.57472
  0.57348
  0.55822
  0.53124
  0.50850
  0.46844
  0.41787
  0.35232
  0.28764
  0.25726
  0.25929
  0.32811
  0.41611
  0.47035
  0.50769
  0.52751
  0.51736
  0.49987
  0.48472
  0.48820
  0.49114
  0.48969
  0.48478
  0.46159
  0.44540
  0.41306
  0.37389
  0.33546
  0.29122
  0.25128
  0.18596
  0.13659
  0.10930
  0.09054
  0.07577
  0.07703
  0.06876
  0.04961
  0.05642
  0.06768
  0.07016
  0.08108
  0.11517
  0.15752
  0.19183
  0.24069
  0.30632
  0.36575
  0.40769
  0.44546
  0.47244
  0.48600
  0.49170
  0.50083
  0.50265
  0.49353
  0.49477
  0.46530
  0.43471
  0.39831
  0.38895
  0.39520
  0.44578
  0.47750
  0.49952
  0.50690
  0.49766
  0.48331
  0.46210
  0.43535
  0.40065
  0.35695
  0.31692
  0.25588
  0.20002
  0.15560
  0.11398
  0.09003
  0.07950
  0.06917
  0.07028
  0.07800
  0.07652
  0.08287
  0.13159
  0.18123
  0.23790
  0.28421
  0.32918
  0.36984
  0.42643
  0.48320
  0.51664
  0.54139
  0.56076
  0.56750
  0.58309
  0.60025
  0.60370
  0.59761
  0.60208
  0.60744
  0.61870
  0.61718
  0.59204
  0.56680
  0.54507
  0.50511
  0.47204
  0.46465
  0.47037
  0.48949
  0.49760
  0.48499
  0.45202
  0.41896
  0.41441
  0.42185
  0.45816
  0.51227
  0.53410
  0.53369
  0.53718
  0.49832
  0.45119
  0.40914
  0.35656
  0.29177
  0.22186
  0.15397
  0.12391
  0.12696
  0.15199
  0.21350
  0.30206
  0.36838
  0.42814
  0.44439
  0.45051
  0.46212
  0.48762
  0.52178
  0.55839
  0.59192
  0.60931
  0.61767
  0.63881
  0.63479
  0.63928
  0.64451
  0.65952
  0.65489
  0.65066
  0.64571
  0.64258
  0.64618
  0.65288
  0.65444
  0.65443
  0.65842
  0.65415
  0.64237
  0.64574
  0.62775
  0.61635
  0.59788
  0.57926
  0.56417
  0.51498
  0.46246
  0.40010
  0.32651
  0.26200
  0.21189
  0.18781
  0.18981
  0.23973
  0.32977
  0.42432
  0.47698
  0.52369
  0.54608
  0.54487
  0.53006
  0.50123
  0.45996
  0.41936
  0.41055
  0.41928
  0.46521
  0.47687
  0.46848
  0.44641
  0.40028
  0.38024
  0.38387
  0.44414
  0.52034
  0.59102
  0.62410
  0.64272
  0.64026
  0.63590
  0.64177
  0.63626
  0.61994
  0.62265
  0.62199
  0.62993
  0.65117
  0.65846
  0.66426
  0.67132
  0.67585
  0.67366
  0.67418
  0.67976
  0.67373
  0.67039
  0.65841
  0.64786
  0.64003
  0.62253
  0.60847
  0.60260
  0.60304
  0.60828
  0.63587
  0.65660
  0.67140
  0.67115
  0.67126
  0.68272
  0.67784
  0.68434
  0.68238
  0.68394
  0.68353
  0.67235
  0.67179
  0.66829
  0.66853
  0.65777
  0.65709
  0.65865
  0.65891
  0.64483
  0.64695
  0.64118
  0.62559
  0.61580
  0.60496
  0.59394
  0.57475
  0.54793
  0.51143
  0.46601
  0.42037
  0.37053
  0.29176
  0.22850
  0.17194
  0.14399
  0.14176
  0.15490
  0.16532
  0.17997
  0.19361
  0.19931
  0.19995
  0.25041
  0.32993
  0.41937
  0.50989
  0.55737
  0.59093
  0.59691
  0.60287
  0.61840
  0.62418
  0.64525
  0.64504
  0.65142
  0.64662
  0.63815
  0.62219
  0.61951
  0.59597
  0.59007
  0.58805
  0.58934
  0.59513
  0.59626
  0.60061
  0.60019
  0.60434
  0.57708
  0.56229
  0.53926
  0.49029
  0.45621
  0.40317
  0.34404
  0.28637
  0.22967
  0.17545
  0.14409
  0.14644
  0.18461
  0.25176
  0.30056
  0.37516
  0.42446
  0.43577
  0.43574
  0.44282
  0.44741
  0.42818
  0.39892
  0.34928
  0.29108
  0.22908
  0.17909
  0.13670
  0.10323
  0.08567
  0.08733
  0.08740
  0.09388
  0.09994
  0.12809
  0.15839
  0.18588
  0.25317
  0.29990
  0.36539