2221.92
2197.99
2163.86
2143.63
2136.52
2099.42
2079.97
2056.77
2029.28
2005.96
1993.04
1974.58
1965.00
1956.63
1943.00
1931.67
1910.16
1891.00
1886.50
1884.50
1864.81
1871.00
1867.35
1857.66
1852.00
1830.00
1800.72
1795.00
1786.50
1779.69
1764.89
1751.04
1742.22
1725.16
1716.83
1710.76
1696.18
1690.00
1672.95
1652.08
1649.60
1646.97
1643.36
1642.35
1641.50
1637.17
1631.00
1630.00
1625.50
1622.14
1622.68
1623.00
1623.00
1623.00
1628.41
1634.46
1641.19
1643.00
1644.45
1653.82
1654.96
1657.50
1659.00
1667.50
1671.00
1672.00
1672.50
1672.50
1670.00
1667.00
1666.00
1665.49
1666.00
1666.50
1670.19
1674.00
1674.50
1674.50
1678.87
1672.50
1690.53
1690.07
1725.65
1745.16
1754.00
1756.00
1757.00
1768.28
1779.50
1787.50
1792.50
1797.40
1827.00
1835.20
1833.21
1847.77
1851.30
1860.14
1871.08
1886.68
1909.00
1931.00
1947.50
1960.12
1981.27
1991.99
2010.00
2025.54
2033.97
2043.01
2062.50
2081.61
2099.99
2115.36
2133.99
2162.27
2184.00
2203.07
2213.00
2230.50
2259.97
2263.00
2280.34
2305.38
2326.53
2359.73
2360.23
2382.65
2395.36
2406.00
2424.30
2441.28
2466.41
2489.40
2509.58
2529.50
2565.04
2575.46
2588.81
2605.91
2618.38
2640.96
2651.96
2663.82
2684.00
2698.93
2700.39
2727.00
2744.00
2753.00
2755.00
2761.00
2765.28
2769.50
2772.20
2774.12
2779.00
2785.43
2786.57
2788.87
2788.41
2787.88
2786.89
2784.50
2781.60
2777.60
2757.86
2765.30
2739.43
2719.48
2708.48
2685.91
2674.55
2653.97
2632.61
2606.94
2574.88
2559.09
2539.99
2519.82
2475.11
2450.23
2410.12
2381.68
2353.91
2324.99
2294.99
2268.18
2249.31
2225.98
2199.02
2167.68
2149.03
2126.46
2083.15
2052.67
2024.85
2013.72
1997.13
1987.87
1944.48
1912.22
1893.29
1878.83
1850.50
1835.00
1815.20
1802.59
1786.09
1773.47
1747.60
1723.00
1713.50
1704.50
1698.89
1681.36
1663.01
1646.86
1635.00
1611.50
1596.00
1590.00
1568.20
1559.29
1549.22
1541.28
1537.00
1527.16
1511.80
1482.79
1471.12
1459.76
1445.00
1438.35
1437.79
1436.64
1436.50
1430.31
1426.56
1407.50
1404.00
1400.00
1393.42
1387.50
1381.50
1377.11
1374.50
1361.48
1366.00
1361.60
1359.17
1351.53
1342.65
1323.14
1332.74
1329.95
1328.50
1327.50
1328.00
1327.50
1328.50
1329.50
1331.00
1332.54
1333.50
1334.50
1335.50
1336.00
1336.00
1336.00
1335.50
1333.00
1332.00
1331.50
1331.50
1330.50
1330.00
1329.00
1328.00
1323.00
1314.00
1303.84
1298.60
1297.43
1292.95
1293.04
1292.24
1290.06
1285.42
1280.50
1278.00
1277.00
1276.50
1277.00
1277.00
1277.00
1278.50
1281.75
1284.00
1285.33
1285.38
1286.00
1286.23
1286.87
1287.50
1287.50
1287.00
1287.00
1287.00
1286.50
1286.50
1286.35
1286.41
1286.50
1286.00
1284.50
1280.50
1273.46
1273.76
1274.00
1272.00
1268.00
1269.50
1269.50
1269.50
1268.53
1269.00
1270.47
1276.00
1280.50
1283.46
1286.87
1288.62
1285.71
1294.38
1304.28
1307.31
1304.41
1308.30
1313.90
1307.19
1322.43
1328.13
1337.68
1342.00
1345.00
1345.50
1346.00
1344.00
1338.50
1328.50
1320.57
1321.00
1320.50
1320.00
1320.00
1318.50
1315.00
1313.50
1306.00
1303.50
1302.50
1301.44
1292.50
1288.47
1284.58
1281.06
1273.46
1268.50
1270.00
1264.50
1254.54
1252.00
1246.00
1241.91
1238.33
1237.82
1238.81
1239.74
1240.46
1242.95
1241.20
1243.67
1251.50
1252.00
1258.00
1259.50
1260.00
1261.00
1261.50
1262.50
1263.63
1263.00
1263.00
1263.50
1263.00
1263.00
1263.00
1262.50
1263.50
1268.50
1272.00
1275.00
1278.23
1293.00
1287.20
1283.82
1283.84
1283.40
1283.91
1283.40
1278.87
1274.68
1273.05
1270.87
1269.43
1258.00
1259.10
1263.38
1255.25
1268.83
1268.64
1273.00
1276.26
1282.65
1289.23
1289.25
1287.86
1299.46
1308.84
1315.98
1326.81
1339.25
1339.80
1341.50
1342.50
1343.00
1348.50
1349.42
1350.50
1351.50
1351.50
1352.00
1375.03
1372.94
1351.77
1355.53
1355.64
1356.50
1362.50
1365.43
1370.53
1371.69
1373.91
1387.77
1423.03
1436.91
1438.50
1439.00
1439.00
1436.00
1465.75
1433.33
1434.00
1433.50
1433.50
1433.50
1434.50
1438.00
1438.00
1443.30
1449.50
1453.41
1454.59
1456.42
1466.36
1476.33
1482.81
1489.00
1490.00
1493.00
1494.00
1494.00
1493.66
1493.61
1490.33
1482.50
1474.50
1471.18
1470.23
1465.50
1462.50
1459.00
1457.00
1456.00
1451.00
1445.00
1441.50
1440.00
1434.00
1432.00
1428.00
1428.19
1427.00
1423.50
1421.00
1414.50
1408.78
1407.00
1405.00
1404.00
1401.88
1401.00
1399.00
1398.00
1397.00
1396.50
1397.00
1397.50
1396.09
1399.00
1400.48
1403.25
1414.92
1425.72
1429.74
1428.00
1430.00
1430.83
1432.00
1436.50
1439.00
1446.00
1452.00
1458.00
1464.50
1468.00
1470.60
1475.23
1476.91
1472.44
1490.57
1489.37
1501.68
1515.28
1531.50
1536.50
1540.50
1554.00
1562.50
1567.00
1568.50
1568.42
1574.37
1585.50
1594.00
1603.00
1616.00
1637.50
1649.50
1651.36
1652.50
1657.19
1672.78
1688.39
1694.94
1730.42
1752.67
1765.14
1775.64
1788.94
1796.24
1810.29
1830.24
1846.90
1862.50
1884.89
1901.06
1912.00
1925.32
1942.69
1968.00
1983.96
2005.43
2024.54
2044.01
2059.51
2077.81
2097.11
2114.00
2148.14
2162.43
2189.44
2210.89
2225.53
2238.64
2246.50
2257.49
2279.50
2295.90
2325.85
2343.73
2368.50
2378.50
2398.09
2414.45
2427.52
2449.56
2478.09
2484.45
2501.82
2525.95
2528.52
2547.98
2553.98
2544.77
2556.50
2569.50
2573.00
2575.03
2586.63
2592.84
2581.50
2581.50
2576.50
2570.89
2559.03
2554.76
2549.69
2541.63
2537.49
2554.17
2553.09
2538.64
2537.45
2521.24
2500.86
2464.31
2446.72
2429.85
2399.85
2412.23
2408.82
2388.77
2370.86
2357.80
2344.21
2325.19
2319.40
2308.67
2297.65
2292.17
2284.05
2285.67
2281.81
2274.32
2272.00
2271.50
2272.50
2271.00
2270.00
2270.00
2270.00
2270.50
2274.50
2280.91
2274.83
2299.96
2290.82
2288.00
2308.58
2365.60
2368.50
2376.98
2396.40
2416.89
2427.49
2436.00
2444.00
2449.50
2464.00
2477.20
2491.16
2502.00
2511.00
2517.00
2522.00
2533.13
2559.41
2579.59
2593.58
2609.51
2627.00
2641.94
2639.46
2657.10
2672.73
2725.20
2735.77
2756.59
2762.84
2778.63
2789.39
2800.18
2813.39
2827.90
2843.00
2857.33
2874.03
2893.79
2908.93
2926.94
2941.78
2943.33
2950.20
2955.04
2960.08
2974.28
2995.52
3010.50
3024.92
3028.88
3033.40
3035.00
3041.00
3052.00
3059.50
3073.15
3077.00
3078.50
3080.08
3081.62
3083.29
3090.50
3096.00
3101.50
3107.00
3107.50
3109.00
3109.50
3110.00
3110.50
3101.30
3097.50
3096.00
3089.19
3085.50
3085.88
3085.82
3081.01
3070.17
3065.31
2987.87
2970.79
2953.20
2944.68
2938.94
2937.66
2916.17
2894.44
2866.24
2836.45
2807.44
2783.83
2762.08
2743.76
2727.59
2697.92
2657.52
2645.86
2639.36
2618.66
2601.42
2575.27
2576.06
2561.50
2528.41
2502.82
2482.34
2463.24
2450.87
2433.61
2430.28
2428.00
2417.29
2396.77
2379.42
2363.00
2348.24
2333.91
2330.55
2330.00
2326.00
2324.16
2318.00
2312.50
2311.00
2309.00
2307.95
2309.50
2312.50
2316.00
2319.50
2324.00
2326.50
2329.14
2338.50
2343.50
2347.00
2350.46
2354.50
2367.50
2374.00
2379.50
2390.00
2398.48
2402.22
2403.04
2405.00
2408.32
2416.52
2422.00
2429.81
2436.00
2438.00
2439.00
2439.50
2439.50
2440.00
2442.50
2445.50
2448.00
2451.12
2450.30
2449.74
2448.50
2450.00
2451.56
2453.95
2456.95
2449.98
2444.60
2443.64
2443.00
2443.00
2446.07
2444.50
2441.00
2407.75
2366.76
2343.71
2315.45
2293.98
2276.57
2250.00
2225.54
2201.73
2179.56
2150.96
2131.50
2106.79
2076.93
2048.48
2008.37
1967.91
1935.93
1899.03
1865.30
1835.12
1824.10
1785.15
1764.94
1749.73
1711.99
1691.03
1670.44
1636.19
1612.28
1589.80
1570.50
1560.70
1543.53
1534.81
1515.52
1516.83
1495.50
1487.57
1471.00
1453.61
1437.48
1432.68
1423.00
1409.25
1397.71
1391.00
1381.00
1367.50
1352.16
1327.56
1318.24
1310.29
1300.52
1305.21
1310.50
1304.41
1297.50
1296.00
1293.00
1291.00
1288.50
1288.00
1288.00
1288.00
1288.00
1287.50
1285.50
1269.08
1268.50
1263.11
1269.56
1268.41
1258.35
1264.19
1264.08
1266.11
1271.44
1265.97
1271.53
1270.80
1275.00
1275.50
1276.50
1277.00
1276.00
1275.50
1274.50
1272.50
1269.41
1269.52
1261.00
1255.55
1251.50
1245.50
1243.50
1243.00
1239.50
1238.00
1237.00
1230.50
1227.93
1222.45
1221.97
1220.25
1220.00
1220.71
1219.85
1218.36
1216.50
1206.50
1207.00
1206.50
1206.50
1206.50
1206.50
1205.93
1205.93
1204.28
1203.67
1203.30
1203.30
1203.26
1203.00
1202.50
1193.39
1191.54
1182.00
1182.80
1184.00
1184.50
1184.50
1184.00
1183.50
1184.00
1189.00
1192.50
1194.00
1196.00
1200.00
1205.50
1207.00
1208.50
1209.50
1211.00
1212.00
1212.50
1214.14
1225.50
1228.88
1234.02
1235.00
1235.64
1237.60
1239.79
1241.53
1241.84
1241.27
1242.58
1242.94
1242.27
1241.78
1240.53
1238.49
1233.50
1227.96
1227.50
1227.00
1227.00
1229.50
1233.50
1241.00
1244.35
1244.00
1244.71
1248.00
1250.00
1257.67
1262.03
1265.50
1267.00
1267.50
1266.50
1266.50
1266.50
1266.00
1265.50
1263.00
1261.16
1258.00
1255.00
1252.50
1251.50
1251.00
1250.00
1249.50
1249.00
1249.50
1250.00
1253.50
1256.00
1259.00
1264.96
1266.16
1267.76
1274.04
1278.63
1283.75
1290.57
1292.55
1304.08
1313.07
1315.00
1327.04
1334.40
1340.98
1350.57
1353.09
1365.64
1368.66
1376.65
1375.00
1381.49
1388.37
1389.80
1390.15
1389.00
1387.57
1377.64
1378.68
1380.00
1379.00
1380.36
1378.45
1379.00
1379.00
1379.00
1380.00
1380.00
1380.11
1380.64
1380.50
1380.00
1380.50
1387.33
1554.23
1444.26
1460.96
1486.00
1496.50
1510.02
1517.26
1528.15
1533.74
1548.95
1568.50
1582.95
1594.00
1620.02
1610.50
1629.00
1646.56
1662.50
1669.07
1686.58
1704.13
1695.71
1712.27
1719.64
1736.48
1758.19
1785.51
1797.11
1812.66
1827.98
1852.00
1867.95
1879.38
1889.00
1901.36
1913.68
1923.72
1947.58
1954.69
1979.91
1980.56
1982.55
1986.40
1989.50
1997.00
1998.50
2004.00
2005.00
2049.60
2007.23
2004.50
2003.50
2002.17
1996.00
1990.34
1985.87
1984.00
1979.64
1977.00
1975.50
1974.00
1965.33
1959.43
1955.82
1948.00
1947.00
1945.50
1942.23
1935.00
1930.00
1923.71
1912.00
1908.50
1907.00
1906.50
1893.50
1888.01
1873.50
1861.09
1849.00
1841.50
1831.50
1827.08
1821.98
1813.83
1801.65
1787.72
1785.50
1773.50
1768.50
1759.39
1749.74
1742.00
1733.15
1713.00
1702.99
1694.85
1698.35
1697.35
1690.16
1684.09
1679.09
1673.61
1653.57
1627.94
1624.89
1615.00
1611.50
1608.00
1597.50
1620.29
1572.50
1575.45
1522.88
1503.27
1485.75
1483.15
1468.52
1455.61
1433.11
1401.96
1406.92
1391.58
1371.74
1341.69
1327.19
1321.00
1302.11
1300.50
1297.00
1290.00
1283.94
1281.07
1280.92
1274.10
1270.50
1260.29
1257.00
1254.00
1251.00
1247.50
1245.00
1238.00
1235.00
1229.00
1214.00
1197.95
1191.28
1179.32
1173.74
1171.41
1165.44
1162.50
1155.36
1143.06
1141.50
1139.57
1139.00
1139.67
1142.00
1146.91
1151.50
1152.00
1153.00
1153.50
1153.50
1153.95
1145.00
1136.50
1134.00
1132.50
1131.50
1129.00
1124.84
1120.93
1120.27
1118.87
1119.24
1118.05
1116.39
1117.00
1119.50
1123.50
1129.33
1130.50
1136.50
1141.00
1143.00
1142.50
1143.50
1145.62
1149.00
1149.22
1154.06
1152.50
1153.50
1154.00
1154.50
1155.50
1157.50
1162.50
1163.68
1163.94
1162.70
1158.27
1155.96
1155.30
1153.50
1149.00
1147.50
1146.50
1145.29
1141.79
1138.50
1138.50
1138.00
1138.50
1138.50
1140.00
1142.50
1143.00
1147.00
1147.00
1147.50
1147.50
1147.00
1147.00
1147.50
1143.81
1139.00
1134.00
1131.98
1130.98
1130.38
1129.00
1124.00
1120.72
1117.06
1108.19
1095.50
1089.50
1086.00
1084.00
1079.48
1071.00
1069.50
1066.50
1064.00
1063.00
1062.50
1065.00
1070.50
1078.22
1078.50
1080.00
1080.50
1081.50
1089.92
1100.50
1114.82
1118.00
1125.50
1129.50
1132.00
1134.50
1138.00
1143.50
1145.50
1146.50
1146.50
1146.50
1147.00
1147.24
1148.38
1144.50
1139.00
1136.50
1134.02
1128.50
1124.50
1119.00
1115.00
1113.50
1112.00
1108.50
1104.50
1103.50
1102.50
1101.50
1099.50
1099.00
1099.00
1098.50
1098.00
1098.50
1098.00
1106.14
1118.00
1107.23
1107.00
1107.00
1107.00
1106.50
1107.00
1106.52
1105.73
1101.24
1105.17
1115.50
1120.50
1124.80
1126.50
1129.00
1130.50
1132.00
1133.50
1136.00
1142.00
1145.50
1147.50
1149.00
1150.00
1150.50
1152.50
1153.00
1153.50
1154.50
1158.50
1160.50
1165.50
1167.61
1168.60
1169.50
1169.51
1170.50
1171.50
1171.50
1171.50
1171.50
1171.50
1171.00
1170.50
1169.00
1164.00
1161.00
1161.00
1161.00
1162.35
1165.00
1167.00
1168.50
1172.50
1175.68
1176.50
1179.00
1180.00
1181.00
1181.50
1181.50
1182.44
1181.50
1179.00
1173.10
1170.02
1168.56
1169.00
1167.32
1165.54
1156.65
1157.69
1157.31
1158.79
1162.29
1174.07
1180.00
1185.26
1187.85
1186.96
1188.40
1189.50
1188.88
1190.21
1191.23
1192.91
1189.51
1181.35
1181.71
1180.80
1174.75
1174.00
1172.50
1171.50
1160.50
1158.50
1158.00
1158.00
1157.50
1157.50
1157.00
1155.50
1149.50
1147.57
1147.00
1146.14
1144.00
1143.50
1144.50
1147.50
1149.93
1151.98
1147.50
1148.00
1149.00
1150.00
1155.50
1174.55
1188.00
1206.00
1214.50
1217.00
1218.00
1219.00
1221.70
1224.00
1229.00
1243.00
1255.46
1263.15
1266.00
1266.88
1268.52
1271.60
1276.38
1279.00
1285.69
1295.00
1298.50
1302.00
1302.50
1303.00
1313.67
1315.50
1322.27
1328.31
1335.27
1345.86
1351.08
1347.31
1356.00
1362.50
1369.50
1381.00
1385.00
1388.50
1401.50
1414.52
1422.34
1425.50
1432.93
1436.25
1466.73
1451.00
1457.65
1463.00
1483.00
1508.00
1516.95
1520.50
1530.50
1536.49
1553.00
1565.91
1587.09
1617.50
1660.71
1666.47
1676.00
1693.52
1710.50
1725.00
1750.75
1762.79
1775.99
1801.34
1821.00
1839.38
1856.51
1880.00
1898.41
1922.00
1939.52
1961.78
1960.55
1988.34
1990.00
2008.95
2027.52
2047.44
2075.11
2093.31
2110.85
2127.49
2140.50
2159.21
2183.55
2219.01
2232.65
2259.85
2277.12
2293.08
2303.63
2336.50
2351.19
2369.49
2378.33
2402.60
2393.47
2400.50
2407.50
2414.00
2419.61
2425.00
2430.50
2436.81
2446.00
2450.97
2462.50
2470.50
2479.18
2483.50
2487.00
2488.15
2493.05
2497.50
2507.50
2515.50
2524.50
2527.50
2528.00
2529.56
2524.75
2510.00
2499.50
2489.50
2484.40
2475.05
2466.07
2458.50
2454.38
2440.94
2425.98
2391.61
2361.02
2329.79
2310.99
2289.50
2276.44
2250.70
2218.54
2193.08
2132.84
2088.39
2055.37
2011.71
1986.29
1959.87
1945.61
1914.42
1886.42
1846.97
1807.15
1779.00
1765.69
1732.51
1714.52
1690.50
1671.00
1650.66
1623.99
1613.39
1583.48
1563.24
1546.68
1528.80
1516.79
1492.30
1481.60
1463.02
1439.84
1432.20
1420.65
1406.50
1397.00
1395.50
1388.00
1373.39
1365.14
1358.46
1347.47
1342.13
1338.53
1335.69
1335.09
1331.13
1316.85
1306.13
1295.04
1289.05
1279.00
1277.00
1273.50
1271.00
1266.50
1263.50
1262.50
1259.00
1254.50
1253.50
1247.50
1244.50
1242.35
1237.57
1230.50
1227.00
1219.00
1211.43
1199.94
1196.65
1200.00
1198.00
1195.10
1192.00
1191.00
1187.06
1182.50
1182.00
1181.50
1180.00
1171.00
1166.50
1166.00
1165.50
1165.50
1164.50
1163.50
1162.24
1157.17
1154.00
1151.77
1152.00
1149.57
1150.15
1149.12
1149.00
1149.00
1149.00
1148.50
1149.00
1149.50
1150.50
1151.00
1152.00
1153.00
1154.00
1155.00
1155.50
1155.00
1154.00
1153.00
1152.50
1152.00
1151.11
1150.68
1149.90
1149.00
1147.00
1137.50
1136.50
1134.50
1133.50
1132.50
1132.50
1132.50
1133.00
1134.00
1138.00
1140.50
1141.00
1142.00
1143.00
1143.50
1143.00
1141.48
1133.50
1127.50
1126.00
1124.00
1119.38
1116.29
1120.32
1111.89
1103.77
1098.00
1097.00
1092.50
1087.15
1087.00
1086.50
1085.50
1086.00
1085.50
1084.50
1083.50
1083.21
1083.00
1086.49
1092.50
1101.00
1104.50
1111.50
1116.00
1119.00
1121.50
1125.00
1130.00
1133.00
1138.50
1142.00
1143.50
1143.50
1144.00
1138.40
1129.00
1126.50
1124.00
1122.50
1121.50
1120.50
1120.00
1119.50
1116.00
1112.50
1111.00
1110.50
1110.00
1110.83
1110.50
1109.50
1108.50
1108.17
1107.10
1105.50
1103.50
1101.50
1100.48
1100.50
1100.50
1100.39
1100.50
1101.00
1101.63
1103.00
1104.00
1105.50
1107.00
1107.00
1106.00
1103.00
1098.50
1092.18
1083.50
1081.50
1079.50
1077.50
1078.50
1079.00
1080.00
1081.00
1082.22
1082.50
1082.39
1084.00
1087.00
1088.00
1088.28
1087.95
1088.00
1087.00
1084.50
1082.50
1078.56
1070.80
1064.00
1059.00
1058.50
1057.50
1056.50
1056.00
1055.50
1056.00
1056.50
1056.50
1056.00
1048.88
1047.61
1041.04
1039.42
1032.17
1030.50
1027.05
1023.92
1014.41
1007.44
1004.78
998.48
996.00
995.64
993.50
992.84
992.80
992.50
994.00
1001.88
1012.00
1011.50
1013.00
1013.50
1016.00
1018.00
1022.00
1023.50
1024.00
1024.00
1024.00
1024.00
1024.00
1024.00
1025.00
1028.50
1029.00
1029.50
1030.00
1030.50
1029.50
1025.50
1023.27
1020.49
1018.00
1017.00
1012.45
1003.26
999.50
996.50
995.50
995.00
994.50
994.76
995.03
998.55
999.52
999.17
999.50
1003.50
1004.00
1005.00
1007.00
1009.50
1011.00
1011.00
1010.00
1006.00
1004.50
1004.61
1002.00
999.66
995.47
990.73
982.00
971.85
965.50
963.69
963.50
963.00
961.61
966.00
979.81
989.23
990.00
995.79
1002.09
1000.00
1003.50
1017.35
1023.50
1033.00
1033.00
1033.50
1033.50
1033.00
1033.00
1033.50
1035.00
1035.50
1036.00
1036.50
1036.50
1036.00
1031.50
1029.50
1026.50
1020.50
1017.50
1017.00
1015.50
1013.00
1010.00
1001.50
992.18
987.98
986.25
987.50
987.00
987.50
988.00
993.30
999.88
1004.50
1009.50
1015.00
1017.50
1019.50
1021.00
1021.00
1021.00
1020.50
1020.50
1020.00
1019.50
1016.28
1014.00
1013.50
1013.50
1014.00
1017.50
1024.00
1026.00
1028.00
1029.50
1030.50
1029.50
1029.50
1028.50
1028.00
1028.00
1027.50
1026.00
1022.00
1018.50
1009.90
1011.39
1009.89
1008.50
1008.43
1006.50
1001.00
996.50
995.00
993.00
992.50
992.00
992.70
992.00
990.50
990.50
992.00
992.50
993.50
998.00
1005.00
1009.50
1013.50
1015.00
1015.00
1015.00
1012.00
1003.00
997.00
996.00
995.50
995.00
994.50
989.56
986.52
984.70
981.62
982.00
982.00
983.00
984.50
984.50
984.50
983.50
983.50
983.00
979.50
978.50
975.00
974.00
973.50
973.50
974.00
974.50
975.00
975.50
975.00
968.09
964.65
965.00
965.00
966.50
968.50
973.50
977.50
978.50
979.83
980.85
981.00
982.81
985.40
994.50
994.50
994.50
994.22
994.00
991.50
990.00
988.80
988.00
987.47
987.04
986.50
987.50
987.50
993.00
997.59
998.00
1002.00
1013.00
1015.28
1018.50
1020.50
1021.00
1021.50
1022.00
1022.00
1021.00
1016.00
1014.00
1014.50
1014.50
1014.50
1014.50
1016.50
1016.70
1018.33
1018.50
1018.00
1020.00
1029.00
1034.00
1047.87
1054.00
1057.12
1056.00
1056.50
1056.00
1056.45
1055.50
1055.50
1054.50
1054.67
1054.42
1055.42
1055.00
1057.50
1061.00
1066.50
1068.92
1072.50
1074.00
1076.00
1077.50
1077.50
1078.00
1077.09
1076.00
1075.50
1075.50
1075.50
1075.00
1074.50
1075.00
1076.00
1077.00
1077.50
1079.50
1086.00
1088.50
1089.00
1089.00
1089.00
1089.00
1086.93
1090.00
1090.50
1090.50
1092.21
1092.73
1095.50
1097.00
1099.00
1102.32
1103.00
1102.50
1102.00
1101.50
1101.00
1101.00
1101.00
1101.50
1102.50
1103.00
1103.50
1104.00
1105.00
1110.00
1113.00
1117.71
1118.50
1120.00
1119.60
1121.39
1122.50
1127.00
1127.50
1129.47
1129.20
1127.00
1125.50
1123.00
1119.50
1118.00
1117.53
1116.00
1116.00
1116.00
1115.50
1115.00
1114.50
1114.50
1115.00
1116.50
1116.50
1117.00
1117.50
1112.13
1107.50
1106.00
1105.00
1102.00
1101.00
1099.69
1099.50
1095.00
1092.50
1091.34
1083.50
1090.72
1100.00
1105.00
1108.50
1110.00
1112.52
1117.70
1123.00
1130.72
1137.50
1143.50
1145.00
1146.00
1146.50
1147.00
1147.00
1147.00
1147.00
1146.50
1146.50
1146.50
1147.00
1148.50
1148.50
1149.00
1149.00
1149.50
1150.50
1151.00
1151.00
1151.00
1151.00
1154.78
1157.00
1163.09
1170.49
1172.87
1173.40
1178.28
1180.90
1194.46
1197.67
1207.50
1279.07
1217.50
1218.00
1218.00
1217.50
1217.50
1218.00
1218.50
1221.50
1225.50
1226.50
1226.50
1229.00
1233.50
1245.33
1259.83
1269.00
1275.83
1282.11
1281.29
1283.87
1286.25
1291.92
1295.50
1299.00
1302.50
1303.00
1304.00
1311.47
1312.00
1309.00
1308.50
1302.09
1302.90
1304.15
1303.30
1304.09
1303.23
1309.00
1316.00
1356.17
1385.00
1398.17
1438.02
1462.32
1451.89
1457.65
1445.50
1462.05
1482.76
1480.03
1528.30
1501.78
1512.00
1520.50
1532.60
1548.24
1563.53
1577.39
1585.37
1600.33
1625.28
1634.76
1656.81
1652.48
1667.50
1680.50
1692.63
1715.18
1730.94
1759.11
1767.58
1786.50
1808.22
1812.42
1815.50
1818.50
1832.75
1853.89
1867.23
1876.04
1883.80
1891.33
1900.08
1907.00
1919.59
1926.65
1930.50
1933.00
1936.00
1940.50
1944.00
1951.45
1955.50
1959.50
1961.50
1962.00
1961.00
1959.00
1958.50
1958.00
1957.50
1955.93
1956.50
1956.00
1955.50
1955.00
1956.00
1956.85
1958.76
1961.33
1969.00
1973.32
1980.65
1977.58
1976.00
1976.50
1983.21
2011.65
2013.67
2027.50
2034.82
2039.00
2042.33
2054.50
2057.50
2062.00
2064.18
2071.00
2075.79
2091.93
2095.70
2096.87
2108.18
2105.19
2077.81
2120.42
2138.26
2156.00
2174.27
2178.64
2181.29
2204.56
2223.89
2239.70
2249.31
2251.75
2253.00
2253.50
2261.37
2286.60
2291.59
2289.41
2282.16
2298.85
2307.77
2383.98
2400.58
2425.22
2438.68
2468.53
2482.67
2505.27
2513.22
2509.51
2513.51
2516.77
2518.59
2564.98
2592.06
2616.50
2629.00
2643.90
2651.51
2665.50
2674.50
2683.50
2693.32
2701.50
2716.00
2728.50
2736.50
2750.31
2764.50
2767.50
2777.38
2787.83
2806.50
2815.44
2821.01
2830.15
2846.23
2863.55
2871.30
2874.00
2877.00
2888.50
2901.71
2913.75
2921.50
2933.00
2942.00
2947.95
2949.90
2952.52
2954.95
2958.15
2960.00
2965.00
2974.27
2981.00
2985.50
2987.50
2994.06
3002.15
3012.70
3018.28
3030.50
3034.00
3036.74
3038.34
3048.87
3090.91
3099.54
3103.26
3110.17
3118.30
3121.00
3122.75
3128.12
3132.89
3134.97
3137.47
3139.00
3140.00
3140.50
3141.00
3141.50
3145.00
3147.50
3150.83
3158.50
3164.46
3164.87
3178.02
3190.87
3207.23
3211.28
3218.00
3229.51
3235.02
3239.00
3240.50
3241.50
3241.50
3242.00
3242.50
3241.50
3240.52
3239.50
3238.00
3234.00
3226.00
3221.87
3220.19
3216.93
3216.05
3216.85
3220.83
3228.48
3230.61
3237.21
3249.07
3253.27
3236.79
3260.31
3272.77
3282.71
3291.40
3305.06
3317.00
3324.50
3327.00
3330.17
3331.50
3332.50
3334.93
3339.77
3340.62
3342.00
3342.00
3341.50
3339.50
3335.00
3333.50
3331.50
3330.50
3330.00
3327.50
3324.50
3324.00
3323.00
3323.50
3325.50
3329.00
3330.00
3332.04
3329.50
3328.55
3328.00
3325.00
3318.92
3322.58
3322.00
3316.36
3309.37
3312.85
3301.17
3284.31
3286.57
3291.21
3285.14
3266.94
3257.75
3243.35
3228.00
3219.89
3200.15
3187.00
3171.50
3164.50
3157.50
3154.50
3150.00
3142.50
3134.00
3122.50
3115.00
3095.16
3081.23
3065.04
3056.71
3052.28
3045.50
3038.18
3030.45
3015.90
2980.63
2959.00
2934.89
2904.76
2885.78
2884.12
2851.96
2836.62
2812.67
2795.10
2764.53
2734.80
2698.56
2667.81
2644.32
2607.14
2583.50
2568.56
2550.39
2522.00
2499.49
2488.82
2466.50
2428.90
2399.68
2344.82
2321.76
2302.34
2273.95
2262.89
2250.09
2245.25
2224.14
2213.55
2181.44
2162.50
2151.48
2139.08
2113.67
2096.74
2083.00
2077.00
2068.85
2063.54
2055.31
2041.23
2029.59
2017.73
1989.45
1983.19
1962.92
1956.83
1954.59
1954.94
1948.53
1933.52
1912.70
1905.90
1894.45
1884.66
1867.00
1864.50
1861.50
1857.00
1854.89
1873.77
1839.74
1834.92
1831.40
1817.24
1799.43
1777.29
1764.28
1760.92
1759.60
1756.96
1735.21
1726.55
1707.04
1682.11
1664.79
1658.00
1648.16
1637.50
1629.50
1618.00
1612.50
1606.00
1593.00
1588.50
1586.00
1583.50
1579.86
1573.69
1569.50
1568.00
1560.00
1554.50
1546.19
1543.00
1529.86
1525.18
1529.24
1524.13
1517.47
1516.12
1500.69
1474.75
1459.81
1445.00
1434.50
1403.76
1418.06
1417.81
1405.67
1410.76
1398.12
1392.31
1385.73
1377.50
1377.00
1372.00
1365.54
1366.02
1365.50
1360.00
1359.50
1359.00
1358.50
1357.00
1355.50
1352.00
1346.00
1345.50
1345.53
1344.50
1344.00
1344.75
1344.23
1344.70
1345.44
1348.86
1352.00
1360.12
1358.50
1362.52
1369.98
1370.64
1371.81
1379.50
1387.50
1392.50
1394.50
1395.00
1395.00
1395.56
1394.44
1392.14
1389.10
1388.24
1388.05
1387.40
1385.85
1388.00
1383.09
1381.08
1384.00
1384.27
1384.26
1384.00
1382.06
1383.60
1383.74
1384.35
1403.83
1422.74
1457.92
1471.50
1476.47
1481.00
1494.00
1513.50
1524.68
1537.59
1548.45
1554.40
1559.00
1564.00
1575.51
1585.05
1593.80
1607.37
1621.62
1639.50
1644.85
1651.52
1669.31
1685.61
1698.00
1710.50
1721.51
1741.35
1753.69
1774.54
1788.53
1797.50
1838.82
1833.00
1853.00
1862.02
1890.23
1915.14
1938.72
1957.79
1982.04
1998.44
2023.84
2047.57
2049.88
2084.79
2109.72
2121.06
2155.16
2177.99
2197.24
2221.74
2251.51
2266.48
2290.74
2312.01
2332.49
2347.96
2359.93
2383.20
2396.69
2425.70
2441.47
2466.88
2488.07
2515.14
2532.10
2542.13
2542.92
2553.68
2564.41
2575.17
2584.50
2599.53
2600.50
2601.50
2601.50
2601.00
2599.50
2590.64
2572.62
2553.30
2544.80
2532.19
2529.23
2528.91
2514.72
2478.50
2449.50
2415.81
2375.36
2348.00
2326.52
2315.00
2287.47
2263.73
2214.54
2181.62
2161.93
2135.61
2103.70
2071.11
2048.90
2021.56
2000.30
1960.03
1905.40
1871.03
1856.43
1834.49
1803.46
1782.92
1750.54
1734.35
1715.81
1694.77
1666.16
1644.74
1629.43
1611.65
1596.00
1581.08
1575.95
1564.37
1547.00
1536.97
1523.63
1512.24
1497.36
1490.38
1481.50
1479.79
1468.31
1466.00
1463.00
1461.00
1454.50
1446.26
1440.00
1438.50
1436.50
1434.50
1429.00
1424.00
1421.00
1417.16
1409.50
1405.50
1402.36
1396.50
1386.11
1376.50
1368.68
1366.50
1364.00
1360.50
1356.00
1354.00
1348.50
1342.07
1335.50
1335.00
1334.50
1335.00
1335.00
1336.00
1336.00
1336.04
1335.46
1327.00
1323.50
1323.50
1321.50
1319.00
1318.00
1316.50
1312.00
1309.00
1361.03
1306.50
1307.00
1309.50
1314.00
1315.50
1322.00
1325.00
1326.93
1326.17
1336.00
1338.00
1342.20
1346.42
1350.50
1354.50
1354.07
1353.90
1352.00
1348.50
1349.27
1339.14
1336.27
1333.50
1332.21
1330.91
1322.80
1330.00
1331.00
1331.22
1333.00
1334.00
1337.50
1338.50
1339.00
1338.45
1331.00
1324.50
1322.00
1320.00
1321.00
1318.57
1314.46
1313.93
1310.34
1308.39
1308.00
1310.50
1314.50
1319.50
1326.40
1332.85
1355.00
1363.08
1365.24
1360.54
1382.94
1377.27
1390.35
1389.86
1395.50
1401.00
1402.00
1402.50
1402.50
1407.00
1412.00
1414.00
1415.00
1417.02
1418.50
1417.50
1420.50
1424.50
1432.05
1433.00
1457.00
1498.96
1505.73
1502.56
1514.46
1520.10
1526.52
1529.49
1536.38
1572.00
1556.00
1564.67
1568.50
1574.00
1587.00
1591.00
1595.00
1609.43
1616.00
1647.64
1668.34
1634.00
1637.45
1654.08
1678.05
1692.50
1707.50
1727.50
1736.75
1761.71
1774.67
1796.96
1818.07
1844.02
1868.52
1908.64
1913.50
1942.50
1967.55
1996.89
2023.19
2041.87
2073.83
2082.62
2111.73
2131.93
2162.29
2181.99
2213.98
2239.02
2253.60
2276.68
2296.69
2302.10
2336.50
2363.05
2368.50
2379.39
2395.24
2404.92
2460.82
2426.03
2442.57
2457.50
2475.47
2487.52
2496.07
2497.00
2502.65
2506.00
2522.06
2527.02
2545.25
2546.82
2553.00
2555.00
2557.00
2561.29
2560.00
2562.50
2564.00
2563.85
2565.14
2565.11
2558.00
2556.50
2556.50
2555.40
2556.50
2547.30
2546.29
2550.00
2546.07
2519.12
2466.53
2452.50
2424.41
2407.45
2372.23
2354.45
2333.00
2303.02
2278.50
2287.73
2242.21
2210.08
2177.00
2148.88
2114.34
2075.18
2073.01
2064.00
2046.59
2019.41
1995.45
1964.88
1929.57
1899.14
1878.74
1866.14
1848.65
1833.74
1828.47
1821.00
1805.59
1792.07
1776.99
1769.00
1759.50
1748.00
1741.50
1739.00
1737.00
1736.00
1728.50
1726.50
1725.00
1723.50
1718.13
1714.50
1712.50
1707.50
1707.00
1707.00
1705.50
1705.50
1706.00
1706.13
1706.50
1707.50
1708.00
1709.00
1711.50
1714.00
1715.50
1716.00
1715.50
1716.00
1716.00
1716.00
1716.50
1721.00
1721.83
1731.06
1732.65
1737.36
1730.62
1734.79
1731.52
1747.03
1760.19
1778.00
1880.95
1825.14
1810.50
1817.54
1823.50
1830.53
1835.77
1856.62
1849.02
1855.00
1857.00
1866.00
1877.00
1887.54
1899.00
1905.96
1913.88
1929.52
1938.50
1950.38
1957.69
1970.00
1984.97
1992.83
2013.46
2035.43
2023.06
2088.32
2071.87
2088.00
2122.29
2117.16
2185.88
2184.92
2174.38
2243.08
2211.11
2229.80
2239.12
2275.60
2255.92
2266.87
2306.16
2296.85
2308.94
2334.51
2359.86
2350.96
2357.32
2361.01
2369.89
2384.98
2391.69
2402.50
2395.90
2454.27
2498.44
2558.22
2590.94
2606.36
2629.31
2644.49
2666.75
2702.72
2712.53
2720.76
2735.66
2791.66
2835.95
2824.15
2898.64
2854.63
2867.43
2865.60
2894.84
2913.90
2926.50
2945.36
2951.90
2960.00
2973.52
2989.06
2994.78
3028.87
3044.49
3060.12
3072.08
3083.94
3107.22
3096.97
3095.68
3114.88
3132.25
3141.75
3157.75
3161.60
3167.64
3171.63
3176.71
3184.53
3198.14
3197.34
3205.61
3209.73
3203.03
3013.81
3024.10
2966.14
2951.29
2963.49
2952.72
2944.59
2919.66
2928.05
3018.00
2997.30
3054.57
3079.12
3085.22
3083.96
3138.10
3150.93
3110.65
3103.39
3108.29
3055.72
2994.18
2978.19
2859.36
2989.41
3015.54
3044.09
3086.51
3090.14
3093.33
3071.46
3111.21
3088.15
3058.74
3027.94
3019.30
3006.75
2992.75
2988.22
2970.45
2934.17
2921.80
2895.22
2884.77
2868.93
2867.55
2864.27
2854.48
2857.67
2869.86
2824.35
2792.57
2779.36
2778.83
2777.94
2777.00
2773.15
2771.00
2765.50
2637.41
2597.14
2574.00
2549.48
2513.71
2496.39
2473.93
2451.71
2428.82
2404.32
2370.00
2329.53
2292.60
2282.79
2177.77
2197.43
2186.73
2154.47
2130.94
2102.97
2089.09
2073.50
2063.09
2051.50
2020.03
1991.53
1962.46
1950.27
1929.41
1915.77
1901.48
1895.71
1885.24
1867.00
1849.50
1835.23
1828.50
1826.55
1819.00
1804.02
1779.00
1764.50
1746.46
1731.62
1713.02
1711.37
1709.00
1704.50
1695.79
1671.57
1646.81
1628.49
1606.50
1599.50
1592.50
1583.99
1580.75
1576.07
1567.50
1552.02
1541.65
1535.05
1516.68
1509.50
1501.00
1494.00
1492.00
1491.50
1490.50
1489.50
1488.00
1483.50
1482.00
1476.00
1471.30
1463.50
1440.07
1458.11
1457.70
1455.67
1454.29
1449.96
1442.50
1435.50
1424.50
1420.50
1418.50
1414.00
1412.00
1410.50
1409.00
1408.50
1407.00
1392.50
1381.00
1376.00
1371.00
1369.50
1367.75
1363.75
1356.03
1345.42
1333.77
1306.97
1297.73
1290.58
1288.34
1287.03
1282.12
1277.98
1276.00
1272.17
1269.50
1269.00
1268.50
1268.50
1269.00
1268.00
1265.00
1261.50
1255.50
1254.00
1249.53
1246.50
1247.52
1242.96
1239.35
1234.80
1229.15
1209.16
1190.74
1184.02
1185.26
1185.52
1181.97
1177.50
1175.50
1167.00
1164.00
1161.50
1160.00
1159.50
1160.00
1162.00
1163.50
1164.00
1165.00
1165.00
1165.00
1160.79
1159.50
1159.55
1158.74
1158.69
1157.50
1157.00
1156.50
1156.00
1155.50
1155.50
1156.00
1156.50
1157.00
1157.06
1156.50
1156.62
1151.89
1144.50
1143.50
1143.74
1144.22
1144.87
1145.70
1137.00
1125.00
1120.00
1119.00
1118.50
1118.50
1119.00
1120.00
1130.00
1139.50
1143.00
1145.50
1148.00
1151.50
1152.50
1154.00
1154.50
1155.00
1155.50
1156.00
1155.50
1155.00
1153.50
1150.00
1146.10
1136.00
1134.50
1132.50
1132.00
1135.50
1137.00
1138.00
1144.00
1147.50
1151.50
1152.96
1158.16
1160.50
1171.50
1175.97
1177.81
1179.00
1179.00
1179.00
1178.00
1177.00
1177.50
1175.96
1176.50
1176.00
1176.50
1177.00
1175.87
1177.50
1177.50
1178.00
1183.50
1192.96
1199.00
1201.00
1202.50
1204.00
1203.50
1201.50
1200.50
1191.50
1189.00
1188.46
1184.79
1181.50
1173.84
1171.74
1165.77
1168.14
1146.10
1133.50
1130.46
1126.00
1122.81
1116.33
1115.09
1098.52
1088.07
1075.80
1072.67
1072.50
1073.04
1069.00
1065.85
1065.50
1066.00
1068.00
1068.50
1068.50
1068.50
1068.50
1069.00
1069.00
1071.50
1075.50
1077.50
1079.00
1079.00
1076.50
1075.00
1073.05
1074.00
1065.65
1060.89
1063.60
1049.09
1024.04
1012.14
1006.05
1002.04
999.57
993.32
987.13
982.24
970.00
968.50
967.00
966.50
967.00
969.00
970.50
972.50
975.50
979.00
989.00
999.00
1003.00
1005.50
1007.00
1008.00
1008.50
1009.00
1010.50
1012.00
1012.00
1011.50
1011.00
1011.00
1010.50
1009.50
1008.00
1008.50
1009.00
1010.00
1011.00
1014.50
1017.50
1025.00
1028.00
1029.50
1030.50
1030.58
1031.00
1031.00
1028.50
1025.00
1017.09
1016.15
1016.00
1016.00
1015.50
1016.50
1021.00
1027.00
1029.50
1031.00
1033.50
1040.50
1053.50
1060.50
1062.91
1067.52
1062.66
1061.23
1061.60
1060.17
1060.16
1061.18
1059.32
1057.94
1057.76
1064.65
1085.70
1103.38
1111.00
1112.00
1112.00
1112.50
1112.00
1101.50
1097.13
1096.33
1097.27
1096.50
1089.00
1088.50
1086.21
1084.18
1074.56
1067.50
1063.50
1061.50
1057.74
1056.71
1054.54
1055.39
1051.76
1041.04
1036.50
1035.00
1034.50
1034.50
1036.50
1041.64
1044.20
1046.41
1048.72
1049.85
1049.50
1050.00
1049.76
1045.00
1043.00
1041.00
1040.50
1037.50
1033.98
1028.00
1022.02
1015.86
1005.00
1003.00
1002.00
999.00
997.50
997.00
997.00
998.00
999.50
1000.00
1000.50
1000.49
1002.50
1004.50
1005.00
1005.50
1006.00
1006.50
1006.00
1006.00
1006.00
1006.00
1006.00
1007.00
1009.00
1013.00
1019.00
1021.18
1024.16
1025.00
1026.50
1027.00
1028.00
1029.00
1029.00
1029.00
1024.43
1015.50
1004.28
1004.50
1005.72
1003.04
1001.04
1000.07
997.50
982.69
978.12
974.50
973.61
972.50
973.00
973.00
972.65
973.00
973.84
975.26
975.50
981.50
987.00
995.50
999.00
1003.50
1005.00
1007.00
1009.00
1010.37
1014.95
1022.50
1024.00
1025.00
1025.50
1025.00
1024.22
1025.00
1024.50
1025.00
1025.50
1026.00
1025.78
1026.50
1029.59
1038.27
1045.00
1051.78
1054.00
1054.68
1055.50
1057.50
1059.00
1063.81
1068.00
1070.00
1071.35
1071.79
1071.50
1067.50
1066.33
1065.88
1062.26
1061.58
1058.50
1057.50
1056.50
1055.50
1055.50
1055.50
1062.50
1068.20
1069.78
1073.12
1074.53
1077.38
1082.54
1087.13
1093.25
1097.13
1101.59
1102.00
1102.00
1101.50
1101.50
1102.00
1102.00
1102.50
1105.50
1106.50
1107.00
1108.00
1108.50
1109.00
1109.50
1109.00
1107.83
1112.25
1108.50
1109.00
1110.00
1111.50
1115.00
1122.00
1124.50
1124.29
1126.63
1127.94
1128.50
1130.00
1161.34
1192.47
1208.39
1216.50
1229.98
1233.50
1242.00
1251.50
1264.50
1275.00
1287.50
1294.93
1311.00
1330.02
1336.45
1406.17
1359.20
1387.99
1388.01
1436.60
1437.04
1418.51
1432.42
1458.73
1478.00
1500.08
1514.08
1522.50
1536.86
1561.42
1576.75
1598.50
1613.95
1640.79
1660.47
1665.96
1675.31
1693.49
1698.90
1735.90
1751.88
1773.89
1793.38
1818.50
1833.00
1845.46
1864.52
1890.05
1931.31
1919.92
1941.69
1974.30
1993.56
1994.78
1992.18
2002.96
2008.75
2013.00
2016.50
2022.47
2031.00
2044.00
2047.44
2046.49
2047.00
2047.50
2047.50
2048.00
2046.96
2040.36
2040.43
2038.44
2032.69
2030.61
2014.86
2006.87
1993.16
1980.87
2007.58
1955.34
2002.90
1914.02
1886.58
1845.03
1819.48
1807.80
1783.83
1761.77
1739.21
1721.16
1688.32
1685.01
1656.37
1616.50
1591.60
1572.00
1547.00
1542.61
1540.46
1515.95
1505.50
1493.55
1468.00
1439.29
1419.50
1407.12
1405.10
1400.36
1393.10
1386.63
1386.43
1377.00
1369.50
1365.60
1367.00
1367.00
1366.00
1367.00
1367.50
1368.00
1368.50
1367.50
1367.00
1366.50
1366.50
1365.00
1361.89
1357.11
1353.68
1337.08
1327.78
1316.89
1313.08
1304.33
1301.81
1299.50
1294.50
1288.20
1276.77
1267.50
1266.52
1265.50
1263.00
1262.00
1260.00
1255.50
1249.03
1247.65
1244.00
1243.00
1240.33
1238.00
1234.50
1231.45
1220.59
1198.35
1200.39
1194.69
1192.89
1183.50
1174.11
1172.02
1169.00
1164.50
1163.50
1163.38
1162.50
1162.00
1161.50
1161.00
1161.50
1163.19
1163.00
1163.50
1164.93
1165.77
1165.81
1166.12
1167.00
1159.64
1156.60
1153.36
1152.38
1155.52
1157.29
1156.75
1156.81
1155.27
1156.50
1155.88
1156.62
1158.00
1159.00
1159.47
1161.50
1163.65
1166.00
1166.00
1168.00
1171.50
1172.00
1179.02
1185.38
1196.16
1199.60
1210.26
1222.69
1241.86
1248.50
1257.31
1261.89
1267.50
1273.55
1276.71
1281.00
1292.80
1298.84
1304.00
1316.50
1320.52
1325.00
1336.96
1350.70
1367.39
1389.10
1401.00
1418.48
1430.00
1444.50
1455.32
1470.50
1480.34
1492.50
1500.77
1516.08
1523.97
1542.50
1546.00
1552.88
1571.61
1580.50
1597.97
1606.29
1616.99
1615.46
1620.65
1623.75
1666.32
1678.21
1703.66
1724.27
1755.38
1746.45
1763.26
1775.55
1792.00
1809.33
1832.53
1913.21
1928.28
1922.82
1926.11
1930.00
1921.44
1924.32
1929.50
1937.50
1939.00
1939.00
1939.00
1937.00
1930.50
1929.00
1926.73
1925.50
1924.00
1923.50
1923.50
1923.00
1919.04
1917.65
1840.47
1838.90
1837.41
1847.83
1866.94
1847.38
1854.16
1907.48
1833.56
1805.96
1802.50
1802.00
1796.01
1784.63
1759.56
1742.50
1716.70
1704.50
1701.37
1694.00
1692.50
1685.53
1683.26
1675.00
1667.00
1641.50
1629.50
1621.00
1639.60
1601.39
1585.56
1575.00
1572.50
1566.91
1558.00
1541.00
1550.20
1522.50
1510.83
1495.15
1470.76
1449.95
1440.86
1436.98
1410.79
1406.91
1400.92
1394.38
1386.33
1373.61
1359.31
1341.76
1334.00
1328.64
1320.50
1311.00
1302.50
1289.50
1283.77
1272.17
1250.54
1239.75
1248.96
1246.88
1236.50
1236.00
1229.16
1224.30
1214.23
1205.84
1198.90
1195.87
1194.90
1194.10
1192.46
1188.00
1185.00
1184.00
1183.08
1177.15
1174.00
1171.50
1170.50
1170.90
1170.00
1162.97
1161.88
1147.29
1129.92
1117.38
1109.30
1108.35
1099.70
1079.10
1084.92
1078.54
1072.69
1065.71
1064.00
1061.50
1060.00
1060.00
1055.50
1047.97
1042.50
1036.35
1032.58
1023.06
1011.97
1004.65
1004.22
1003.03
993.74
987.50
983.00
978.53
972.50
971.48
971.57
970.88
970.29
970.18
968.00
966.00
964.00
962.50
962.00
962.50
962.00
960.50
960.00
956.50
951.00
950.00
949.00
949.00
948.50
949.00
951.50
952.50
953.50
954.50
955.50
957.64
960.28
962.00
963.00
963.20
964.00
964.00
964.00
964.00
964.50
966.50
967.00
970.08
970.75
972.50
975.50
982.27
990.37
995.33
997.60
997.50
998.50
999.00
998.50
998.00
995.00
994.50
991.90
979.70
973.79
971.71
969.77
967.92
961.22
952.00
947.50
943.02
940.00
938.50
938.00
938.00
937.50
937.50
937.50
940.00
944.50
945.55
947.07
950.00
950.15
952.00
952.00
951.50
950.50
949.00
947.00
946.00
945.50
943.00
943.00
943.50
944.00
944.50
946.00
948.00
951.00
952.50
952.50
952.00
952.00
950.50
950.00
949.50
950.50
956.00
959.50
961.50
966.00
963.02
967.00
974.47
983.00
989.00
995.50
1002.00
1003.00
1003.00
1003.00
1003.43
1000.50
996.50
995.50
994.00
992.36
990.50
988.09
984.50
979.00
978.00
977.50
978.00
978.00
978.00
977.00
976.50
976.50
975.50
975.00
971.00
967.50
966.50
965.50
964.50
963.00
962.00
961.00
960.50
960.50
961.00
966.55
971.50
978.69
980.84
988.55
1005.78
1018.51
1025.45
1031.53
1047.12
1057.50
1067.88
1073.76
1083.95
1094.87
1102.49
1107.00
1110.80
1115.50
1119.50
1122.00
1124.00
1125.50
1127.50
1130.00
1131.50
1132.50
1133.00
1133.50
1133.00
1133.00
1133.00
1143.50
1146.50
1149.75
1155.93
1159.02
1165.77
1167.17
1172.00
1178.00
1182.15
1195.50
1196.50
1197.19
1197.36
1197.16
1197.74
1197.50
1198.50
1202.50
1204.50
1205.50
1206.50
1208.50
1211.00
1212.00
1212.50
1214.00
1214.50
1214.50
1213.50
1211.50
1207.21
1203.05
1197.88
1192.12
1181.50
1168.31
1157.41
1155.83
1150.50
1146.50
1125.37
1137.00
1134.00
1118.55
1091.60
1080.00
1066.03
1066.30
1063.57
1052.89
1032.75
1000.90
992.57
989.73
986.70
987.00
985.00
978.47
977.40
976.50
973.00
971.06
971.50
977.50
979.41
980.15
980.88
981.45
982.17
983.15
986.50
988.00
992.50
993.50
994.00
993.00
981.00
975.27
966.50
966.00
965.50
965.00
964.50
963.00
955.50
951.62
950.22
950.50
951.50
953.00
952.97
953.98
955.00
954.00
953.00
953.50
953.00
953.50
954.19
953.65
953.50
955.00
958.00
959.79
962.50
964.50
967.48
968.50
970.50
971.50
971.50
972.00
972.00
971.50
970.50
965.00
957.59
956.50
954.82
953.39
953.50
951.50
948.00
944.50
944.00
944.00
944.50
945.50
946.00
947.00
947.00
947.00
947.00
947.00
947.00
947.00
949.00
950.50
957.00
959.00
962.50
966.50
969.50
971.00
971.50
969.50
968.50
963.77
958.63
958.94
958.70
955.56
944.37
937.16
936.69
933.77
932.30
933.40
938.90
941.38
947.53
952.09
953.20
952.54
946.85
950.98
962.09
973.00
979.00
986.50
990.00
1003.09
1009.69
987.49
987.86
995.19
999.80
992.74
992.87
994.99
988.75
979.39
985.20
1003.10
1014.43
1014.00
1013.50
1011.71
1010.00
1010.96
1010.15
1009.00
1009.00
1010.29
1010.00
1010.50
1010.50
1010.50
1007.49
1008.00
1008.00
1007.95
1007.64
1012.09
1020.98
1019.62
1020.98
1023.82
1032.81
1039.32
1051.53
1051.63
1061.00
1073.00
1075.54
1078.50
1082.50
1090.96
1095.00
1096.50
1098.00
1099.00
1105.61
1114.03
1106.50
1106.00
1099.42
1092.20
1082.90
1078.79
1076.07
1073.00
1072.92
1072.41
1069.00
1065.50
1053.50
1052.00
1052.00
1054.50
1057.00
1063.00
1063.59
1064.90
1067.18
1070.54
1073.50
1076.93
1083.68
1089.79
1090.75
1091.58
1091.10
1091.37
1091.12
1090.38
1089.18
1089.50
1090.08
1090.64
1091.50
1092.00
1092.50
1093.00
1094.50
1095.65
1095.73
1095.50
1094.25
1093.50
1093.00
1093.00
1093.00
1097.00
1099.82
1102.36
1103.35
1103.00
1104.00
1104.00
1104.00
1105.00
1105.50
1106.50
1111.00
1113.50
1114.50
1115.50
1114.13
1115.00
1120.08
1124.50
1130.00
1145.50
1151.00
1155.50
1156.00
1157.00
1159.50
1164.00
1168.00
1169.50
1174.11
1191.50
1195.50
1197.68
1199.77
1203.50
1209.00
1210.50
1211.50
1212.50
1307.90
1225.57
1226.97
1228.03
1231.50
1227.10
1231.41
1228.00
1229.41
1280.94
1355.69
1319.00
1326.00
1336.88
1350.50
1368.50
1385.50
1394.50
1402.00
1432.38
1418.00
1437.06
1445.50
1467.01
1490.50
1508.50
1527.67
1529.07
1550.50
1557.50
1573.00
1584.95
1608.42
1624.69
1656.42
1679.49
1690.83
1717.18
1719.36
1741.27
1771.97
1788.99
1810.92
1852.00
1838.59
1853.22
1897.67
1918.14
1930.33
1959.86
2004.45
2015.61
2029.64
2072.15
2100.58
2142.06
2138.91
2144.13
2184.67
2211.47
2220.67
2255.83
2300.71
2319.46
2346.79
2373.82
2386.11
2405.91
2421.00
2445.40
2465.35
2479.53
2497.03
2524.22
2555.71
2575.53
2591.67
2603.70
2614.74
2627.79
2635.41
2642.87
2672.65
2685.91
2695.50
2706.89
2718.00
2727.00
2728.95
2732.50
2735.34
2741.63
2746.10
2744.09
2730.89
2721.34
2704.21
2706.86
2703.22
2726.00
2707.08
2709.63
2608.02
2576.41
2539.46
2521.59
2505.50
2478.58
2459.15
2435.04
2390.58
2327.94
2300.71
2273.34
2252.93
2208.92
2174.84
2125.73
2100.68
2072.35
2026.00
1977.52
1969.50
1939.51
1895.05
1860.08
1826.07
1800.97
1764.39
1755.16
1718.52
1700.84
1674.79
1654.03
1638.46
1615.26
1613.18
1573.62
1569.25
1553.13
1528.12
1510.50
1499.53
1492.00
1465.86
1469.00
1460.00
1453.77
1450.63
1441.50
1425.47
1412.00
1400.00
1389.48
1377.87
1368.00
1360.44
1350.47
1341.01
1335.48
1332.88
1326.00
1310.48
1295.68
1294.00
1292.00
1285.00
1281.50
1280.50
1279.00
1277.00
1274.50
1273.50
1273.00
1273.00
1265.00
1258.50
1256.00
1252.00
1249.51
1247.50
1245.16
1241.14
1237.08
1233.00
1227.59
1224.35
1223.27
1227.77
1227.34
1232.80
1234.00
1237.00
1235.00
1234.50
1236.38
1246.39
1252.50
1256.00
1278.00
1303.50
1319.50
1336.50
1348.00
1356.62
1362.82
1365.36
1387.66
1396.19
1405.47
1412.05
1417.39
1431.04
1443.21
1478.73
1464.00
1484.56
1506.76
1490.15
1520.44
1558.68
1570.38
1623.48
1633.00
1634.00
1635.00
1636.88
1640.21
1641.71
1640.29
1643.07
1648.50
1649.50
1650.50
1650.50
1650.00
1650.00
1649.00
1648.00
1647.50
1647.50
1647.50
1645.00
1640.00
1632.73
1634.90
1641.00
1640.00
1639.00
1639.00
1636.50
1605.59
1578.62
1569.00
1560.00
1544.83
1537.38
1520.95
1519.05
1513.16
1512.47
1490.42
1486.56
1493.12
1529.87
1484.00
1476.50
1475.00
1474.61
1472.00
1471.67
1477.50
1480.50
1483.09
1489.03
1495.50
1505.00
1508.66
1515.50
1531.15
1540.00
1546.00
1556.53
1563.98
1580.49
1602.26
1612.35
1624.03
1643.47
1670.45
1690.87
1699.33
1716.82
1724.22
1726.93
1742.63
1749.60
1816.44
1837.63
1856.60
1894.40
1900.50
1923.50
1948.66
1946.97
1972.72
1979.28
2001.53
2028.21
2060.79
2067.47
2095.18
2124.75
2142.29
2182.43
2200.86
2214.01
2242.02
2253.77
2280.29
2293.32
2302.29
2308.57
2323.68
2338.79
2346.22
2355.04
2361.77
2377.63
2381.00
2382.50
2384.00
2387.39
2389.50
2393.00
2507.81
2393.50
2392.50
2380.00
2345.80
2265.53
2265.54
2261.48
2262.81
2260.72
2258.15
2262.39
2247.93
2228.88
2192.84
2186.08
2175.36
2152.54
2131.28
2110.52
2106.29
2092.67
2087.37
2077.00
2101.11
2049.16
2036.50
2015.50
2004.46
2004.41
2004.31
2002.37
2000.45
1992.32
1984.90
1970.79
1965.80
1963.50
1962.00
1961.00
1959.50
1957.50
1953.50
1942.00
1940.50
1921.41
1926.33
1917.14
1886.88
1882.74
1873.89
1872.39
1851.70
1826.06
1795.35
1787.00
1769.78
1766.91
1737.50
1730.94
1715.65
1698.52
1674.99
1644.07
1625.85
1588.07
1567.18
1544.36
1529.50
1495.15
1475.57
1437.94
1421.24
1393.83
1377.50
1357.83
1347.55
1336.10
1317.50
1298.24
1283.01
1270.00
1242.79
1221.56
1210.50
1204.13
1201.28
1196.03
1181.54
1176.91
1173.50
1164.43
1163.50
1161.89
1159.00
1162.50
1165.50
1167.00
1166.50
1167.00
1167.00
1166.50
1166.00
1163.50
1154.50
1150.13
1141.00
1139.50
1139.50
1138.50
1136.50
1133.00
1132.00
1130.00
1129.50
1128.50
1126.50
1122.50
1115.47
1102.50
1098.75
1094.16
1092.80
1092.48
1091.70
1088.54
1078.98
1064.57
1062.55
1061.00
1056.50
1055.00
1054.50
1054.00
1054.50
1056.00
1061.61
1063.00
1068.60
1071.61
1073.09
1075.00
1077.44
1078.61
1079.57
1079.57
1079.24
1076.56
1071.14
1074.16
1075.67
1071.00
1071.41
1072.00
1071.50
1071.40
1077.56
1078.60
1075.77
1077.87
1076.25
1084.50
1101.57
1110.28
1117.74
1130.50
1135.00
1140.39
1145.50
1148.16
1154.00
1161.50
1163.50
1170.03
1173.82
1182.63
1188.50
1204.00
1207.19
1211.02
1215.50
1219.50
1228.00
1236.00
1248.00
1255.55
1279.34
1289.50
1298.50
1304.50
1316.03
1327.00
1338.51
1345.50
1366.00
1384.78
1391.07
1393.39
1400.48
1409.00
1405.25
1432.50
1441.00
1451.50
1464.07
1492.80
1488.94
1523.55
1527.59
1603.70
1566.53
1595.81
1605.55
1635.31
1673.60
1691.31
1710.11
1738.41
1755.15
1782.39
1791.51
1853.52
1867.07
1876.60
1901.41
1903.09
1914.57
1942.83
1954.03
1981.22
1991.78
1991.79
1999.90
2033.51
2054.52
2080.25
2077.42
2092.03
2105.31
2111.30
2141.50
2126.83
2136.27
2145.57
2196.70
2165.75
2194.93
2203.50
2210.00
2212.57
2177.30
2182.64
2287.11
2245.09
2235.02
2279.21
2271.53
2269.81
2270.22
2276.37
2282.00
2263.78
2266.78
2269.14
2306.00
2318.06
2285.77
2287.49
2286.92
2337.50
2343.00
2345.50
2347.50
2348.00
2351.50
2365.50
2374.60
2381.50
2389.00
2366.53
2402.00
2381.04
2384.53
2413.00
2392.09
2429.79
2408.69
2426.69
2445.78
2458.65
2449.05
2461.28
2490.28
2504.13
2538.50
2550.77
2549.65
2581.60
2597.16
2602.47
2620.91
2619.31
2630.00
2665.72
2651.00
2662.00
2672.00
2684.00
2692.50
2697.50
2700.50
2703.00
2705.05
2708.89
2710.00
2713.88
2718.50
2726.00
2729.00
2729.00
2729.00
2727.00
2720.00
2714.00
2711.50
2704.91
2701.35
2688.61
2682.29
2679.53
2663.04
2648.37
2637.77
2622.10
2612.84
2599.50
2591.93
2580.50
2567.97
2548.98
2524.37
2510.82
2490.00
2479.00
2474.09
2463.85
2468.85
2450.99
2440.69
2422.28
2407.28
2397.66
2383.50
2368.50
2364.50
2360.50
2356.00
2346.00
2391.44
2334.62
2331.11
2329.05
2326.45
2321.12
2319.24
2311.50
2308.50
2306.50
2305.50
2305.50
2305.00
2303.50
2297.00
2293.50
2283.51
2269.63
2258.00
2231.95
2256.05
2253.11
2252.87
2250.00
2209.69
2196.89
2179.66
2187.00
2155.22
2150.53
2174.27
2156.00
2146.03
2135.50
2126.60
2111.85
2081.76
2092.00
2076.50
2062.50
2043.50
2033.00
2056.47
1991.92
1999.50
1995.00
1982.50
1980.65
1964.28
1955.73
1949.58
1944.50
1940.00
1922.50
1919.00
1916.50
1912.50
1910.50
1907.00
1900.60
1894.36
1886.37
1877.91
1873.78
1869.75
1870.73
1873.35
1869.83
1854.39
1822.85
1854.00
1857.50
1865.11
1874.44
1877.70
1877.23
1895.61
1894.77
1881.98
1947.45
1970.29
1985.00
2003.79
2013.71
2046.61
2049.50
2072.51
2094.36
2108.67
2111.00
2139.20
2140.10
2150.88
2154.86
2184.58
2211.79
2218.22
2225.26
2258.83
2291.42
2306.92
2335.17
2375.85
2386.18
2421.19
2434.59
2462.53
2480.51
2524.41
2536.62
2564.12
2582.02
2604.76
2633.81
2702.25
2693.57
2704.92
2713.75
2722.00
2734.86
2744.53
2752.92
2769.60
2773.44
2778.84
2778.27
2770.99
2759.76
2771.36
2775.61
2771.91
2769.10
2774.37
2772.68
2769.84
2780.80
2789.96
2787.14
2774.49
2770.46
2772.39
2765.68
2755.50
2744.62
2738.25
2732.50
2723.00
2715.70
2711.50
2705.00
2702.00
2696.50
2685.50
2680.50
2678.81
2680.45
2669.16
2668.15
2643.50
2633.50
2626.47
2603.82
2551.51
2538.66
2515.94
2484.68
2479.08
2448.07
2444.35
2436.28
2408.81
2366.72
2344.72
2282.77
2280.89
2249.10
2210.40
2190.74
2162.65
2149.22
2147.91
2083.33
2059.05
2002.77
1991.10
1946.43
1887.17
1857.43
1811.52
1771.91
1736.16
1698.91
1669.11
1635.42
1617.40
1560.31
1534.34
1503.07
1468.05
1456.10
1437.39
1419.25
1394.99
1377.21
1370.20
1349.80
1328.39
1302.30
1282.92
1265.52
1246.78
1241.32
1221.24
1234.41
1220.60
1207.02
1194.84
1159.98
1145.50
1132.58
1145.11
1131.31
1123.47
1118.05
1116.70
1113.00
1106.73
1104.72
1100.49
1095.81
1084.11
1075.41
1071.21
1070.82
1068.32
1065.24
1066.00
1065.50
1065.00
1061.50
1055.28
1053.65
1041.89
1035.47
1031.45
1029.62
1024.84
1017.66
1009.05
1005.96
1001.98
1001.31
1000.00
1000.00
1000.00
1002.94
1006.31
1007.67
1017.61
1025.10
1024.24
1024.28
1021.46
1020.00
1012.90
1008.02
1008.25
1009.00
1005.92
1004.50
999.00
994.00
987.00
980.50
974.00
972.00
970.50
970.00
969.00
968.50
968.00
967.72
967.72
968.50
969.50
970.00
971.50
976.00
980.50
983.50
985.50
986.50
986.50
987.00
987.00
986.50
986.50
985.00
984.50
982.50
977.00
975.50
974.50
973.50
973.00
973.50
974.50
975.50
976.00
976.50
985.50
991.00
993.00
994.00
994.50
994.50
996.00
996.00
996.50
997.00
998.50
1002.62
1010.00
1011.61
1010.97
1014.10
1017.00
1033.62
1032.87
1035.62
1047.50
1049.00
1049.50
1050.00
1051.50
1052.00
1053.00
1053.00
1053.00
1053.50
1052.50
1049.50
1048.50
1046.50
1045.50
1044.50
1044.50
1043.50
1043.00
1043.00
1042.50
1042.50
1045.00
1051.50
1057.71
1057.62
1058.45
1062.29
1061.95
1063.23
1069.06
1078.41
1083.50
1084.63
1084.50
1085.21
1085.00
1084.00
1084.50
1084.50
1085.00
1085.00
1085.58
1086.09
1086.50
1085.17
1134.39
1072.90
1072.20
1070.20
1070.13
1070.00
1069.38
1064.36
1063.86
1062.38
1062.90
1065.50
1067.50
1069.50
1071.17
1074.50
1078.50
1162.74
1080.50
1081.50
1082.00
1081.50
1080.50
1075.25
1073.50
1068.35
1060.00
1058.50
1057.50
1055.00
1049.60
1052.12
1042.00
1041.50
1041.00
1041.00
1040.50
1041.00
1042.00
1041.50
1041.50
1041.00
1034.03
1030.50
1028.30
1026.06
1025.47
1026.59
1024.10
1023.50
1019.50
1017.69
1014.27
1016.50
1016.50
1018.00
1021.00
1022.50
1024.00
1027.00
1029.50
1029.50
1038.77
1031.00
1033.32
1033.50
1037.09
1045.47
1101.49
1132.21
1153.87
1185.90
1250.79
1195.48
1189.43
1197.97
1220.00
1240.50
1303.33
1279.61
1282.50
1298.50
1305.50
1322.58
1368.07
1350.34
1365.31
1392.59
1405.66
1427.21
1439.52
1451.80
1462.01
1484.52
1522.32
1571.93
1598.73
1557.67
1571.25
1580.38
1612.89
1624.82
1642.06
1650.27
1674.51
1688.38
1708.14
1714.32
1719.66
1730.00
1757.00
1764.92
1832.28
1839.54
1804.00
1807.50
1815.11
1818.50
1821.50
1827.99
1831.95
1843.30
1849.50
1859.50
1874.50
1886.06
1908.00
1919.50
1929.20
1934.50
1941.59
1944.76
1945.93
1947.00
1961.88
1977.25
1983.26
1982.89
1980.50
1980.76
1979.95
1974.50
1969.50
1964.01
1962.00
1942.69
1936.45
1923.14
1909.69
1887.96
1871.45
1864.66
1837.41
1814.77
1800.99
1773.35
1751.48
1735.37
1708.73
1688.57
1664.50
1639.63
1605.29
1566.68
1537.71
1507.58
1492.58
1448.28
1422.49
1393.72
1386.20
1359.68
1340.85
1324.00
1307.39
1289.20
1278.87
1242.97
1231.52
1222.62
1211.14
1198.17
1189.75
1178.63
1166.50
1163.50
1158.50
1152.00
1150.00
1143.50
1139.46
1130.91
1125.00
1117.00
1097.48
1090.91
1081.29
1071.66
1057.25
1051.87
1042.85
1032.77
1030.07
1008.06
995.39
971.25
969.63
968.37
965.74
964.09
954.71
951.62
953.74
953.33
954.50
956.11
964.00
951.64
945.46
943.98
946.48
940.49
942.39
946.76
948.96
944.85
922.71
932.38
933.00
934.50
934.50
933.50
932.00
926.86
922.00
916.92
914.83
913.66
913.17
912.50
912.00
911.50
912.00
912.00
914.00
915.00
915.50
915.50
915.61
914.76
914.89
911.00
908.14
906.50
905.00
904.90
903.00
899.46
895.69
890.50
888.00
891.02
888.86
892.09
884.70
883.50
878.24
865.00
861.50
860.50
853.50
848.00
845.50
845.00
846.00
845.49
846.50
849.00
850.15
850.50
851.50
852.61
856.21
860.50
865.50
869.14
878.00
881.24
886.50
888.50
889.35
889.89
892.00
893.50
894.50
897.50
899.50
901.00
901.76
901.86
902.00
902.00
901.50
904.50
909.50
915.00
918.50
920.50
922.50
923.50
924.00
925.00
930.20
933.36
933.23
932.50
931.00
928.50
926.50
925.50
923.86
920.79
920.76
918.86
917.00
916.50
916.00
915.50
915.50
915.00
912.50
909.11
907.33
904.02
899.05
893.57
891.36
891.50
890.50
889.50
889.00
889.00
889.00
889.50
889.50
889.50
888.00
883.50
882.18
882.39
882.23
880.50
880.00
872.50
871.50
870.50
869.00
867.00
865.50
865.00
864.50
864.00
863.50
863.50
863.50
863.50
862.50
856.50
854.50
853.19
852.15
849.30
845.00
843.50
842.00
841.00
840.00
840.50
842.43
848.00
853.00
856.50
858.50
860.50
864.00
862.25
862.10
867.19
870.95
873.00
873.50
875.13
873.49
871.11
865.92
858.00
853.88
845.85
844.02
843.00
842.50
841.50
840.00
836.50
835.00
835.00
834.21
836.55
834.50
838.70
840.10
841.50
842.50
843.00
843.50
844.50
848.83
858.73
861.02
862.50
863.50
864.50
868.50
870.76
873.59
883.95
888.88
890.50
891.00
891.50
891.50
891.00
891.50
891.50
892.00
896.50
897.50
898.50
899.00
900.86
904.33
906.50
910.50
914.00
922.50
926.00
926.00
926.50
926.50
926.50
926.00
919.41
913.38
911.50
911.50
910.50
909.50
909.00
908.50
908.50
908.50
910.50
917.21
919.50
922.94
926.52
934.67
937.00
937.50
938.00
938.00
937.50
937.50
935.00
933.50
934.00
934.50
937.50
940.50
942.00
942.00
942.00
942.00
943.00
943.00
942.50
941.00
938.00
936.50
936.00
933.50
916.42
906.06
896.76
896.00
894.00
891.50
891.00
890.00
890.00
890.00
893.50
897.44
901.00
902.50
904.00
905.58
906.93
912.50
914.50
916.32
919.32
918.43
920.06
924.38
924.90
926.40
927.42
929.50
932.00
934.00
937.00
938.50
939.00
939.00
937.00
936.50
935.85
935.00
934.50
932.50
928.00
926.00
924.76
924.50
924.00
925.00
925.50
926.00
927.00
928.00
930.50
934.00
940.50
944.50
948.07
955.50
959.00
963.50
965.00
967.77
971.00
974.27
979.00
982.50
992.00
994.50
995.00
995.50
995.67
996.00
995.50
994.50
990.00
983.50
980.00
978.50
977.50
977.91
975.50
971.00
962.50
959.90
954.74
952.87
952.50
952.00
952.00
956.50
957.77
958.91
960.46
966.33
974.92
976.00
978.00
979.50
981.67
981.43
979.76
976.50
974.40
973.98
972.38
969.50
961.50
960.50
959.98
961.00
962.00
965.07
972.08
978.80
988.71
994.00
998.00
998.50
1002.76
1005.50
1007.50
1010.50
1011.50
1012.50
1015.00
1019.00
1026.50
1027.00
1028.61
1030.00
1032.75
1032.00
1034.00
1034.00
1036.57
1037.03
1034.00
1029.50
1026.00
1024.50
1024.00
1023.55
1022.97
1023.50
1023.50
1025.00
1025.50
1026.50
1028.50
1029.94
1032.00
1037.00
1039.00
1039.50
1040.48
1040.50
1041.00
1041.00
1040.00
1040.00
1039.50
1039.00
1038.00
1034.00
1029.50
1028.00
1026.50
1022.50
1013.50
1016.65
1016.96
1014.50
1012.00
1003.25
1001.50
998.56
993.50
992.00
991.00
990.00
988.00
987.00
986.00
986.00
986.50
989.00
992.00
996.00
999.00
999.00
998.50
999.00
999.00
1000.04
996.02
994.00
994.00
993.50
993.50
993.50
993.00
993.00
1002.22
1004.62
1005.93
1005.59
1006.50
1007.51
1006.00
1004.02
1002.90
1003.60
1006.46
1011.06
1036.04
1036.00
1037.00
1037.41
1038.34
1041.69
1041.89
1042.27
1046.83
1048.67
1045.00
1047.53
1121.12
1048.00
1045.50
1044.00
1040.50
1037.00
1033.00
1026.00
1023.03
1021.00
1017.22
1016.50
1014.24
1014.50
1014.50
1014.00
1014.50
1015.50
1016.00
1014.88
1014.69
1010.38
1007.50
1006.62
1007.00
1005.00
998.00
994.50
987.81
987.00
984.00
983.00
982.00
982.00
982.00
982.00
982.50
982.50
984.00
991.00
994.00
995.50
996.50
997.00
998.50
1000.50
1003.00
1007.50
1009.00
1010.00
1010.00
1010.00
1009.50
1010.00
1009.69
1011.78
1011.91
1014.08
1014.97
1016.40
1019.00
1020.50
1023.65
1026.19
1026.50
1026.00
1026.00
1024.00
1021.58
1021.54
1019.97
1014.62
1010.50
1009.50
1009.00
1008.00
1007.71
1006.00
1005.00
998.00
997.00
997.00
996.50
995.60
994.50
993.50
993.00
993.50
996.00
996.50
997.68
1000.28
1003.87
1012.00
1016.24
1018.29
1021.50
1036.50
1041.50
1045.00
1049.00
1050.50
1052.00
1057.00
1066.00
1071.50
1077.45
1079.50
1080.50
1080.50
1080.50
1072.98
1070.20
1069.50
1068.50
1068.25
1067.50
1066.50
1064.00
1063.50
1063.00
1063.50
1064.50
1066.50
1069.00
1073.82
1079.55
1085.50
1099.00
1099.72
1101.06
1118.60
1126.89
1131.76
1136.91
1143.18
1151.79
1159.13
1165.95
1173.77
1180.50
1185.00
1187.00
1189.50
1193.00
1193.50
1193.50
1194.50
1194.89
1198.00
1199.00
1200.97
1202.30
1205.00
1213.00
1215.50
1222.00
1227.50
1241.18
1240.85
1229.49
1240.89
1242.00
1249.42
1260.50
1310.31
1285.00
1292.50
1340.43
1300.00
1304.00
1307.00
1309.50
1314.00
1317.29
1369.42
1377.47
1346.53
1351.12
1378.14
1360.80
1370.92
1376.38
1372.66
1355.33
1423.89
1469.02
1522.82
1454.50
1463.86
1520.58
1574.27
1522.17
1586.98
1570.02
1585.90
1599.47
1616.29
1612.74
1633.39
1685.46
1681.28
1707.16
1731.63
1766.99
1783.12
1795.79
1821.97
1836.70
1856.73
1894.98
1915.48
1916.69
1929.29
1944.96
1962.96
1973.00
1995.25
2013.00
2035.94
2049.96
2070.71
2087.42
2108.00
2121.19
2145.29
2172.01
2215.13
2206.16
2228.75
2216.18
2238.57
2278.10
2302.40
2347.70
2374.57
2408.14
2431.22
2447.43
2454.42
2440.75
2496.99
2507.50
2539.22
2542.45
2561.31
2578.74
2608.12
2636.60
2671.25
2700.92
2673.03
2720.21
2698.70
2729.08
2745.90
2767.73
2783.94
2802.36
2822.50
2834.45
2841.50
2843.00
2851.38
2854.86
2870.37
2877.00
2889.03
2893.56
2895.82
2895.94
2894.31
2889.40
2886.50
2883.00
2878.50
2871.38
2866.57
2861.53
2826.23
2796.37
2764.22
2750.79
2722.96
2717.13
2686.87
2664.22
2628.90
2602.51
2562.66
2527.87
2499.00
2479.21
2439.30
2384.02
2340.25
2307.16
2277.66
2217.19
2173.99
2146.71
2122.77
2100.17
2064.52
2035.02
2001.63
1933.52
1906.02
1852.03
1841.61
1821.16
1804.56
1780.04
1759.48
1739.01
1729.42
1673.27
1641.80
1617.77
1597.30
1574.51
1566.84
1539.57
1506.50
1492.54
1485.05
1478.47
1443.10
1410.84
1484.08
1402.12
1369.98
1352.71
1332.72
1278.26
1318.75
1296.38
1280.83
1286.70
1275.15
1265.66
1260.64
1253.52
1252.00
1251.42
1250.50
1250.50
1251.20
1252.98
1254.58
1255.15
1256.80
1256.66
1256.50
1257.00
1257.00
1257.00
1256.74
1255.00
1253.49
1250.84
1246.26
1245.50
1238.78
1242.00
1241.00
1240.50
1239.50
1239.00
1239.50
1239.50
1238.00
1232.36
1229.59
1227.50
1227.50
1227.50
1225.50
1222.00
1221.00
1220.50
1219.50
1219.50
1220.50
1223.00
1226.50
1228.44
1232.23
1241.02
1248.10
1248.83
1250.65
1251.57
1252.04
1252.11
1252.50
1250.11
1241.86
1234.00
1231.55
1228.43
1225.39
1224.12
1220.90
1216.40
1213.00
1205.50
1199.50
1197.00
1192.50
1184.63
1182.05
1182.29
1185.00
1186.71
1188.00
1188.50
1189.00
1189.50
1190.17
1191.00
1190.05
1189.00
1189.50
1188.51
1186.36
1183.69
1181.16
1177.50
1176.50
1174.50
1173.00
1172.50
1173.50
1174.00
1177.00
1180.07
1182.14
1180.20
1191.00
1200.50
1193.20
1204.03
1208.55
1216.00
1221.00
1221.50
1224.08
1231.00
1233.50
1234.00
1234.50
1235.00
1236.00
1240.50
1256.00
1243.50
1241.27
1243.25
1242.98
1241.17
1243.17
1243.71
1244.20
1244.03
1240.35
1251.39
1264.00
1267.00
1269.00
1269.50
1270.00
1271.00
1271.50
1272.50
1273.00
1273.00
1274.00
1277.50
1278.50
1279.00
1280.00
1281.00
1285.00
1290.00
1294.50
1301.03
1312.49
1299.00
1299.00
1314.53
1323.45
1363.81
1369.94
1381.88
1411.87
1409.00
1427.00
1436.50
1445.38
1454.00
1469.73
1480.01
1487.50
1495.00
1581.28
1506.00
1511.50
1562.73
1520.50
1533.91
1549.50
1525.05
1569.96
1571.50
1572.01
1575.11
1578.59
1587.38
1609.73
1618.00
1610.25
1620.46
1646.00
1659.00
1664.00
1680.02
1689.50
1711.62
1727.00
1739.01
1758.00
1762.33
1776.77
1782.83
1783.39
1829.18
1873.89
1866.02
1884.50
1894.49
1919.51
1937.96
1954.01
1975.00
1984.50
1993.50
2014.88
2035.00
2050.50
2058.00
2075.00
2106.42
2124.00
2143.47
2195.28
2197.24
2217.53
2252.34
2256.44
2256.80
2287.45
2305.63
2334.71
2353.72
2409.22
2432.00
2453.00
2467.77
2510.49
2543.49
2577.12
2601.00
2626.58
2642.50
2656.74
2679.97
2700.34
2720.06
2750.67
2756.61
2806.48
2823.73
2835.37
2848.46
2871.71
2888.40
2916.32
2932.10
2945.34
2978.36
2982.83
2987.30
3000.32
3016.00
3023.55
3041.93
3057.00
3065.50
3077.50
3087.81
3097.06
3105.48
3119.92
3134.37
3141.50
3157.70
3162.50
3170.50
3174.97
3186.00
3193.36
3203.50
3210.00
3217.98
3223.95
3224.50
3225.50
3225.50
3225.50
3225.50
3225.00
3224.00
3221.00
3220.00
3214.50
3211.00
3203.00
3190.50
3182.50
3179.97
3171.48
3164.83
3156.39
3145.00
3130.06
3121.50
3112.03
3095.97
3081.50
3043.57
3031.17
3010.92
2974.69
2971.01
2954.83
2922.52
2909.55
2878.55
2861.55
2821.53
2785.78
2756.11
2720.18
2703.06
2683.02
2655.00
2624.51
2593.00
2570.97
2539.50
2504.87
2473.07
2458.09
2435.69
2408.64
2382.61
2339.80
2309.50
2280.02
2257.63
2238.61
2200.03
2184.73
2165.60
2158.92
2104.96
2072.97
2057.50
2044.60
2034.50
2012.15
1971.40
1949.00
1940.50
1895.86
1874.50
1846.35
1819.00
1802.00
1789.43
1774.53
1744.45
1707.78
1707.50
1684.55
1664.54
1634.00
1601.15
1573.06
1575.49
1550.91
1538.04
1530.28
1508.53
1492.88
1479.90
1460.14
1441.52
1435.09
1428.81
1424.21
1415.95
1409.50
1399.98
1391.65
1419.81
1370.50
1370.00
1365.70
1492.16
1355.74
1350.00
1349.23
1348.20
1347.72
1347.00
1346.50
1344.00
1343.50
1336.00
1320.00
1316.61
1313.67
1310.50
1307.17
1304.00
1301.73
1299.17
1291.01
1279.41
1272.50
1271.00
1271.00
1272.00
1273.00
1375.91
1275.50
1275.50
1275.50
1276.00
1276.50
1276.50
1274.97
1271.50
1268.50
1267.06
1263.47
1262.17
1258.35
1256.50
1252.67
1237.84
1217.38
1210.50
1200.69
1206.43
1207.00
1206.00
1203.10
1197.62
1196.00
1195.00
1194.50
1194.50
1195.00
1195.00
1194.50
1241.36
1192.00
1191.50
1191.10
1191.00
1189.93
1189.50
1186.59
1183.50
1176.50
1172.50
1165.45
1150.38
1139.17
1134.68
1133.00
1130.96
1121.91
1119.77
1119.98
1107.05
1098.02
1095.11
1093.00
1093.50
1093.50
1094.00
1094.50
1094.50
1094.00
1093.00
1091.50
1090.00
1085.00
1081.00
1080.00
1079.50
1080.41
1081.64
1084.43
1085.24
1088.43
1088.00
1089.00
1089.50
1089.88
1090.38
1090.00
1090.41
1091.55
1088.13
1083.02
1081.00
1077.50
1075.50
1074.67
1074.50
1074.41
1143.03
1076.29
1076.84
1077.90
1079.08
1078.17
1133.90
1078.77
1069.87
1068.54
1068.00
1064.62
1063.42
1060.50
1051.00
1049.00
1043.69
1042.50
1041.50
1041.00
1116.00
1042.00
1043.00
1043.50
1045.00
1047.00
1049.90
1053.00
1055.00
1056.00
1057.00
1053.88
1066.19
1068.00
1069.50
1070.50
1072.50
1074.00
1075.00
1074.85
1075.00
1075.00
1075.00
1074.00
1073.50
1072.50
1072.50
1071.65
1073.58
1077.03
1080.00
1085.16
1086.26
1087.50
1090.00
1081.31
1092.00
1096.93
1104.00
1104.50
1104.50
1105.00
1104.50
1104.00
1104.00
1104.00
1104.00
1105.00
1107.50
1115.00
1120.00
1126.50
1129.50
1131.50
1132.02
1128.88
1128.50
1144.98
1155.50
1164.97
1171.50
1177.25
1179.03
1180.34
1183.34
1188.50
1196.00
1206.50
1212.50
1221.00
1224.50
1229.00
1232.23
1238.00
1244.52
1253.00
1256.50
1258.58
1253.00
1250.14
1250.14
1247.50
1261.31
1252.55
1261.34
1247.34
1249.56
1288.07
1356.86
1400.88
1415.45
1455.08
1436.00
1447.98
1454.50
1463.50
1490.11
1486.50
1514.99
1502.00
1514.73
1521.83
1532.94
1541.00
1557.43
1571.70
1590.85
1607.38
1622.55
1642.91
1673.60
1712.42
1703.81
1719.26
1729.09
1723.96
1722.60
1725.51
1733.79
1737.50
1739.00
1741.50
1742.50
1742.00
1741.00
1740.50
1737.00
1735.50
1734.50
1734.00
1733.00
1728.50
1718.00
1716.50
1715.54
1712.25
1694.88
1708.05
1680.25
1685.61
1647.38
1625.05
1613.83
1611.15
1587.75
1573.00
1556.43
1544.44
1503.73
1503.98
1499.10
1487.57
1481.22
1476.28
1470.24
1459.55
1452.28
1442.33
1430.52
1429.64
1425.11
1422.00
1418.50
1419.26
1418.64
1418.50
1416.00
1413.00
1407.15
1406.50
1405.50
1402.56
1400.43
1398.92
1387.00
1380.29
1378.97
1376.08
1372.00
1369.38
1369.76
1368.95
1367.85
1367.29
1366.84
1366.73
1366.58
1367.00
1367.00
1367.32
1366.18
1369.09
1358.93
1355.53
1353.28
1354.50
1352.85
1351.65
1350.11
1342.39
1331.17
1330.50
1307.67
1303.89
1301.36
1294.18
1291.50
1277.00
1272.50
1268.91
1265.00
1258.47
1253.63
1249.86
1247.73
1246.00
1245.50
1241.11
1239.00
1236.00
1235.00
1232.00
1227.50
1219.50
1219.00
1218.50
1218.00
1217.00
1216.02
1214.49
1210.03
1207.00
1203.50
1201.47
1194.50
1195.63
1192.97
1193.00
1191.92
1191.50
1190.00
1181.50
1173.31
1176.00
1168.00
1167.02
1166.50
1165.59
1165.05
1165.50
1165.00
1165.00
1167.49
1167.38
1169.33
1184.88
1193.23
1206.00
1211.48
1216.27
1218.50
1220.00
1221.50
1231.36
1242.88
1249.14
1263.60
1264.02
1265.00
1267.50
1269.50
1272.50
1274.00
1275.00
1275.50
1275.50
1275.50
1275.50
1276.50
1281.00
1283.14
1285.02
1286.50
1289.50
1291.43
1294.50
1304.00
1338.38
1379.00
1395.98
1430.81
1436.04
1467.59
1479.90
1489.71
1495.50
1509.40
1536.15
1553.60
1567.12
1592.91
1583.50
1598.32
1590.21
1613.66
1646.00
1688.42
1689.18
1704.91
1723.13
1740.49
1752.64
1763.13
1775.66
1782.82
1804.05
1836.99
1847.49
1873.48
1898.63
1899.27
1919.96
1936.60
1956.96
1990.70
2000.54
2029.28
2018.80
2023.83
2028.91
2032.58
2039.23
2050.68
2054.50
2066.50
2068.00
2068.50
2068.28
2068.50
2066.50
2064.50
2061.08
2055.17
2047.00
2038.12
2035.89
2045.50
2015.03
2000.80
1992.64
2004.50
1979.89
1945.54
1913.69
1887.71
1865.24
1843.96
1815.39
1795.32
1783.07
1773.75
1750.27
1729.68
1706.06
1685.78
1667.61
1650.61
1618.05
1598.67
1587.16
1574.73
1554.16
1557.46
1529.50
1508.17
1486.51
1463.10
1443.27
1424.67
1414.48
1397.00
1386.43
1382.82
1370.26
1357.12
1337.15
1322.91
1305.86
1290.07
1279.09
1266.36
1257.00
1249.82
1242.26
1239.00
1236.10
1227.59
1222.54
1213.00
1204.90
1200.28
1199.00
1197.50
1196.56
1194.97
1189.00
1186.00
1184.50
1176.90
1171.00
1163.50
1158.02
1146.69
1139.95
1129.51
1132.15
1125.89
1117.50
1111.00
1106.35
1102.50
1102.00
1095.52
1089.31
1088.14
1087.17
1085.50
1084.00
1083.50
1084.00
1084.50
1086.00
1087.50
1090.05
1093.00
1098.50
1100.50
1103.00
1109.00
1114.00
1118.00
1125.02
1124.00
1125.00
1126.00
1126.00
1125.58
1119.90
1115.00
1114.50
1113.93
1116.03
1112.42
1099.41
1091.37
1091.66
1090.50
1091.50
1091.50
1091.50
1093.57
1093.50
1093.50
1097.50
1102.00
1103.50
1105.00
1106.44
1108.44
1107.80
1107.50
1109.50
1115.00
1119.00
1121.50
1121.43
1118.11
1124.05
1133.13
1141.46
1146.70
1156.98
1159.50
1160.71
1169.68
1185.20
1229.76
1278.79
1204.76
1244.20
1279.20
1225.00
1232.00
1240.66
1253.50
1257.50
1262.50
1271.00
1283.56
1290.00
1315.90
1312.50
1318.50
1329.71
1343.53
1349.50
1353.00
1357.00
1372.88
1412.01
1393.00
1422.50
1437.00
1449.44
1464.57
1469.45
1491.47
1501.70
1506.96
1512.59
1526.85
1542.53
1546.80
1556.16
1561.00
1564.00
1568.36
1576.50
1581.00
1585.00
1586.50
1587.50
1588.00
1588.50
1588.50
1585.50
1581.50
1580.50
1576.41
1556.67
1548.30
1536.71
1524.82
1523.85
1532.63
1514.86
1496.77
1484.83
1461.02
1438.85
1434.04
1425.17
1414.97
1408.38
1386.38
1382.43
1331.56
1279.08
1239.96
1232.91
1234.69
1236.07
1231.37
1232.47
1218.52
1193.50
1204.92
1241.00
1239.00
1236.00
1232.12
1230.00
1228.50
1224.50
1219.00
1205.50
1202.50
1193.50
1182.00
1171.79
1161.50
1160.00
1159.00
1158.00
1154.50
1146.00
1139.00
1131.30
1126.00
1115.52
1112.50
1110.50
1109.00
1108.00
1103.00
1101.00
1101.00
1101.50
1110.00
1113.00
1116.50
1121.50
1122.50
1124.50
1125.50
1127.50
1129.50
1132.50
1141.50
1144.50
1147.50
1149.00
1151.50
1168.61
1178.89
1182.10
1186.00
1188.86
1189.00
1190.50
1191.41
1196.50
1205.50
1211.50
1212.50
1215.00
1217.82
1218.50
1220.31
1223.43
1222.24
1220.00
1221.92
1227.58
1237.50
1268.68
1312.79
1312.53
1327.50
1333.92
1355.21
1402.06
1405.57
1409.10
1433.28
1444.33
1463.58
1500.67
1539.94
1566.00
1604.23
1619.53
1643.81
1653.34
1674.31
1690.06
1726.15
1755.65
1773.00
1805.13
1842.19
1845.80
1869.63
1877.48
1882.66
1896.18
1899.50
1903.10
1914.33
1920.00
1927.50
1928.50
1929.00
1928.00
2032.14
1918.00
1916.00
1968.12
1939.24
1907.06
1893.15
1883.21
1880.96
1885.93
1825.87
1800.50
1783.98
1765.50
1745.80
1729.50
1709.20
1677.89
1662.17
1646.21
1625.19
1609.83
1576.59
1585.30
1542.00
1534.07
1530.03
1515.00
1479.97
1465.73
1442.55
1437.10
1423.50
1443.26
1401.78
1393.50
1393.06
1361.50
1347.42
1322.90
1320.94
1293.23
1286.83
1273.05
1259.33
1238.50
1228.00
1222.69
1214.99
1209.00
1207.00
1194.50
1193.50
1192.50
1193.00
1194.50
1174.10
1199.50
1201.00
1205.00
1209.00
1211.50
1213.50
1220.30
1229.00
1233.00
1234.50
1236.00
1240.50
1244.50
1248.00
1257.50
1268.10
1278.50
1277.00
1279.00
1280.50
1285.50
1290.00
1297.29
1307.16
1308.50
1312.75
1313.00
1313.50
1313.00
1309.40
1303.00
1300.00
1292.50
1288.00
1294.00
1286.50
1280.87
1276.50
1275.95
1255.32
1242.96
1231.11
1223.33
1211.41
1202.50
1198.50
1180.10
1173.32
1178.98
1175.38
1160.41
1161.04
1151.00
1139.41
1135.84
1133.66
1130.02
1128.95
1128.00
1125.78
1124.46
1126.00
1127.00
1128.46
1130.55
1131.50
1131.00
1130.00
1129.00
1126.90
1119.25
1110.73
1110.00
1109.00
1107.50
1102.50
1097.00
1093.50
1091.00
1090.00
1087.50
1084.00
1082.00
1071.88
1066.33
1062.47
1062.56
1061.71
1060.50
1060.00
1059.00
1059.00
1059.00
1059.00
1059.50
1060.17
1066.08
1069.38
1071.42
1076.15
1082.00
1083.00
1084.00
1085.00
1087.00
1086.50
1079.98
1073.16
1073.33
1072.67
1071.00
1069.74
1069.65
1065.02
1059.42
1056.21
1054.11
1054.50
1054.50
1055.00
1055.50
1055.00
1053.50
1046.00
1045.00
1042.50
1042.00
1042.00
1040.50
1039.50
1037.50
1036.00
1036.00
1036.00
1036.50
1036.50
1040.00
1040.50
1042.00
1042.50
1043.50
1044.00
1044.50
1044.50
1050.27
1044.50
1042.00
1037.50
1029.50
1025.98
1020.81
1017.50
1017.00
1016.00
1014.00
1010.50
1007.50
1007.00
1007.00
1006.50
1011.50
1014.50
1019.00
1020.00
1021.00
1022.00
1022.50
1023.00
1026.28
1032.00
1032.50
1032.50
1031.00
1029.50
1026.50
1024.00
1023.00
1022.00
1020.00
1010.00
1002.33
998.72
997.50
997.00
994.00
992.50
990.72
987.64
988.00
987.50
988.00
988.50
992.37
994.00
1003.91
1005.92
1007.00
1007.50
1009.50
1011.00
1017.00
1020.00
1022.50
1025.00
1026.50
1027.50
1029.00
1031.40
1033.50
1034.50
1036.00
1038.00
1042.50
1044.00
1046.00
1048.90
1052.50
1057.50
1066.50
1068.50
1071.00
1072.14
1072.91
1075.64
1073.41
1071.50
1071.00
1070.50
1070.18
1068.98
1067.00
1065.50
1063.00
1062.29
1062.50
1063.03
1065.50
1068.50
1071.50
1072.50
1075.50
1077.00
1080.80
1080.00
1079.00
1079.50
1079.13
1074.05
1072.00
1071.88
1071.67
1071.84
1068.50
1066.00
1064.50
1064.50
1063.50
1063.00
1062.50
1062.50
1061.00
1054.00
1049.71
1049.05
1045.51
1049.00
1048.50
1047.00
1047.00
1043.00
1042.00
1041.50
1042.50
1044.00
1048.50
1050.50
1054.00
1055.50
1054.50
1054.00
1051.50
1051.00
1050.00
1049.10
1049.10
1049.50
1049.50
1044.50
1043.00
1043.50
1044.00
1044.50
1045.00
1045.00
1045.00
1045.00
1044.00
1037.34
1036.43
1021.88
1020.45
1020.05
1020.49
1019.00
1018.97
1019.50
1018.50
1009.16
1006.88
1009.88
1013.50
1014.50
1016.16
1018.75
1020.42
1021.42
1026.91
1028.33
1033.50
1033.50
1033.50
1033.50
1033.00
1032.50
1032.50
1031.00
1031.00
1031.50
1031.00
1031.00
1031.00
1031.00
1027.06
1023.37
1020.36
1010.41
1015.87
1009.32
1007.23
1004.30
996.50
994.00
985.50
984.00
983.59
983.06
983.00
983.50
984.00
984.50
984.00
983.50
980.50
980.00
980.00
986.33
992.94
995.47
995.49
995.81
997.50
998.74
1000.00
1006.50
1016.44
1025.50
1035.86
1037.00
1037.05
1038.50
1040.00
1040.50
1042.48
1050.80
1059.50
1059.00
1063.00
1061.50
1063.00
1063.50
1063.50
1064.00
1064.50
1066.00
1066.00
1065.50
1065.50
1064.00
1063.50
1063.50
1063.00
1062.50
1062.00
1062.00
1061.00
1060.50
1054.00
1053.50
1053.00
1052.50
1052.00
1049.50
1046.50
1041.00
1038.50
1034.43
1032.50
1031.50
1031.50
1032.00
1033.00
1035.50
1038.00
1040.00
1040.50
1044.51
1056.21
1061.42
1064.50
1066.95
1070.55
1074.00
1075.50
1076.50
1078.50
1078.00
1078.00
1077.00
1070.26
1069.50
1069.50
1069.50
1069.00
1069.50
1070.00
1075.50
1081.00
1082.50
1086.73
1086.09
1085.50
1088.50
1091.00
1094.71
1104.77
1152.59
1157.00
1165.50
1174.50
1186.00
1201.00
1281.16
1221.60
1231.50
1240.43
1250.54
1255.38
1265.38
1282.00
1290.50
1315.35
1331.18
1351.58
1386.95
1411.56
1426.39
1432.54
1442.06
1464.22
1490.66
1515.44
1538.56
1561.50
1609.51
1623.88
1631.79
1634.70
1628.47
1651.13
1682.52
1680.94
1685.44
1719.08
1743.50
1745.76
1748.36
1748.58
1751.08
1754.00
1760.00
1759.50
1760.50
1763.07
1757.96
1751.00
1746.43
1750.18
1757.50
1758.00
1756.50
1752.50
1747.14
1680.13
1649.50
1634.84
1622.00
1614.98
1598.73
1577.40
1580.64
1561.74
1553.07
1520.41
1492.88
1486.05
1479.21
1472.80
1464.09
1474.80
1453.04
1438.41
1426.75
1413.30
1407.50
1404.50
1401.00
1395.82
1430.57
1422.40
1400.00
1362.33
1341.53
1330.38
1323.50
1321.08
1314.56
1302.50
1297.77
1289.08
1277.50
1261.09
1247.50
1237.18
1226.60
1222.00
1219.50
1211.31
1204.00
1202.30
1199.50
1195.00
1189.00
1181.50
1174.89
1167.48
1165.50
1161.64
1157.50
1155.00
1154.00
1152.50
1146.50
1142.50
1140.00
1130.50
1124.50
1122.50
1121.50
1118.66
1115.64
1114.50
1113.00
1112.00
1109.32
1101.00
1099.50
1098.50
1096.50
1094.00
1091.00
1089.00
1083.85
1081.50
1080.48
1064.86
1060.79
1051.64
1047.27
1046.17
1046.00
1044.00
1039.50
1038.50
1037.50
1038.50
1037.50
1038.00
1039.00
1041.50
1043.00
1053.50
1056.00
1060.00
1062.00
1063.50
1064.00
1065.00
1065.00
1066.00
1066.00
1065.43
1065.95
1067.00
1066.50
1066.00
1065.00
1062.00
1062.00
1060.80
1057.50
1054.64
1052.50
1048.50
1046.74
1043.50
1042.00
1041.50
1040.50
1039.00
1039.00
1039.00
1039.85
1053.81
1058.12
1059.51
1061.50
1063.50
1066.50
1068.00
1069.50
1077.00
1078.50
1079.50
1079.00
1079.50
1079.00
1079.50
1080.00
1081.22
1081.00
1082.00
1083.00
1085.50
1090.00
1090.50
1090.50
1090.50
1090.50
1090.00
1090.50
1091.00
1091.00
1090.50
1090.50
1090.50
1090.50
1091.00
1088.50
1086.00
1080.50
1078.00
1077.00
1075.00
1074.00
1073.93
1073.92
1069.00
1066.50
1066.00
1067.88
1073.86
1079.39
1080.50
1081.00
1082.00
1083.50
1090.47
1093.00
1094.50
1102.41
1106.86
1112.00
1113.50
1114.00
1115.00
1115.00
1116.00
1116.00
1116.00
1113.03
1104.50
1103.50
1102.50
1101.75
1096.83
1092.50
1089.50
1089.00
1088.50
1087.50
1087.00
1087.00
1087.00
1087.00
1088.00
1087.50
1086.50
1085.00
1084.25
1082.89
1081.50
1080.50
1079.50
1077.00
1075.00
1073.00
1067.00
1066.00
1065.50
1062.40
1060.00
1057.00
1053.50
1045.14
1041.50
1038.50
1035.00
1032.50
1029.00
1027.00
1026.50
1023.50
1022.00
1021.50
1022.00
1022.00
1022.00
1020.12
1017.95
1012.98
1012.00
1011.95
1010.96
