 63.00  6377.9857  46.55   7.98    100
 1951 04 15 07 30 00
 15/04/1951, 07:30:00, RES=0.2500  APOD FN = TRI
 2884.946 2924.876 0.0500377501     798
  0.66801
  0.65757
  0.60370
  0.54680
  0.47022
  0.39159
  0.30638
  0.23832
  0.22229
  0.26226
  0.37109
  0.48472
  0.59434
  0.66573
  0.72343
  0.76377
  0.78961
  0.80246
  0.80124
  0.81517
  0.82291
  0.81972
  0.82234
  0.82597
  0.81116
  0.80303
  0.81348
  0.83355
  0.83390
  0.82897
  0.82120
  0.82649
  0.81446
  0.79410
  0.78684
  0.76052
  0.75295
  0.73861
  0.75428
  0.76964
  0.77518
  0.76162
  0.74372
  0.70718
  0.67208
  0.60004
  0.51767
  0.43676
  0.35607
  0.30685
  0.31550
  0.37179
  0.42119
  0.42630
  0.37739
  0.32771
  0.24599
  0.18683
  0.13218
  0.10453
  0.09488
  0.14774
  0.23115
  0.31134
  0.38348
  0.41059
  0.39508
  0.36937
  0.35664
  0.35764
  0.42501
  0.55413
  0.68028
  0.74614
  0.80316
  0.81879
  0.82751
  0.82429
  0.83709
  0.84646
  0.85228
  0.86028
  0.85197
  0.84050
  0.83910
  0.83634
  0.82759
  0.83414
  0.82072
  0.78802
  0.78233
  0.78217
  0.72557
  0.66707
  0.60389
  0.54314
  0.53379
  0.55221
  0.57255
  0.61391
  0.65589
  0.68925
  0.75603
  0.81800
  0.83635
  0.86935
  0.87355
  0.88581
  0.87799
  0.87223
  0.87459
  0.87716
  0.88061
  0.90024
  0.90286
  0.88028
  0.87878
  0.89286
  0.89162
  0.88579
  0.87495
  0.86696
  0.86682
  0.86336
  0.86676
  0.86004
  0.86211
  0.87109
  0.87484
  0.84688
  0.82403
  0.80325
  0.77393
  0.73123
  0.66093
  0.57518
  0.49738
  0.41440
  0.36559
  0.33748
  0.34203
  0.41989
  0.55672
  0.67443
  0.75986
  0.79906
  0.82605
  0.84196
  0.85942
  0.86929
  0.87425
  0.87274
  0.88032
  0.87799
  0.88969
  0.89996
  0.88404
  0.88453
  0.89016
  0.89358
  0.89376
  0.90125
  0.90287
  0.91188
  0.93106
  0.92956
  0.92428
  0.92545
  0.93541
  0.93202
  0.94662
  0.93264
  0.91995
  0.92750
  0.93659
  0.92626
  0.92284
  0.92906
  0.93674
  0.93034
  0.93802
  0.94098
  0.94487
  0.94161
  0.93823
  0.92904
  0.92771
  0.91525
  0.91194
  0.90374
  0.90285
  0.89764
  0.89349
  0.88722
  0.88417
  0.88792
  0.89313
  0.88968
  0.87576
  0.87435
  0.86274
  0.84677
  0.82321
  0.81313
  0.79154
  0.73405
  0.68099
  0.61092
  0.56728
  0.55197
  0.55207
  0.52930
  0.50444
  0.46324
  0.41947
  0.33193
  0.26948
  0.22522
  0.17828
  0.15041
  0.12152
  0.08340
  0.07277
  0.04049
  0.04718
  0.03223
  0.00288
  0.00442
  0.00570
  0.02288
  0.07306
  0.11605
  0.19550
  0.31199
  0.43042
  0.50198
  0.55225
  0.58908
  0.63094
  0.68504
  0.71044
  0.74445
  0.78021
  0.79173
  0.79555
  0.77782
  0.77985
  0.77328
  0.71294
  0.66342
  0.59384
  0.50148
  0.40220
  0.31930
  0.29787
  0.38523
  0.50674
  0.63437
  0.70867
  0.74932
  0.77071
  0.79293
  0.80050
  0.80880
  0.79753
  0.80128
  0.80106
  0.80874
  0.78003
  0.76854
  0.73101
  0.69814
  0.65187
  0.55799
  0.44986
  0.36950
  0.32521
  0.31153
  0.32823
  0.43856
  0.54905
  0.62682
  0.64747
  0.65190
  0.64808
  0.62379
  0.59046
  0.54109
  0.46127
  0.41182
  0.35344
  0.23061
  0.15539
  0.09775
  0.06282
  0.15185
  0.10621
  0.10871
  0.16246
  0.21843
  0.31556
  0.45620
  0.54999
  0.60449
  0.65650
  0.71349
  0.73957
  0.75828
  0.77798
  0.81509
  0.82708
  0.83845
  0.86790
  0.87011
  0.87182
  0.87675
  0.87843
  0.87264
  0.87683
  0.86328
  0.86298
  0.85779
  0.88241
  0.90691
  0.90401
  0.91455
  0.94608
  0.93226
  0.92988
  0.92277
  0.92707
  0.90956
  0.89288
  0.89821
  0.91333
  0.91570
  0.92561
  0.93431
  0.93156
  0.92342
  0.93415
  0.94402
  0.92973
  0.92374
  0.91070
  0.90922
  0.90424
  0.89336
  0.89074
  0.88301
  0.82452
  0.76186
  0.69564
  0.61772
  0.53774
  0.51661
  0.53242
  0.63004
  0.71741
  0.77958
  0.78772
  0.80929
  0.82922
  0.84625
  0.86876
  0.86870
  0.87126
  0.86578
  0.82955
  0.79971
  0.73567
  0.68769
  0.61813
  0.56317
  0.56580
  0.60097
  0.65757
  0.70139
  0.75480
  0.80037
  0.83891
  0.85917
  0.86972
  0.90766
  0.92955
  0.94557
  0.95133
  0.95133
  0.94719
  0.93524
  0.94698
  0.95803
  0.95518
  0.95363
  0.94838
  0.93403
  0.94268
  0.94764
  0.94129
  0.89654
  0.88170
  0.86918
  0.85474
  0.84950
  0.87206
  0.90890
  0.94269
  0.93929
  0.94826
  0.95296
  0.94907
  0.94810
  0.95553
  0.95131
  0.95063
  0.95530
  0.93886
  0.93469
  0.93019
  0.92572
  0.90122
  0.89743
  0.90884
  0.89810
  0.89770
  0.89613
  0.89179
  0.87277
  0.85452
  0.84270
  0.78052
  0.72286
  0.64701
  0.54122
  0.43311
  0.33736
  0.26171
  0.24351
  0.32997
  0.48556
  0.62899
  0.71336
  0.76434
  0.80687
  0.82531
  0.84094
  0.83966
  0.78813
  0.73508
  0.67826
  0.67560
  0.69264
  0.73701
  0.74122
  0.69326
  0.63482
  0.53413
  0.43408
  0.38349
  0.42972
  0.47462
  0.53314
  0.55036
  0.58577
  0.66009
  0.77671
  0.84939
  0.86809
  0.87825
  0.88664
  0.90972
  0.90463
  0.90519
  0.89344
  0.86599
  0.83208
  0.77819
  0.72437
  0.63257
  0.54282
  0.48297
  0.44174
  0.42341
  0.39497
  0.37016
  0.30951
  0.25908
  0.24806
  0.27087
  0.33146
  0.37962
  0.40768
  0.42811
  0.46549
  0.51003
  0.55493
  0.58335
  0.58489
  0.51667
  0.45093
  0.35052
  0.24879
  0.22689
  0.22775
  0.25718
  0.31532
  0.42330
  0.55651
  0.72097
  0.81334
  0.87618
  0.89797
  0.91244
  0.93256
  0.92692
  0.94429
  0.94603
  0.94016
  0.94375
  0.93538
  0.91528
  0.91449
  0.91451
  0.90053
  0.90032
  0.90727
  0.90191
  0.91731
  0.92259
  0.92643
  0.91833
  0.83275
  0.76762
  0.68966
  0.62899
  0.59547
  0.55657
  0.55012
  0.63394
  0.75515
  0.84146
  0.87694
  0.91661
  0.95165
  0.95644
  0.96498
  0.96806
  0.97254
  0.98824
  0.99332
  0.97838
  0.97300
  0.96240
  0.96696
  0.97628
  0.97873
  0.98701
  0.99185
  0.99358
  0.98537
  0.99811
  0.99657
  0.98454
  0.97516
  0.96440
  0.96957
  0.95937
  0.95724
  0.96732
  0.97450
  0.96410
  0.95957
  0.96368
  0.95013
  0.93602
  0.94534
  0.95019
  0.94479
  0.93879
  0.92495
  0.92196
  0.92293
  0.91829
  0.92843
  0.93807
  0.93528
  0.93252
  0.91972
  0.91586
  0.92728
  0.93105
  0.94093
  0.93335
  0.92948
  0.92482
  0.93341
  0.93513
  0.91359
  0.90571
  0.90768
  0.87838
  0.85669
  0.84320
  0.81261
  0.78664
  0.72553
  0.65658
  0.56393
  0.48689
  0.38562
  0.30582
  0.21908
  0.18043
  0.21828
  0.33651
  0.49502
  0.63520
  0.73994
  0.81935
  0.83277
  0.83235
  0.83895
  0.84552
  0.83410
  0.84613
  0.85896
  0.85988
  0.86217
  0.84207
  0.83710
  0.82670
  0.82225
  0.78744
  0.73653
  0.70584
  0.66268
  0.58907
  0.51817
  0.43304
  0.30536
  0.20657
  0.13651
  0.08140
  0.04687
  0.05523
  0.09830
  0.19159
  0.31971
  0.44749
  0.55518
  0.65194
  0.73757
  0.77382
  0.79615
  0.81731
  0.82427
  0.83335
  0.85589
  0.85840
  0.88521
  0.89673
  0.90023
  0.89929
  0.90319
  0.91364
  0.91409
  0.90472
  0.90434
  0.89246
  0.88347
  0.86301
  0.83917
  0.83292
  0.74927
  0.69540
  0.64152
  0.64113
  0.67623
  0.73924
  0.76663
  0.77979
  0.78743
  0.79352
  0.82341
  0.83940
  0.85002
  0.86147
  0.86750
  0.84161
  0.82469
  0.81259
  0.72036
  0.65316
  0.57605
  0.52250
  0.51194
  0.56947
  0.66037
  0.74040
  0.80532
  0.84715
  0.86588
  0.89315
  0.89964
  0.88488
  0.89587
  0.89286
  0.88533
  0.84460
  0.82097
  0.77719
  0.71787
  0.70077
  0.72508
  0.77981
  0.84147
  0.85504
  0.88363
  0.88855
  0.87540
  0.85553
  0.84425
  0.76126
  0.65946
  0.57538
  0.56798
  0.63963
  0.72242
  0.78988
  0.84801
  0.85207
  0.83497
  0.81117
  0.82256
  0.86219
  0.88265
  0.88404
  0.90015
  0.91037
  0.90168
  0.91024
  0.91699
  0.91785
  0.92240
  0.92964
  0.92341
  0.93476
  0.93675
  0.92338
  0.91469
  0.90557
  0.90691
  0.90556
  0.90970
  0.91511
  0.91423
  0.91666
  0.92626
  0.92420
  0.92152
  0.93148
  0.94054
  0.93515
  0.91757
  0.90844
  0.90959
  0.92015
  0.91169
  0.90500
  0.89960
  0.85363
  0.80192
  0.71024
  0.63683
  0.63178
  0.68857
  0.74547
  0.77438
  0.82335
  0.85712
  0.87715
  0.89028
  0.90772
  0.91823
  0.90818
  0.90985
  0.91713
  0.90353
  0.90106
  0.89801
  0.90474
  0.90058
  0.88861
  0.89872
  0.90074
  0.90997
  0.92477
  0.92869