 63.00  6377.9857  46.55   7.98    100
 1951 04 15 07 30 00
 15/04/1951, 07:30:00, RES=0.2500  APOD FN = TRI
 2883.537 2924.713 0.0500309068     823
  0.29703
  0.39203
  0.44628
  0.52108
  0.55944
  0.60204
  0.65515
  0.73079
  0.77098
  0.79403
  0.80058
  0.82709
  0.85599
  0.86517
  0.86249
  0.85547
  0.86627
  0.86499
  0.86331
  0.87213
  0.87045
  0.88075
  0.89143
  0.88780
  0.88723
  0.88102
  0.86533
  0.86874
  0.86732
  0.87273
  0.87116
  0.88029
  0.87795
  0.87377
  0.87395
  0.85746
  0.85776
  0.85718
  0.83977
  0.83565
  0.81254
  0.76790
  0.72826
  0.69258
  0.65961
  0.64884
  0.67183
  0.74704
  0.84133
  0.85690
  0.87306
  0.87495
  0.87751
  0.88153
  0.87392
  0.88078
  0.88732
  0.89530
  0.88598
  0.88524
  0.88885
  0.89910
  0.89948
  0.89530
  0.88486
  0.87290
  0.86635
  0.86000
  0.86580
  0.86257
  0.85219
  0.83601
  0.81231
  0.78377
  0.74353
  0.67907
  0.60286
  0.51279
  0.43571
  0.37143
  0.36082
  0.39811
  0.48116
  0.58660
  0.67146
  0.73302
  0.77949
  0.81438
  0.84431
  0.86656
  0.87061
  0.86358
  0.87199
  0.87888
  0.88017
  0.88846
  0.89964
  0.89571
  0.89382
  0.89317
  0.89261
  0.90012
  0.90405
  0.90076
  0.90292
  0.91107
  0.91486
  0.91596
  0.92197
  0.92519
  0.92692
  0.91454
  0.91386
  0.91211
  0.89814
  0.89356
  0.89025
  0.90287
  0.90184
  0.89699
  0.88867
  0.88623
  0.90744
  0.90713
  0.90600
  0.89965
  0.88946
  0.88109
  0.85184
  0.82195
  0.80657
  0.80129
  0.78527
  0.77795
  0.71551
  0.61641
  0.51445
  0.43232
  0.38915
  0.39181
  0.53038
  0.62701
  0.69094
  0.78377
  0.82944
  0.86166
  0.88752
  0.90045
  0.89072
  0.88157
  0.88996
  0.89514
  0.89108
  0.87519
  0.86075
  0.85447
  0.84390
  0.84782
  0.85541
  0.87148
  0.88586
  0.89364
  0.89345
  0.89719
  0.89956
  0.89912
  0.89514
  0.89656
  0.89084
  0.89072
  0.87500
  0.85854
  0.84275
  0.82510
  0.82006
  0.83078
  0.83862
  0.85697
  0.87266
  0.87164
  0.87266
  0.87558
  0.87659
  0.87645
  0.87274
  0.87913
  0.89745
  0.89198
  0.88379
  0.88969
  0.87515
  0.87352
  0.87408
  0.86380
  0.86225
  0.86580
  0.85949
  0.85377
  0.82228
  0.81677
  0.79521
  0.78898
  0.80090
  0.82810
  0.84451
  0.84741
  0.84993
  0.84459
  0.83141
  0.81816
  0.80484
  0.78881
  0.77163
  0.73792
  0.67331
  0.59316
  0.50755
  0.40368
  0.32002
  0.27086
  0.27245
  0.34660
  0.44300
  0.52707
  0.60862
  0.66261
  0.66650
  0.65787
  0.63724
  0.60927
  0.55557
  0.47547
  0.41558
  0.32986
  0.23758
  0.21838
  0.22469
  0.23976
  0.24453
  0.23949
  0.20226
  0.15648
  0.11141
  0.08627
  0.08612
  0.09330
  0.09480
  0.09291
  0.08896
  0.06764
  0.05268
  0.05694
  0.06118
  0.05678
  0.05542
  0.08443
  0.12978
  0.18941
  0.24512
  0.30009
  0.34524
  0.37992
  0.40017
  0.40577
  0.40538
  0.36960
  0.33468
  0.27401
  0.20209
  0.15032
  0.10989
  0.10568
  0.11506
  0.11310
  0.16501
  0.20668
  0.23187
  0.23128
  0.17501
  0.15304
  0.14291
  0.16929
  0.23612
  0.32572
  0.42087
  0.52128
  0.59975
  0.63851
  0.64340
  0.62599
  0.58121
  0.50106
  0.44520
  0.44494
  0.49951
  0.59322
  0.70224
  0.76062
  0.82551
  0.82906
  0.82495
  0.79947
  0.72652
  0.75418
  0.72197
  0.69056
  0.69483
  0.75397
  0.81797
  0.84892
  0.87794
  0.89325
  0.88475
  0.88741
  0.91238
  0.91550
  0.91561
  0.91280
  0.91091
  0.90902
  0.89822
  0.88955
  0.90204
  0.90839
  0.92700
  0.92763
  0.92779
  0.91438
  0.91825
  0.91344
  0.91562
  0.91528
  0.88823
  0.88725
  0.88228
  0.86421
  0.86233
  0.87043
  0.87688
  0.88884
  0.88137
  0.86993
  0.85500
  0.84482
  0.83131
  0.82290
  0.82593
  0.82526
  0.81611
  0.80208
  0.79277
  0.78386
  0.78125
  0.76320
  0.70590
  0.64074
  0.55843
  0.46139
  0.37605
  0.27195
  0.22203
  0.22181
  0.27593
  0.35778
  0.46028
  0.56844
  0.68593
  0.72854
  0.76485
  0.80769
  0.84048
  0.84392
  0.85034
  0.85899
  0.87050
  0.87695
  0.87019
  0.87961
  0.88313
  0.88536
  0.88631
  0.88250
  0.87085
  0.86123
  0.85129
  0.84955
  0.84908
  0.85858
  0.86341
  0.85625
  0.85160
  0.85500
  0.84025
  0.78491
  0.77463
  0.75852
  0.70947
  0.66664
  0.62605
  0.57746
  0.52546
  0.43274
  0.34871
  0.25302
  0.17199
  0.10166
  0.08999
  0.10422
  0.15632
  0.21537
  0.29312
  0.41282
  0.49454
  0.56958
  0.63812
  0.68496
  0.71858
  0.75315
  0.77580
  0.79293
  0.81298
  0.81250
  0.81154
  0.81659
  0.81326
  0.78185
  0.75676
  0.68747
  0.65400
  0.58202
  0.50410
  0.41664
  0.33724
  0.28745
  0.28991
  0.44537
  0.57017
  0.67245
  0.76172
  0.81873
  0.85082
  0.85829
  0.86063
  0.85839
  0.84418
  0.82429
  0.82700
  0.82185
  0.82384
  0.83002
  0.83374
  0.86334
  0.90206
  0.91540
  0.93799
  0.93489
  0.93784
  0.93764
  0.93175
  0.92134
  0.92621
  0.91801
  0.91811
  0.91104
  0.90864
  0.90562
  0.89530
  0.89325
  0.88739
  0.86343
  0.84443
  0.81858
  0.80580
  0.80066
  0.80406
  0.79243
  0.77466
  0.73800
  0.72936
  0.74876
  0.78269
  0.81987
  0.84698
  0.88372
  0.90523
  0.91407
  0.90121
  0.88173
  0.85097
  0.82565
  0.77748
  0.72642
  0.71356
  0.72013
  0.76012
  0.76438
  0.76507
  0.76343
  0.73252
  0.69237
  0.62404
  0.55465
  0.49024
  0.48267
  0.52983
  0.57256
  0.62194
  0.65171
  0.67523
  0.70081
  0.72368
  0.75523
  0.78644
  0.79687
  0.81008
  0.81643
  0.79687
  0.79036
  0.78725
  0.78646
  0.77479
  0.75489
  0.73267
  0.71438
  0.71145
  0.67154
  0.64056
  0.60854
  0.56770
  0.52215
  0.48985
  0.47715
  0.48030
  0.49166
  0.51045
  0.52183
  0.50737
  0.50083
  0.49607
  0.53859
  0.63606
  0.68817
  0.73922
  0.76942
  0.78220
  0.75529
  0.72095
  0.69844
  0.68367
  0.66201
  0.65365
  0.60406
  0.54458
  0.48826
  0.43407
  0.34497
  0.26955
  0.17647
  0.12794
  0.09822
  0.08223
  0.06362
  0.05852
  0.04148
  0.03912
  0.02997
  0.02467
  0.02414
  0.01546
  0.01830
  0.02120
  0.02359
  0.01847
  0.01159
  0.00777
  0.00962
  0.01262
  0.01790
  0.02114
  0.02035
  0.01483
  0.02013
  0.03659
  0.02837
  0.01893
  0.02905
  0.02036
  0.01451
  0.01947
  0.02035
  0.01729
  0.02145
  0.03196
  0.49365
  0.49344
  0.49327
  0.49279
  0.49386
  0.49258
  0.49309
  0.49279
  0.49310
  0.49193
  0.42438
  0.01404
  0.02975
  0.03952
  0.03230
  0.01357
  0.00705
  0.01920
  0.03309
  0.03202
  0.02562
  0.01923
  0.02408
  0.01931
  0.01794
  0.02207
  0.03912
  0.03565
  0.03502
  0.01603
  0.00615
  0.01672
  0.03085
  0.03186
  0.02797
  0.01262
  0.00349
  0.01388
  0.01869
  0.01421
  0.02447
  0.01068
  0.01736
  0.02248
  0.03022
  0.02499
  0.01467
  0.01786
  0.01909
  0.02918
  0.02316
  0.02997
  0.03107
  0.02115
  0.00990
  0.01694
  0.03917
  0.04637
  0.05712
  0.09555
  0.20764
  0.89135
  0.89423
  0.89451
  0.88131
  0.88544
  0.89072
  0.92338
  0.96224
  0.97156
  0.97806
  0.97165
  0.97717
  0.98664
  0.99885
  0.98726
  0.97117
  0.96565
  0.98158
  0.98678
  0.98623
  0.98465
  0.97778
  0.96754
  0.95650
  0.95361
  0.94483
  0.91591
  0.89504
  0.86473
  0.85965
  0.85248
  0.85574
  0.83772
  0.81273
  0.80917
  0.80760
  0.83879
  0.86537
  0.92881
  0.95500
  0.95934
  0.96107
  0.95350
  0.95035
  0.92484
  0.89135
  0.84668
  0.80044
  0.78110
  0.78966
  0.82684
  0.83149
  0.81738
  0.81773
  0.77075
  0.69717
  0.61145
  0.54330
  0.52478
  0.53601
  0.59136
  0.63472
  0.69110
  0.73505
  0.74229
  0.77869
  0.81690
  0.85850
  0.88341
  0.89759
  0.89058
  0.86184
  0.84696
  0.85208
  0.86591
  0.85397
  0.82276
  0.78325
  0.76509
  0.74435
  0.73378
  0.69072
  0.63510
  0.59780
  0.57462
  0.54240
  0.53850
  0.55976
  0.57683
  0.57501
  0.56816
  0.55483
  0.54487
  0.57643
  0.69139
  0.73153
  0.77932
  0.80914
  0.82599
  0.80956
  0.79027
  0.76758
  0.72499
  0.71842
  0.70360
  0.65249
  0.60811
  0.52796
  0.45920
  0.38216
  0.29089
  0.21367
  0.13611
  0.10821
  0.05978
  0.05331
  0.06121
  0.05702
  0.07296
  0.08360
  0.09698
  0.15250
  0.18872
  0.21101
  0.25992
  0.26460
  0.27304
  0.31549
  0.41252
  0.51634
  0.62030
  0.70198
  0.75429
  0.77700
  0.80166
  0.81376
  0.83408
  0.84049
  0.82952
  0.82126
  0.82946
  0.83646
  0.83695
  0.83047
  0.83129
  0.82903
  0.81062
  0.79405
  0.77195
  0.72028
  0.64810
  0.55637
  0.48167
  0.36455
  0.29604
  0.29663
  0.39795
  0.51003
  0.61328
  0.68952
  0.72021
  0.72084
  0.71938
  0.68495
  0.66083
  0.63954
  0.58261
  0.52370
  0.47581