1262.95
1156.88
1151.88
1120.78
1106.27
1085.39
1065.70
1047.70
1037.03
1025.76
989.29
982.42
971.97
960.87
950.42
950.22
952.79
955.40
962.64
970.00
976.62
980.32
1005.70
1016.36
1020.60
1041.11
1061.12
1090.08
1115.62
1119.30
1130.65
1138.69
1145.71
1160.64
1166.30
1180.75
1194.97
1201.46
 nan
1213.72
1221.07
1220.17
1216.05
1213.33
1215.17
1179.00
1154.00
1134.15
1104.21
1094.96
1059.96
1017.78
962.08
930.11
884.94
846.63
824.79
802.69
799.92
790.50
737.00
684.96
669.42
656.80
648.15
638.38
625.52
597.20
559.45
566.04
564.71
551.56
561.00
524.57
561.45
566.05
567.75
556.00
567.50
570.00
628.31
611.74
639.80
644.71
650.06
655.69
662.05
668.41
690.55
717.42
726.91
754.46
773.61
791.81
805.59
825.57
826.19
878.73
899.02
907.69
934.72
959.19
989.97
998.24
1028.67
1047.50
1077.61
1088.05
1100.54
1133.64
1138.37
1150.82
1158.18
1162.45
1163.08
 nan
1167.67
1159.83
1151.96
1146.49
1098.95
1069.62
1055.05
1006.04
967.43
921.95
883.12
874.38
862.51
838.13
822.88
816.52
814.95
807.25
804.50
802.73
799.50
809.75
815.38
809.58
815.00
847.09
857.54
862.67
889.87
907.46
923.95
941.15
953.87
990.65
1008.24
1020.38
1039.09
1057.33
1082.17
1095.74
1112.83
1136.96
1153.56
1170.33
1189.45
1206.76
1216.53
1255.26
1262.40
1266.60
1315.24
1337.25
1352.05
1361.39
1396.66
1380.77
1432.48
 nan
1445.21
1453.67
1472.31
1510.16
1521.44
1490.05
1497.29
1552.21
1560.98
1570.18
1573.88
1595.33
1607.11
1596.63
1603.17
1609.39
1616.00
1626.25
1631.12
1642.74
1650.74
1659.18
1662.19
1664.43
1668.62
1674.00
1678.58
1679.10
1692.56
1673.84
1672.16
1665.86
1661.90
1657.85
1656.12
1658.06
1657.61
1656.78
1660.18
1665.50
1664.83
1668.64
1669.25
1671.56
1673.50
1676.73
1680.00
1679.13
1687.68
1692.70
1694.21
1699.00
1703.80
1579.92
1708.73
1704.65
1700.48
1701.00
1694.33
1689.79
1506.67
1686.57
1686.33
1684.57
1684.80
1680.67
1669.30
1665.88
1666.09
1664.08
1661.71
1661.00
1656.81
1653.00
1652.80
1654.50
1652.33
1651.00
1653.25
1653.36
1654.92
1655.09
1651.33
1651.47
1651.62
1650.20
1597.70
1576.97
1532.56
1505.58
1508.88
1502.11
1471.97
1457.85
1423.29
1416.58
1393.96
1361.43
1356.78
1318.42
1312.92
1287.95
1245.76
1241.42
1251.62
1244.71
1234.85
1225.11
1222.06
1221.33
1222.10
1218.76
1219.33
1218.50
1218.84
1220.50
1208.96
1283.95
1289.29
1296.20
1304.67
1319.69
1326.57
1351.60
1341.40
1363.95
1398.43
1402.45
1403.83
1415.43
1422.53
1435.00
1443.15
1468.58
1483.43
1497.22
1420.95
1496.68
1505.91
1508.25
1510.00
1495.37
1482.14
1431.00
1440.50
1470.73
1467.81
1428.96
1413.85
1379.38
1359.96
1326.45
1240.63
1225.13
1218.69
1211.47
1190.08
1178.21
1169.25
1167.50
1162.12
1161.08
1163.25
1161.92
1164.31
1165.33
1167.30
1169.17
1167.31
1174.54
1174.38
1178.07
1184.22
1197.09
1202.91
1204.58
1217.48
1232.19
1242.33
1246.40
1298.38
1322.68
1347.38
1370.39
1417.50
1421.00
1433.77
1439.40
1467.62
1481.33
1490.96
1527.50
1532.31
1542.40
1550.29
1565.55
1578.92
1588.13
1607.28
1615.32
1626.25
1630.75
1637.00
1644.00
1648.00
1651.43
1652.07
1658.25
1671.56
1677.40
1678.75
1682.74
1688.00
1688.83
1690.83
1693.00
1689.58
1687.53
1593.78
1681.35
1652.74
1646.12
1641.92
1636.20
1633.56
1613.23
1604.25
1607.35
1590.15
1579.65
1568.90
1563.28
1550.17
1503.56
1524.85
1518.17
1506.39
1487.12
1472.41
1473.56
1470.93
1435.44
1382.27
1383.70
1371.78
1369.54
1325.48
1311.56
1297.74
1296.71
1283.39
1265.01
1207.29
1229.31
1216.26
1206.16
1168.58
1139.33
1103.46
1072.90
1057.22
1041.88
992.03
984.21
969.87
961.79
947.68
934.20
931.40
891.50
893.58
886.36
879.62
878.67
879.57
879.50
880.71
881.76
884.11
886.25
920.73
929.11
941.65
947.45
949.42
945.51
989.90
998.75
1021.58
1026.00
1048.08
1029.75
1064.12
1077.49
1098.83
1099.63
1140.00
1114.17
1123.00
1149.35
1146.44
1164.88
1160.54
1147.65
1200.53
1235.95
1240.08
1242.47
1261.95
1277.23
1331.03
1354.89
1363.67
1382.15
1396.58
1419.13
1416.26
1448.74
1471.14
1460.72
1503.05
1508.93
1518.45
1526.23
1533.24
1543.50
1552.43
1554.77
1488.68
1560.41
1580.18
1554.87
1545.58
1528.05
1538.41
1512.98
1469.17
1437.32
1433.31
1415.03
1376.13
1310.20
1270.87
1235.89
1191.90
1147.89
1101.02
1042.83
1008.04
969.07
932.00
872.17
838.00
844.80
 nan
834.11
833.33
833.55
832.50
835.80
836.33
847.33
856.06
863.00
872.00
876.08
889.35
899.11
902.25
909.70
917.63
914.61
914.62
918.24
915.28
973.73
1006.49
1024.78
1035.89
1054.33
1064.42
1093.12
1064.67
1108.56
1115.47
1120.71
1111.79
1152.87
1155.71
1168.87
1185.13
1191.07
1128.76
1199.77
1209.08
1215.50
1217.68
1155.53
1220.00
1221.80
1165.64
1210.35
1204.55
1205.53
1204.33
1139.35
1119.02
1074.88
1069.22
1032.89
1005.06
996.99
960.99
938.60
902.29
895.22
894.29
891.65
889.42
885.71
885.14
886.80
887.00
1015.50
956.64
937.76
962.29
979.48
1002.71
1031.38
1036.21
1085.82
1064.87
1086.32
1096.26
1110.84
1142.36
1158.04
1163.89
1166.52
1171.38
1175.82
1175.91
1175.55
1172.61
1123.84
1169.00
1078.76
950.14
928.30
897.62
852.56
818.08
773.11
751.76
723.72
698.06
574.52
521.14
486.96
462.70
432.07
405.90
395.29
381.82
361.00
370.43
364.75
362.67
360.50
360.00
358.22
352.38
321.33
341.83
338.82
332.09
326.65
319.83
315.42
310.67
309.85
311.18
324.79
329.53
332.63
326.18
335.89
354.16
377.57
382.00
394.64
402.41
414.13
424.77
434.73
440.95
450.75
462.67
465.00
464.00
464.33
467.00
468.00
465.33
463.33
462.78
470.50
458.50
449.33
441.48
433.08
428.09
421.96
413.12
409.50
405.71
402.62
401.43
400.40
401.33
397.73
393.20
397.91
396.22
397.89
398.44
400.54
400.00
403.00
407.00
448.81
448.89
494.85
484.15
526.01
533.20
546.61
561.17
591.34
570.89
583.47
603.09
606.57
619.43
627.41
647.85
670.25
694.72
727.37
749.95
776.21
791.22
813.63
836.02
871.62
880.02
889.18
894.08
898.50
910.40
980.78
988.31
1004.05
1003.50
1048.42
1030.86
1066.43
1075.03
1128.50
1145.82
1134.32
1141.72
1153.22
1154.86
1157.60
1158.27
1154.71
1151.28
1141.80
1151.77
1094.44
1049.44
1009.33
924.14
909.79
866.42
835.22
801.51
769.78
731.32
720.40
686.90
657.85
588.44
574.22
551.45
565.58
518.32
511.29
505.67
507.17
506.35
506.69
503.21
506.29
510.08
509.03
511.43
516.00
541.48
517.81
551.50
556.22
560.12
562.21
568.60
618.34
563.78
581.61
592.19
604.17
621.59
632.67
636.04
647.36
655.48
682.77
699.60
720.40
736.11
753.73
783.23
800.67
807.00
812.37
832.58
869.19
889.85
974.47
980.80
995.09
1003.04
1017.63
1042.46
1061.15
1082.93
1107.16
1118.47
1136.70
1148.92
1165.65
1185.94
1210.91
1211.59
1215.81
1218.83
1225.33
1227.00
1227.12
1228.30
1220.00
1221.40
1172.70
1103.09
1083.55
1083.65
1072.91
1072.07
995.90
967.20
952.66
931.40
938.41
896.70
888.38
887.69
887.22
884.83
883.30
884.16
895.79
888.71
917.54
929.48
978.18
964.17
994.95
1011.06
1026.37
1040.44
1038.15
1065.30
995.62
1019.89
1150.12
1060.36
1055.32
1110.10
1191.76
1192.41
1221.60
1260.24
1260.94
1278.44
1275.59
1286.41
1295.12
1296.54
1293.31
1295.69
1295.59
1281.38
1276.48
1295.52
1247.72
1214.81
1195.38
1172.53
1143.33
1126.67
1096.41
1126.76
1125.43
1117.75
1045.62
1114.36
1118.56
1121.17
1127.89
1144.46
1143.37
1147.16
1153.05
1108.76
1176.24
1187.96
1176.86
1184.62
1193.98
1231.37
1247.67
1225.22
1269.15
1315.23
1263.75
1285.98
1327.71
1332.82
1347.23
1336.36
1379.96
1391.95
1424.18
1390.89
1329.73
1432.20
1389.28
1474.48
1484.19
1478.83
1486.62
1524.52
1532.41
1523.56
1569.63
1527.09
1531.84
1600.71
1600.63
1513.17
1604.89
1610.00
1610.50
1612.40
1614.33
1616.45
1617.08
 nan
1620.85
1615.57
1605.80
1609.85
1599.46
1592.93
1595.40
1597.71
1519.04
1563.40
1534.91
1496.75
1468.73
1464.86
1444.09
1406.44
1385.86
1377.76
1363.03
1346.08
1341.28
1319.20
1314.00
1304.50
1300.70
1297.89
1297.42
1296.50
1292.00
1299.20
1302.12
1301.50
1307.00
1317.00
1322.07
1337.58
1343.22
1355.76
1363.04
1378.93
1385.36
1404.29
1416.58
1430.10
1430.40
1440.43
1450.85
1453.83
1325.73
1454.16
1447.71
1446.32
1432.76
1431.47
1386.79
1340.78
1315.54
1257.14
1179.14
1179.62
1147.63
1104.81
1051.05
1005.71
988.24
967.60
904.37
886.78
874.93
860.48
870.92
884.62
888.17
893.37
864.77
856.56
855.76
850.66
830.52
818.48
813.93
811.56
800.48
791.80
779.09
768.54
759.58
748.13
734.57
725.83
715.36
709.15
682.90
675.52
670.12
643.16
667.85
649.43
645.47
659.50
679.30
693.11
734.99
836.29
872.55
912.74
920.19
948.68
965.57
873.73
788.42
758.94
741.19
754.12
846.86
788.59
786.92
765.53
838.25
824.15
832.83
842.30
878.67
899.79
936.33
927.06
949.54
979.73
989.80
996.76
1008.84
1031.81
1053.76
1076.29
1096.21
1105.20
1118.19
1126.00
1178.41
1175.78
1216.16
1232.14
1247.58
1252.78
1247.07
1178.00
1134.73
1332.15
1368.61
1387.43
1413.00
1399.51
1408.97
1413.77
1426.87
1433.35
1443.06
1446.76
1451.58
1460.07
1467.76
1473.06
1473.56
1475.21
1471.55
1467.88
1450.31
1453.54
1439.88
1434.60
1412.65
1401.54
1384.78
1371.24
1353.87
1327.60
1293.81
1260.11
1227.16
1206.26
1171.30
1140.17
1158.29
1138.32
1120.46
1118.64
1116.88
1116.43
1112.00
1112.71
1116.67
1118.88
1121.07
1117.11
1121.64
1144.41
1153.76
1161.73
1163.81
1172.80
1188.33
1207.40
1217.50
1232.64
1251.30
1270.21
1280.07
1297.13
1322.43
1325.39
1335.93
1327.66
1376.89
1324.61
1341.71
1406.70
1396.93
1432.16
1447.58
1462.42
1447.11
1486.08
1500.74
1487.25
1523.04
1502.70
1547.25
1560.06
1572.75
1578.94
1589.79
1600.12
1616.82
1620.79
1574.64
1636.19
1647.74
1654.23
1656.11
1655.59
1659.62
1669.46
1675.40
1677.12
1678.46
1685.96
1696.23
1699.44
1701.58
1700.67
1704.89
1709.00
1708.78
1708.59
1705.73
1705.93
1702.90
1698.69
1697.25
1695.20
1696.86
1697.11
1695.91
1694.40
1697.78
1701.50
1368.20
1707.11
1708.25
1707.73
1709.07
1713.50
1715.25
1713.71
1709.00
1705.31
1704.92
1532.00
1101.81
 nan
1372.14
1702.44
1704.71
1490.50
1699.00
1703.25
1704.50
1704.75
1701.80
1703.60
1701.89
1698.75
1701.50
1700.50
1697.43
1699.22
1696.64
1694.25
1697.38
1700.50
1693.36
1698.00
1686.83
1687.88
1685.62
1679.75
1681.33
1661.78
1664.95
1656.96
1650.46
1646.88
1645.55
1644.45
1591.28
1616.03
1609.42
1607.04
1625.10
1630.54
1619.46
1557.52
1576.21
1569.56
1569.50
1558.43
1542.95
1578.60
1529.80
1526.43
1520.94
1515.94
1516.91
1502.65
1491.62
1471.58
1477.07
1472.30
1380.50
1489.79
1495.53
1485.79
1491.90
1511.10
1503.73
1514.33
1521.47
1523.69
1524.71
1528.25
1559.66
 nan
1543.18
1543.54
1548.31
1553.52
1563.55
1630.27
1654.00
 nan
 nan
1656.10
1656.75
1656.36
1655.25
1654.22
1653.21
1657.00
1648.47
1635.63
1626.08
1617.31
1605.23
1597.04
1587.24
1569.40
 nan
1543.68
1538.03
1530.26
1498.88
1484.04
1465.27
1458.29
1452.14
1440.90
1428.00
1428.62
1425.90
1430.20
1432.48
1437.39
1440.06
1456.80
1460.50
1463.53
1443.39
1494.00
1505.17
1507.95
1513.80
1527.85
1542.64
1553.97
1582.21
1580.72
1579.96
1584.53
1588.80
1592.44
1593.50
1594.58
1594.50
1591.50
1593.20
1590.12
1586.00
1583.47
1576.62
1557.08
1557.18
1574.36
1552.89
1545.85
1539.75
1536.50
1475.40
1470.79
1438.60
1510.85
1456.10
1438.90
1396.16
1375.74
1331.20
1310.89
1319.30
1292.87
1264.84
1241.73
1203.76
1214.05
1201.56
1110.27
1179.00
1182.57
1182.78
1183.80
1182.38
1191.69
1209.11
1217.16
1199.85
1225.62
1248.95
1226.30
1270.21
1291.83
1294.58
1294.22
1307.64
1325.73
1347.41
1366.15
1355.52
1415.88
1390.95
1434.25
1411.98
1458.80
1423.83
 nan
1438.42
1503.63
1464.47
1465.50
1516.22
1519.19
1522.78
1523.50
1519.71
1519.43
1508.87
1449.26
1494.81
1489.57
1474.72
1449.20
1450.84
1438.14
1424.12
1370.42
1385.97
1361.98
1352.28
1343.07
1325.59
1311.59
1305.71
1300.91
1297.85
1297.95
1300.03
1307.52
1324.50
1331.57
1334.79
1349.25
1358.83
1365.83
1365.75
1373.73
1381.72
1389.00
1397.27
1399.91
1409.40
1416.88
1426.80
1429.80
1433.33
1441.25
1445.91
1446.61
1450.39
1452.43
1461.75
1468.06
1472.82
1469.81
1480.32
1487.40
1496.71
1497.00
1500.89
1505.00
1504.00
1511.05
1513.73
1520.93
1520.78
1527.70
1539.54
1550.15
1557.26
1563.84
1574.50
1576.75
1579.25
1585.75
1588.56
1591.88
1580.12
1594.22
1593.29
1595.20
1589.73
1604.94
1637.00
1643.66
1648.09
1652.50
1659.59
1669.41
1669.28
1673.09
1675.00
1676.93
1676.31
1677.71
1669.29
1665.92
1661.73
1657.26
1651.58
1651.40
1651.70
1653.00
1658.10
1664.14
1662.75
1663.15
1670.20
1674.25
1675.75
1677.67
1677.00
1680.17
1682.45
1684.56
1684.56
1680.61
1680.53
1682.43
1677.42
1666.96
1665.07
1664.20
1664.50
1662.38
1662.80
1666.50
1667.55
1668.00
1672.25
1671.00
1672.80
1675.73
1679.59
1688.23
1690.21
1695.69
1697.00
1697.50
1698.33
1695.33
1687.85
1680.88
1673.28
1671.00
1669.68
1670.79
1672.81
1676.67
1679.00
1679.75
1682.33
1684.20
1684.27
1686.00
1690.76
1694.94
1698.07
1698.75
1700.27
1700.79
1700.13
1571.31
1702.33
1703.25
1705.64
1706.23
1707.09
1707.00
1705.50
1713.00
1703.00
1465.43
1704.25
1705.33
1704.80
1705.29
1701.83
1701.82
1702.80
1701.90
1700.78
1704.44
1705.15
1707.21
1707.15
1705.00
1702.90
1705.33
1701.20
1696.10
1690.00
1697.56
1698.33
1696.23
1695.00
1693.92
1693.00
1705.50
1696.88
1692.83
1696.33
1697.76
1697.53
1702.58
1694.83
1687.20
1688.00
1685.12
1680.00
1683.67
1684.00
1684.50
1688.07
1696.50
1681.00
1681.00
 nan
1700.50
1677.81
1677.00
1673.18
1662.00
1668.55
1677.12
1683.57
1689.25
1688.00
1691.00
1684.00
1684.60
1680.22
1682.80
1682.00
1573.35
1658.09
1656.00
1574.45
1655.55
1657.29
1657.65
1655.53
1582.45
1602.82
1595.00
1667.90
1680.26
1684.53
1588.12
1692.50
1694.50
1695.62
 nan
1694.80
1695.14
1694.00
1694.50
1695.80
1689.89
1685.00
1679.47
1679.40
1670.40
1664.83
1661.60
1660.50
1659.31
1660.00
1661.40
1661.73
1549.87
1653.83
1569.06
1659.67
1655.67
1662.36
1665.69
1667.17
1676.00
1679.20
1675.50
1682.00
1659.50
1670.94
1669.88
1661.93
1657.22
1653.07
1648.67
1649.18
1644.90
1641.20
1639.67
1611.81
1603.80
1580.50
1578.56
1574.66
1563.21
1550.52
1537.44
1526.47
1509.40
1497.77
1473.42
1461.34
1449.16
1435.02
1408.00
1403.19
1398.45
1396.68
1377.57
1362.45
1364.98
1355.34
1370.72
1372.57
1355.88
1358.12
1362.00
1369.10
1371.62
1378.97
1383.61
1392.31
1394.00
1394.50
1401.00
1405.33
1405.50
1411.96
1423.39
1426.54
1434.50
1435.50
1441.81
1440.43
1440.23
1437.95
1430.75
1428.54
1421.93
1416.40
1411.86
1403.71
1400.80
1394.79
1393.30
1388.26
1385.29
1384.41
1387.94
1395.68
1398.72
1403.90
1409.75
1414.70
1442.06
1443.53
1454.30
1457.86
1465.05
1474.74
1494.44
1499.38
1509.73
1518.95
1526.43
1537.00
1548.79
1554.54
1566.85
1572.83
1580.44
1592.09
1603.47
1607.50
1621.21
1631.11
1646.48
1650.97
1652.81
1661.25
1661.17
1664.25
1650.56
1662.48
1651.21
1648.08
1643.42
1635.31
1624.07
1604.14
1602.17
1596.40
1584.84
1559.00
1555.00
1546.20
1542.07
1551.35
1545.40
1548.33
1549.53
1571.22
1575.16
1593.23
1602.50
1601.67
1603.69
1604.86
1607.25
1608.83
1609.00
1608.00
1609.62
1610.30
1610.43
1613.29
1607.88
1607.29
1605.54
1598.00
1593.00
1595.86
1593.10
1587.31
1510.78
1477.43
1444.59
1426.43
1403.26
1351.44
1311.57
1288.73
1225.04
1179.96
1128.34
1060.46
1005.62
940.02
892.07
843.42
742.00
764.93
742.25
729.32
684.45
657.46
618.40
605.23
603.45
601.00
601.50
598.33
595.47
597.00
598.05
596.40
598.15
594.00
562.29
539.75
552.27
533.44
532.57
535.10
541.38
545.43
545.06
547.27
552.53
552.50
552.78
548.89
548.13
541.00
541.00
542.82
503.15
545.50
550.22
551.25
551.50
552.00
558.69
589.68
603.12
595.68
618.21
608.72
617.73
600.30
628.20
631.14
676.78
683.56
685.15
681.04
735.31
753.74
765.16
739.91
791.33
 nan
824.55
832.69
842.15
843.27
875.66
909.87
907.77
909.27
935.69
976.65
987.92
1000.66
1039.60
1043.34
1087.06
1091.98
1105.86
1133.17
1127.43
1185.42
1132.00
1037.00
1130.83
1167.79
1128.78
1097.07
1078.43
1085.60
1006.25
986.72
946.41
905.27
866.22
666.67
674.86
683.13
685.82
697.63
722.11
729.36
702.44
695.78
670.06
660.07
641.61
625.74
583.99
565.36
529.85
501.93
480.78
462.80
454.51
438.67
412.12
396.96
393.26
382.56
366.50
357.13
352.77
351.74
349.82
354.17
354.86
355.57
360.08
374.95
366.50
399.37
410.62
417.31
455.10
464.62
459.66
481.00
505.20
511.98
574.53
557.79
592.51
596.00
651.10
650.89
658.23
693.62
728.30
810.16
773.99
784.11
804.84
832.84
876.58
865.15
895.51
898.23
970.36
1008.36
1005.35
1023.51
1954.00
1040.52
1067.62
1052.65
1116.21
1100.89
1138.08
1154.72
1171.22
1174.33
1157.49
1177.17
1237.65
1242.31
1257.30
1198.76
1264.10
1267.04
1207.50
1200.72
1267.23
1262.09
1259.17
1249.12
1245.11
1197.76
1177.27
1163.04
1158.54
1130.57
1103.89
969.56
921.45
878.73
861.07
819.12
790.56
753.95
754.81
739.68
729.84
721.97
715.53
704.13
692.94
694.00
696.31
696.15
704.82
708.55
714.74
719.00
716.00
731.29
733.53
743.95
749.83
756.92
767.94
761.45
785.04
808.70
797.30
826.26
837.70
819.60
855.10
860.33
863.94
870.25
869.67
864.00
857.91
854.56
842.78
853.95
845.22
842.00
837.00
825.90
823.33
822.83
822.15
823.11
819.55
822.22
823.09
832.00
829.73
853.05
861.68
878.61
886.00
897.02
908.10
927.75
899.53
905.69
940.42
960.58
983.15
946.11
996.13
1021.69
1059.95
1052.94
1089.59
1104.47
1129.55
1140.08
1171.14
1163.56
1224.39
1195.45
1242.74
1260.49
1254.85
1322.04
1328.89
1351.87
1372.33
1387.56
1408.83
1433.14
1447.69
1470.59
1478.74
1495.48
1507.64
1522.45
1535.36
1525.08
1560.41
1573.14
1581.37
1593.67
1608.48
1623.07
1616.22
1626.04
1627.73
1630.93
1634.75
1631.95
1633.73
1640.43
1646.00
1647.88
1649.88
1652.62
1653.80
1655.50
1655.22
1656.00
1656.50
1657.50
1658.50
1657.83
1659.00
1659.50
1660.75
1664.33
1667.71
1667.40
1668.50
1668.00
1668.88
1667.36
1665.47
1656.56
1657.25
1650.53
1652.29
1644.18
1636.00
1634.09
1633.80
1633.62
1632.07
1628.80
1629.75
1606.05
1626.67
1564.72
1566.23
1545.89
1573.16
1574.00
1569.85
1555.90
1551.89
1546.19
1545.73
1537.13
1522.86
1511.69
1501.80
1486.71
1489.10
1482.33
1470.15
1452.14
1448.26
1443.84
1437.89
1432.12
1429.91
1429.42
1430.50
1429.88
1426.54
1424.86
1425.29
1413.56
1400.72
1402.05
1400.73
1396.60
1394.14
1385.12
1385.43
1233.11
1385.60
1386.00
1385.56
1386.64
1387.71
1385.91
1384.00
1385.68
1377.00
1374.67
1422.57
1373.60
1373.58
1369.75
1371.71
1365.67
1346.72
1297.08
1289.75
1340.31
1339.07
1332.00
1324.86
1314.47
1300.98
1256.08
1233.61
1184.89
1158.22
1092.97
1037.68
1006.65
973.01
956.48
933.08
913.92
876.19
859.84
802.50
803.16
803.81
802.64
767.30
724.50
776.57
763.33
762.77
768.15
741.04
722.95
716.72
713.58
710.92
706.73
654.08
700.30
665.10
688.35
686.96
685.20
660.73
654.69
635.04
653.50
647.88
637.50
635.44
635.40
629.21
626.70
625.60
628.11
628.00
632.30
636.75
640.69
637.80
667.70
699.69
709.62
725.38
736.33
751.20
768.10
785.67
799.65
811.98
827.62
860.77
928.85
979.99
936.46
938.01
966.88
978.83
1031.00
1062.80
1115.00
1077.97
1162.50
1165.62
1203.13
1210.54
1239.70
1261.21
1284.92
1313.94
1348.38
1360.05
1370.19
1382.66
1393.35
1419.21
1451.52
1463.38
1474.38
1479.04
1484.22
1490.87
1496.94
1494.54
1493.23
1491.92
1483.81
1480.80
1482.77
1481.80
1476.38
1398.76
1366.72
1333.96
1308.06
1235.10
1225.70
1213.60
1203.02
1200.55
1186.73
1173.67
1173.75
1175.25
1177.21
1186.50
1191.06
1199.61
1204.14
1213.86
1234.94
1238.88
1244.61
1245.42
1261.50
1270.06
1275.60
1275.19
1278.92
 nan
1288.50
1288.36
1284.50
1266.92
1264.80
1258.35
1234.58
1211.54
1193.43
1184.68
1155.82
1118.91
1097.02
1082.75
1065.00
1061.22
1029.72
1012.95
1073.75
969.24
953.30
952.60
960.27
960.33
959.86
972.33
990.25
994.12
1034.89
1054.92
1044.34
1076.05
1088.82
1089.13
1077.11
1103.97
1166.69
1192.66
1199.49
1229.73
1215.10
1205.75
1236.15
1297.69
1220.15
1304.34
1358.16
1323.90
1298.94
1369.60
1432.28
1392.47
1466.25
1423.40
1492.92
1506.54
1524.26
1525.73
1531.75
1538.55
1542.00
1542.50
1457.74
1471.00
1525.00
1493.27
1491.13
1479.98
1477.60
1461.79
1436.07
1431.52
1431.91
1422.21
1364.45
1350.56
1325.47
1302.65
1280.71
1248.30
1224.84
1223.01
1213.26
1193.56
1172.29
1158.72
1174.96
1149.02
1136.08
1072.24
1130.76
1100.33
1084.67
1068.08
1053.29
1052.66
1017.29
1027.84
988.36
1002.10
998.10
992.78
953.56
987.70
987.08
994.19
996.52
998.45
1006.60
1012.00
1015.38
1018.89
1021.29
 nan
1021.90
1030.73
1020.25
1020.50
1016.62
1015.62
975.26
959.71
922.86
926.53
912.28
893.80
861.94
861.50
857.17
860.17
854.14
851.38
850.60
853.75
856.62
860.60
864.10
863.00
864.57
858.03
914.51
926.27
917.41
938.45
1029.72
1071.91
1036.04
1093.69
1064.91
1060.10
1061.79
928.93
1033.42
999.40
1033.38
1044.54
1027.30
1126.25
1131.72
1213.99
1228.32
1238.24
1225.27
1289.01
1293.38
1315.70
1349.83
1359.47
1367.19
1373.07
1386.81
1391.24
1360.52
1330.11
1405.68
1365.89
1351.84
1396.97
1390.27
1387.92
1389.68
1365.66
1347.60
1299.20
1287.21
1265.98
1256.82
1240.70
1179.52
1174.49
1165.64
1145.38
1119.21
1062.45
1073.64
1040.10
1046.24
1032.79
1032.55
1009.92
1009.82
1007.11
1005.95
998.00
1013.60
1012.83
1059.36
1010.71
1164.60
1081.17
1118.07
1057.11
1083.67
1067.12
1126.17
1128.84
1128.85
1117.77
1137.29
1186.32
1173.78
1199.09
1193.77
1208.59
1223.72
1237.36
1233.60
1211.39
1273.56
1260.19
1272.03
1334.10
1324.19
1344.04
1387.64
 nan
1391.76
1390.94
1365.65
1443.95
1476.73
1460.14
1502.19
1489.59
1506.39
1537.81
1551.37
1560.59
1570.95
1546.74
1521.64
1544.41
1602.90
1612.75
1619.04
1620.14
1629.83
1638.22
1648.57
1651.79
1654.63
1657.33
1663.00
1663.11
1661.29
1661.43
1661.60
1660.80
1660.00
1657.90
1661.33
1662.69
1664.00
1672.59
1676.38
1680.58
1684.00
1673.05
1675.16
1670.94
1675.29
1678.75
1682.46
1680.79
1677.42
1669.29
1666.71
1665.40
1652.11
1655.77
1661.25
1653.75
1652.41
1643.08
1638.22
1487.82
1636.75
1632.80
1634.12
1640.18
1637.38
1638.14
1642.44
1644.62
1643.33
1644.33
1638.00
1532.07
1649.07
1651.41
1656.12
1661.33
1661.40
1663.70
1669.17
1671.73
1672.00
1600.18
1405.17
1103.86
1088.64
1671.80
1671.75
1672.73
1673.33
1675.83
1676.86
1685.00
1679.50
1677.00
1678.11
1672.94
1669.27
1662.77
1661.33
1656.25
1654.91
1654.33
1651.70
1650.58
1649.56
1652.00
1652.45
1656.28
1659.00
1660.14
1662.22
1672.14
1672.86
1675.00
1671.22
1660.95
1657.41
1656.07
1658.76
1655.57
1657.61
1658.14
1672.27
1675.07
1683.75
1683.36
1682.38
1682.11
1681.09
1672.65
1676.50
1672.89
1666.31
1655.17
1649.18
1652.52
1651.82
1648.89
1653.65
1656.10
1662.00
1661.07
1662.27
1660.46
1657.89
1649.05
1648.38
1647.10
1643.62
1643.20
1647.10
1655.26
1657.08
1663.72
1671.30
1675.73
1676.71
1675.24
1670.68
1664.29
1655.94
1658.50
1658.96
1661.07
1662.46
1660.67
1669.61
1669.00
1667.50
1666.18
1654.63
1646.17
1647.00
1648.00
1641.63
1635.82
1636.08
1641.57
1646.00
1653.00
1651.37
1660.52
1667.17
1670.18
1671.29
1671.67
1662.32
1656.81
1653.58
1650.77
1650.75
1645.75
1647.24
1651.11
1659.15
1661.83
1670.19
1677.65
1678.58
1679.67
1673.40
1679.41
1679.36
1672.88
1663.00
1661.10
1656.20
1658.18
1657.92
1656.62
1655.56
1656.85
1657.00
1655.00
1654.88
1651.59
1651.48
1651.76
1653.20
1655.46
1659.14
1662.83
1667.91
1677.79
1674.67
1676.57
1678.36
1676.56
1676.69
1672.32
1667.24
1657.55
1651.37
1651.13
1646.58
1641.38
1638.00
1636.20
1635.67
1632.90
1628.33
1621.80
1613.00
1602.59
1607.03
1608.37
1582.96
1574.76
1563.35
1554.02
1561.21
1534.03
1514.47
1490.67
1484.64
1467.60
1428.32
1438.37
1428.31
1423.52
1413.15
1399.81
1397.69
1395.44
1392.55
1389.24
1385.20
1387.29
1391.25
1394.72
1396.22
1405.21
1409.89
1411.46
1409.51
1415.74
1411.80
1406.75
1406.61
1422.11
1444.64
1471.86
1478.29
1475.07
1486.34
1493.22
1539.86
1551.80
1557.87
1562.94
1573.42
1578.39
1584.21
1588.15
1590.58
1595.92
1596.93
1601.21
1603.83
1606.60
1617.61
1616.50
1622.44
1624.50
1627.40
1631.00
1475.50
1630.89
1634.17
1637.40
1647.71
1646.13
1662.50
1659.00
1659.46
1667.90
1670.12
1674.00
1678.00
1671.62
1671.00
1671.64
1670.70
1671.00
1665.67
1663.00
1674.50
 nan
1665.23
1667.10
1666.83
1669.71
1667.91
1665.86
1665.50
1669.25
1670.43
1669.83
1671.83
1673.57
1677.92
1674.56
1679.83
1687.76
1695.50
1697.33
1697.80
1697.00
1697.33
1697.00
1685.00
1674.82
1671.21
1673.32
1667.38
1657.89
1655.44
1656.92
1656.27
1659.00
1658.00
1656.21
1657.43
1653.92
1655.15
1653.00
1650.56
1653.00
1644.17
1647.44
1619.80
1606.59
1598.94
1593.93
1588.00
1577.38
1567.00
 nan
1467.13
1537.67
1559.00
1556.00
1561.00
1595.60
1557.89
1556.78
1555.73
1557.50
1554.00
1426.17
1550.25
1547.00
1545.00
1546.00
1557.31
1562.60
1562.25
1566.00
1606.92
1621.00
1626.50
1624.00
1621.77
1624.00
1636.00
1635.45
1653.42
1648.75
1650.33
1655.43
1657.42
1585.67
1652.52
1651.35
1653.48
1654.93
1662.35
1671.60
1672.00
1672.50
1674.12
1673.88
1674.00
1674.00
1396.83
1673.29
1672.71
1671.50
1672.00
1670.00
1668.17
1661.78
1664.30
1660.47
1653.36
1652.71
1647.75
1635.79
1627.81
1629.31
1623.48
1614.72
1607.19
1599.18
1599.80
1593.39
1577.85
1568.45
1569.50
1512.96
1560.83
1557.17
1551.21
1549.30
1549.23
1548.50
1543.33
1538.67
1536.60
1525.73
1530.22
1525.46
1506.73
1516.44
1500.37
1492.83
1475.68
1466.25
1461.85
1455.41
1443.84
1418.22
1425.50
1422.21
1419.71
1417.29
1414.11
1414.08
1410.83
1408.73
1406.00
1397.38
1387.58
1383.05
1386.76
1386.58
1388.71
1399.00
1396.50
1391.85
1404.29
1408.00
1420.04
1423.22
1431.33
1440.32
1451.50
1456.00
1467.45
1474.82
1476.87
1482.10
1489.27
1496.00
1497.78
1501.67
1506.50
1505.00
1514.62
1508.90
1449.50
1419.00
1441.00
1465.00
1486.24
1481.68
1488.15
1494.40
1479.33
1459.34
1397.81
1394.00
1389.07
1329.86
1388.70
1381.00
1382.75
1401.47
1386.69
1383.67
1384.91
1387.56
1411.42
1395.50
1416.30
1470.15
1467.24
1473.24
1476.48
1477.94
1487.52
1494.95
1507.41
1515.60
1462.97
1522.34
1528.88
1507.66
1496.20
1555.00
1542.25
1579.15
1588.06
1592.14
1615.34
1617.70
1621.64
1621.50
1625.09
1630.36
1633.27
1634.93
1643.14
1638.36
1641.62
1645.00
1645.50
1643.08
1640.67
1637.50
1636.57
1633.75
1632.00
1630.86
1628.14
1623.79
1628.33
1627.22
1644.25
1553.85
1572.70
1552.87
1548.49
1555.48
1561.27
1532.25
1540.23
1570.53
1544.67
1544.59
1552.89
1558.40
1559.67
1562.50
1563.82
1569.38
1582.58
1585.60
1599.87
1593.62
1598.04
1605.77
1609.75
1611.14
1420.75
1610.33
1609.00
1602.38
1595.61
1587.95
1590.87
1580.31
1573.14
1563.44
1203.88
1531.52
1512.94
1498.83
1497.13
1499.18
1498.40
1491.50
1493.50
1495.00
1493.50
1490.20
1486.00
 nan
1491.25
1496.14
1498.62
1504.00
1500.00
1506.67
1515.52
1531.78
1532.38
1548.04
1560.41
1574.21
1586.40
1582.81
1587.23
1598.59
1602.38
1603.50
1602.83
1603.17
1609.00
1615.32
1616.77
1621.37
1626.83
1637.07
1656.00
1653.00
1660.22
1666.33
1666.11
1667.86
1673.50
1674.00
1676.64
1674.56
1673.44
1666.64
1664.86
1662.75
1661.31
1661.08
1666.33
1671.08
1670.50
1673.50
1675.50
1676.56
1678.12
1678.60
1677.71
1567.60
1029.79
1114.08
1674.89
1675.57
1677.00
1674.29
1674.00
1674.50
1674.50
1675.80
1674.86
1675.50
1490.00
1677.50
1676.60
1679.12
1681.67
1683.44
1686.00
1686.50
1689.00
1689.50
1692.20
1696.50
1696.50
1694.86
1693.67
1688.80
1682.60
1683.25
1666.29
1666.93
1661.31
1642.00
1650.83
1659.89
1659.29
1661.64
1668.88
1676.20
1677.62
1682.91
1698.00
1683.82
1686.73
1682.05
1679.32
1678.05
1669.00
1661.92
1660.18
1659.75
1656.00
1381.50
1654.50
1653.40
1652.40
1651.00
1441.50
1646.78
1643.50
1634.27
1562.93
1575.14
1615.56
1610.30
1601.10
1589.67
1582.00
1547.65
1525.38
1530.49
1522.44
1507.51
1535.69
1529.21
1524.33
1511.32
1505.50
1496.90
1494.11
1483.95
1478.81
1477.90
978.00
1375.40
1473.08
1475.06
1476.59
1483.50
1484.00
1499.84
1507.29
1516.48
1519.26
1526.70
1529.69
1537.53
1488.04
1509.68
1562.66
1570.38
1580.85
1590.23
1594.24
1604.95
1611.11
1618.75
1620.86
1623.44
1628.50
1564.58
1651.00
1641.88
1642.29
1646.60
1655.29
1648.40
1648.83
1648.11
1650.33
1650.83
1652.57
1656.22
1664.00
1662.57
1661.83
1662.00
1661.27
1659.89
1659.95
1657.44
1655.60
1655.22
1656.17
1656.33
1656.50
1660.50
1649.33
1650.60
1650.00
1549.47
1629.19
1625.27
1628.40
1620.30
1601.17
1597.33
1595.07
1593.86
1584.76
1566.52
1567.58
1560.05
1553.79
1532.55
1517.46
1510.50
1506.18
1499.56
1471.74
1464.45
1444.26
1455.00
1441.82
1433.96
1425.00
1427.75
1425.83
1431.22
1433.64
1436.62
1438.50
1443.50
1449.27
1452.00
1453.80
1466.70
1477.29
1477.62
1483.06
1493.13
1499.48
1512.50
1533.06
1525.87
1529.60
1534.57
1545.50
1557.76
1565.45
1567.24
1568.15
1576.20
1576.33
1574.36
1571.88
1567.29
1565.38
1559.79
1543.95
1537.31
1529.73
1525.23
1499.09
1482.04
1465.63
1459.61
1429.78
1403.80
1390.98
1372.77
1346.05
1336.54
1301.78
1282.35
1282.71
1272.58
1267.86
1268.00
1269.33
1268.18
1271.95
1275.85
1303.33
1314.08
1333.65
1344.00
1361.18
1358.39
1284.64
1311.40
1381.11
1407.76
1419.85
1428.04
1433.88
1463.00
1440.60
1448.55
1451.43
1451.73
1447.00
1399.00
1400.00
1429.25
1444.67
1433.87
1421.38
1412.20
1406.73
1387.40
1372.99
1349.88
1321.39
1307.43
1298.73
1203.56
1158.91
1122.19
1071.30
1046.69
1059.75
1049.31
1044.00
1039.78
1035.89
1036.00
1035.43
1036.50
1040.14
1044.78
1044.29
1059.00
1048.00
1070.39
1083.35
1100.00
1110.21
1115.76
1095.43
1149.50
1156.58
1155.83
1168.81
1172.33
1195.33
1213.37
1232.42
1263.38
1281.10
1288.00
1281.34
1297.78
1342.94
1374.96
1382.06
1388.08
1401.10
1404.07
1415.23
1433.23
1443.20
1448.24
1444.87
1465.60
1458.75
1430.24
1471.64
1529.26
1531.55
1544.00
1563.64
1576.17
1570.95
1573.35
1582.00
1586.67
1588.00
1587.86
1579.36
1579.07
1571.77
1570.00
1570.05
1564.80
1566.33
1566.70
1573.11
1579.09
1586.15
1585.05
1587.17
1589.18
1593.67
1594.88
1593.80
1596.56
1600.29
1620.90
1623.08
1623.84
1626.93
1634.00
1633.33
1630.50
1635.88
1640.07
1640.12
1644.35
1647.60
1650.00
1652.88
1662.22
1660.10
1659.30
1653.14
1653.38
1650.29
1649.33
1646.20
1641.67
1639.33
1635.78
1631.31
1625.33
1625.00
1623.83
1625.00
1624.75
1620.83
1618.00
1614.54
1611.27
1607.26
1603.50
1597.80
1575.83
1552.02
1532.95
1525.34
1502.02
1495.94
1479.06
1456.14
1446.21
1447.50
1449.10
1444.15
1447.07
1449.00
1450.58
1448.83
1451.25
1448.08
1445.00
1444.07
1438.13
1438.08
1440.00
1435.33
1427.12
1423.70
1421.30
1423.78
1424.50
1426.00
1427.00
1429.17
1432.00
1434.44
1438.00
1356.17
1435.17
1435.17
1456.60
1461.13
1479.05
1478.95
1486.71
1492.47
1435.08
1430.83
1531.00
1542.72
1551.08
1557.39
1563.45
1574.38
1583.88
1587.00
1589.07
1598.09
1599.71
1602.44
1603.07
1605.81
1615.69
1615.38
1619.07
1619.76
1618.32
1614.13
1605.73
1603.46
1606.35
1592.20
1573.94
1564.41
1555.00
1551.02
1547.49
1531.64
1500.61
1500.11
1493.06
1490.24
1464.58
1458.61
1446.67
1454.74
1449.80
1443.64
1442.85
1441.62
1438.50
1448.80
1444.90
1447.08
1454.14
1480.28
1491.96
1493.57
1502.10
1509.82
1515.59
1521.84
1524.64
1526.23
1531.29
1535.27
1538.00
1543.47
1545.85
1546.47
1549.50
1547.35
1544.35
1539.11
1527.80
1525.56
1519.28
1520.22
1510.22
1510.55
1507.11
1505.00
1502.90
1512.79
1509.65
1499.58
1497.13
1500.76
1506.00
1505.65
1514.45
1517.32
1525.57
1531.07
1535.67
1534.38
1536.50
1537.50
1537.77
1539.93
1548.06
1552.38
1565.21
1581.11
1589.11
1598.31
1599.59
1604.52
1612.92
1645.60
1615.00
1613.00
1614.00
1613.75
1617.18
1620.10
1620.44
1629.47
1647.76
1663.11
1668.36
1669.35
1675.17
1653.32
1656.49
1665.41
1663.03
1661.38
1664.09
1662.47
1663.39
1662.78
1658.38
1653.64
1652.00
1657.65
1661.16
1666.83
1668.41
1671.80
1676.27
1680.87
1679.71
1683.62
1683.58
1682.40
1674.50
1674.00
1675.73
1673.77
1666.71
1664.75
1665.83
1664.67
1662.33
1660.00
1660.00
1658.14
1658.50
1656.00
1655.10
1653.00
1650.71
1650.50
1648.00
1647.25
1647.88
1646.43
1651.64
1652.33
1654.75
1654.46
1656.88
1659.80
1662.75
1662.88
1664.00
1743.80
1663.09
1349.44
1663.91
1663.33
1661.25
1661.50
1660.00
1661.67
1660.40
1660.40
1664.50
 nan
1665.50
1663.00
1662.88
1662.90
1663.18
1663.00
1666.14
1664.50
1664.00
1661.25
1661.20
1661.14
1659.33
1660.14
1658.20
1659.40
1658.43
1657.50
1657.60
1657.00
1651.50
1655.00
1637.38
1632.89
1628.14
1628.31
1624.56
1623.83
1622.40
1621.00
1615.92
1613.00
1611.43
1611.20
1606.29
1605.20
1595.55
1590.60
1586.22
1585.33
1583.56
1580.00
1576.86
1563.56
1552.29
1533.36
1536.81
1532.38
1522.00
1514.50
1511.46
1515.25
1515.67
1515.25
1520.40
1521.56
1521.00
1522.38
1520.89
1522.67
1518.00
1523.89
1527.93
1529.79
1531.57
1530.83
1538.80
1541.60
1547.00
1550.25
1550.22
1553.28
1556.09
1558.00
1560.50
1562.60
1565.27
1563.67
1571.75
1583.33
1591.28
1596.57
1608.31
1611.47
1618.21
1621.21
1620.75
1622.64
1626.18
1626.46
1628.50
1630.93
1638.08
1642.55
1648.33
1653.48
1661.95
1662.45
1664.84
1665.42
1664.86
1663.13
1658.88
1659.00
1658.20
1661.50
1659.75
1658.33
1662.00
1656.60
1651.93
1648.67
1649.23
1651.85
1651.21
1651.06
1652.25
1654.10
1656.21
1656.60
1659.62
1661.07
1664.07
1665.75
1664.14
1677.86
1687.44
1691.58
1696.79
1698.73
1694.08
1685.62
1676.35
1674.62
1663.56
1654.96
1652.16
1652.45
1650.46
1651.13
1653.11
1656.75
1654.40
1652.50
1651.50
1649.20
1647.14
1642.00
1637.64
1639.11
1636.90
1636.09
1637.30
1640.60
1640.67
1642.42
1644.11
1643.50
1643.50
1641.50
1639.05
1636.62
1636.29
1636.78
1636.36
1635.36
1640.93
1644.06
1650.60
1642.00
1638.92
1641.68
1641.50
1636.06
1642.71
1647.75
1652.17
1651.33
1653.89
1656.00
1656.00
1659.12
1663.92
1670.06
1670.65
1671.28
1674.18
1677.88
1679.14
1672.68
1672.93
1670.00
1670.89
1668.81
1662.17
1656.00
1659.09
1659.67
1659.67
1649.00
1661.57
1665.11
1663.68
 nan
1643.00
1657.27
1657.71
1645.78
1635.50
1636.67
1634.00
1646.45
1649.46
1652.56
1656.09
1658.00
1656.83
1656.40
1656.50
1657.38
1657.00
1657.33
1657.62
1658.85
1659.89
1656.80
1652.04
1651.54
1652.85
1642.65
1635.42
1634.40
1634.00
1637.45
1637.00
1637.50
1645.50
1651.83
1647.13
1650.47
1659.58
1662.00
1662.67
1663.11
1660.80
1657.70
1656.75
1655.25
1653.14
1649.50
1644.76
1643.62
1639.91
1639.18
1637.17
1636.08
1635.10
1635.20
1638.75
1634.20
1622.89
1618.59
1617.52
1615.22
1623.20
1623.22
1625.88
1631.67
1637.00
1636.50
1632.10
1628.22
1627.36
1620.57
1619.00
1631.29
1637.50
1642.00
1638.92
1644.58
1646.36
1646.08
1646.77
1646.39
1643.68
1634.36
1633.89
1632.21
1635.83
1637.67
1642.88
1646.25
1646.11
1646.00
1646.75
1647.67
1646.80
1647.14
1647.57
1646.00
1644.50
1647.00
1649.27
1649.72
1643.00
1655.65
1668.17
1669.38
1672.06
1667.20
1672.44
1670.00
1664.90
1661.91
1660.93
1655.69
1652.00
1651.00
1652.06
1657.60
1662.09
1663.62
1661.25
1655.18
1658.10
1658.25
1651.14
1648.50
1647.42
1645.50
1645.42
1645.90
1644.70
1643.67
1643.83
1642.40
1640.31
1643.70
1644.50
1642.67
1648.64
1650.97
1654.61
1661.41
1663.63
1664.50
1663.21
1664.53
1668.00
1669.09
1667.45
1670.38
1671.62
1669.92
1668.77
1665.36
1666.86
1664.50
1664.67
1662.29
1657.46
1647.50
1659.81
1656.67
1651.09
1649.50
1650.73
1648.86
1649.71
1650.74
1651.56
1652.77
1655.86
1655.00
1655.30
1656.00
1651.25
1651.83
1653.00
1652.33
1650.00
1653.83
1655.80
1658.20
1664.64
1668.50
1668.50
1672.15
1669.90
1670.39
1667.26
1663.35
1664.20
1659.25
1661.20
1662.11
1662.73
1659.78
1661.62
1663.38
1665.60
1669.80
1674.00
1674.00
1677.00
1671.10
1667.12
1665.88
1665.00
1663.56
1661.71
1657.67
1657.40
1656.83
1658.33
1661.18
1663.61
1667.30
1670.58
1673.40
1674.00
1676.62
1676.00
1677.00
1673.08
1671.53
1670.62
1669.93
1664.20
1658.71
1654.21
1654.69
1652.40
1652.55
1651.93
1651.00
1655.35
1663.67
1662.10
1664.36
1666.08
1666.82
1667.67
1669.44
1671.42
1670.31
1673.58
1675.83
1675.50
1677.33
1677.60
1680.50
1679.25
1680.50
1674.56
1670.00
1673.00
1671.58
1668.78
1663.14
1660.79
1658.33
1660.90
1656.62
1651.67
1651.50
1650.78
1650.57
1649.50
1649.38
1649.54
1649.00
1648.33
1646.09
1647.00
1647.60
1648.14
1654.00
1656.71
1659.17
1660.60
1664.33
1667.60
1669.00
1671.50
1672.90
1674.83
1674.30
1674.38
1671.00
1668.44
1664.55
1663.00
1658.60
1653.57
1650.67
1645.29
1642.80
1647.64
1646.92
1649.00
1649.50
1650.43
1648.40
1659.20
1667.21
1667.89
1666.54
1665.83
1663.86
1662.50
1662.50
1009.73
997.89
1000.13
998.97
1002.93
999.47
1001.95
1001.40
999.07
1000.84
1001.31
354.50
1040.44
999.49
999.05
998.56
1002.17
1003.58
1000.18
1000.17
999.29
997.93
1192.59
1000.63
997.44
998.67
1002.11
999.73
1000.05
1002.72
1003.07
1001.76
1000.39
1000.72
999.72
1001.72
999.48
998.01
1035.92
 nan
1000.24
995.56
996.84
1002.71
 nan
872.50
996.26
997.36
999.31
