 63.00  6377.9857  46.55   7.98    100
 1951 04 15 07 30 00
 15/04/1951, 07:30:00, RES=0.2500  APOD FN = TRI
 2884.946 2924.871 0.0500321399     798
  0.29676
  0.39352
  0.46434
  0.53050
  0.58532
  0.63681
  0.69722
  0.75875
  0.79042
  0.80045
  0.82914
  0.85767
  0.86535
  0.85879
  0.85607
  0.86727
  0.86095
  0.87187
  0.87078
  0.88038
  0.89130
  0.88757
  0.88660
  0.87543
  0.86470
  0.86897
  0.86944
  0.87138
  0.87789
  0.87830
  0.87403
  0.87378
  0.85695
  0.86035
  0.84984
  0.83907
  0.82164
  0.77444
  0.73763
  0.69810
  0.65975
  0.64881
  0.68810
  0.76525
  0.85495
  0.86471
  0.87622
  0.87286
  0.88147
  0.87436
  0.88016
  0.88799
  0.89516
  0.88524
  0.88603
  0.89431
  0.89973
  0.89651
  0.88897
  0.87339
  0.86833
  0.86016
  0.86573
  0.85887
  0.85045
  0.82792
  0.79992
  0.76051
  0.69519
  0.62937
  0.53636
  0.44200
  0.37155
  0.36153
  0.41325
  0.50202
  0.62066
  0.70428
  0.76069
  0.80463
  0.83819
  0.86092
  0.86982
  0.86394
  0.87263
  0.87914
  0.88694
  0.89416
  0.89756
  0.89581
  0.89280
  0.89271
  0.89579
  0.90416
  0.90108
  0.90316
  0.91134
  0.91495
  0.91827
  0.92337
  0.92696
  0.91878
  0.91347
  0.91446
  0.89967
  0.89573
  0.89035
  0.90338
  0.90103
  0.89608
  0.88776
  0.89627
  0.91041
  0.90596
  0.90207
  0.89100
  0.88692
  0.85819
  0.82604
  0.80672
  0.79889
  0.78129
  0.77753
  0.68477
  0.57331
  0.46660
  0.39240
  0.39051
  0.47340
  0.59749
  0.68458
  0.78370
  0.83170
  0.86447
  0.89014
  0.89985
  0.88458
  0.88233
  0.89416
  0.89518
  0.88286
  0.86107
  0.85496
  0.84421
  0.84803
  0.85597
  0.87306
  0.88622
  0.89351
  0.89425
  0.89785
  0.89991
  0.89566
  0.89651
  0.89449
  0.89058
  0.88060
  0.85667
  0.84002
  0.82400
  0.82287
  0.83196
  0.85027
  0.86395
  0.87264
  0.87186
  0.87384
  0.87710
  0.87628
  0.87297
  0.87917
  0.89821
  0.89202
  0.88397
  0.88989
  0.87095
  0.87502
  0.86749
  0.86274
  0.86438
  0.86215
  0.85513
  0.82552
  0.81841
  0.79565
  0.78904
  0.80123
  0.83760
  0.84457
  0.85064
  0.84954
  0.84035
  0.82779
  0.81173
  0.79320
  0.77534
  0.74558
  0.68297
  0.60615
  0.50759
  0.39957
  0.30348
  0.27119
  0.28551
  0.37836
  0.48094
  0.56899
  0.63460
  0.66684
  0.66199
  0.64296
  0.61697
  0.57353
  0.47813
  0.41565
  0.31952
  0.23618
  0.21867
  0.22885
  0.24173
  0.24451
  0.21640
  0.18236
  0.13671
  0.09355
  0.08421
  0.09299
  0.09366
  0.09359
  0.08900
  0.06750
  0.05256
  0.05755
  0.06093
  0.05521
  0.05735
  0.09694
  0.15371
  0.21954
  0.28101
  0.32765
  0.37020
  0.39782
  0.40318
  0.40612
  0.37402
  0.33450
  0.27105
  0.19764
  0.13808
  0.10731
  0.10887
  0.11462
  0.11575
  0.18754
  0.22639
  0.23170
  0.19423
  0.15881
  0.14262
  0.15019
  0.22576
  0.31575
  0.41418
  0.52098
  0.59939
  0.63868
  0.64123
  0.62201
  0.55543
  0.47621
  0.44280
  0.45074
  0.53475
  0.65832
  0.73914
  0.79846
  0.82841
  0.82499
  0.82401
  0.69513
  0.75835
  0.72338
  0.69081
  0.69544
  0.75904
  0.81855
  0.85340
  0.88184
  0.89174
  0.88254
  0.89596
  0.91538
  0.91582
  0.91230
  0.91584
  0.90927
  0.90177
  0.88657
  0.89978
  0.90575
  0.92567
  0.92755
  0.92798
  0.91455
  0.91823
  0.91312
  0.91654
  0.91329
  0.88789
  0.88525
  0.87324
  0.86058
  0.86984
  0.87117
  0.88155
  0.88554
  0.87503
  0.86513
  0.84596
  0.83817
  0.82297
  0.82582
  0.82547
  0.81659
  0.80161
  0.79265
  0.78349
  0.78106
  0.74670
  0.68891
  0.60654
  0.52905
  0.43188
  0.33582
  0.23414
  0.22069
  0.24738
  0.31926
  0.41381
  0.55217
  0.68256
  0.72074
  0.76168
  0.79499
  0.83971
  0.84305
  0.85043
  0.85896
  0.87121
  0.87680
  0.87047
  0.88209
  0.88319
  0.88702
  0.88402
  0.88238
  0.86646
  0.86061
  0.84898
  0.84975
  0.85195
  0.86351
  0.85877
  0.85113
  0.85488
  0.84482
  0.79102
  0.77532
  0.76187
  0.71493
  0.67058
  0.62812
  0.57779
  0.52521
  0.42407
  0.33150
  0.24566
  0.15820
  0.09548
  0.09019
  0.12085
  0.17366
  0.23547
  0.37863
  0.43051
  0.53033
  0.60793
  0.67173
  0.70759
  0.73966
  0.76361
  0.78506
  0.80572
  0.81401
  0.81117
  0.81648
  0.81391
  0.78410
  0.75910
  0.69737
  0.66165
  0.59022
  0.51168
  0.41628
  0.33553
  0.28755
  0.29238
  0.44935
  0.57774
  0.68930
  0.77483
  0.82494
  0.85342
  0.85922
  0.86008
  0.85533
  0.83347
  0.82438
  0.82719
  0.82132
  0.82880
  0.83234
  0.85239
  0.88060
  0.90686
  0.93849
  0.93239
  0.93798
  0.93663
  0.93532
  0.92155
  0.92640
  0.92185
  0.91797
  0.91117
  0.90933
  0.90588
  0.89526
  0.89339
  0.88750
  0.86415
  0.84384
  0.81742
  0.80589
  0.80083
  0.80415
  0.79082
  0.76901
  0.73678
  0.73005
  0.75510
  0.78928
  0.82438
  0.85618
  0.88973
  0.91017
  0.91208
  0.89693
  0.87350
  0.84201
  0.80935
  0.75104
  0.71613
  0.71600
  0.75955
  0.76428
  0.76527
  0.76374
  0.74104
  0.70244
  0.64955
  0.57985
  0.49574
  0.48215
  0.52372
  0.56214
  0.61931
  0.64626
  0.67242
  0.68752
  0.71846
  0.75118
  0.78442
  0.79690
  0.81017
  0.81672
  0.79714
  0.79084
  0.78729
  0.78670
  0.77792
  0.75742
  0.73699
  0.71468
  0.71172
  0.67154
  0.64066
  0.60896
  0.56540
  0.52040
  0.48869
  0.47708
  0.48128
  0.49609
  0.51468
  0.52164
  0.50568
  0.49500
  0.49795
  0.55174
  0.64050
  0.69910
  0.74886
  0.77469
  0.78202
  0.74889
  0.71393
  0.69587
  0.67633
  0.65831
  0.65325
  0.58102
  0.52944
  0.48519
  0.41060
  0.32757
  0.23216
  0.16234
  0.12065
  0.09278
  0.06663
  0.06321
  0.05114
  0.04021
  0.03612
  0.02481
  0.02552
  0.01723
  0.01551
  0.02160
  0.02036
  0.02321
  0.01592
  0.00605
  0.01065
  0.00987
  0.01609
  0.02093
  0.02104
  0.01887
  0.01441
  0.02934
  0.03458
  0.01875
  0.02002
  0.02823
  0.01477
  0.01524
  0.02088
  0.01646
  0.02079
  0.02336
  0.19945
  0.49375
  0.49353
  0.49297
  0.49317
  0.49354
  0.49238
  0.49325
  0.49347
  0.48448
  0.49181
  0.01384
  0.02149
  0.03268
  0.03986
  0.02324
  0.00749
  0.00879
  0.02614
  0.03347
  0.03113
  0.01947
  0.02253
  0.01925
  0.01965
  0.01737
  0.03677
  0.03657
  0.03539
  0.02799
  0.00800
  0.00937
  0.02830
  0.03210
  0.03133
  0.02112
  0.00792
  0.00707
  0.02219
  0.01428
  0.02102
  0.02305
  0.01067
  0.02330
  0.02255
  0.03125
  0.01822
  0.01494
  0.01912
  0.02314
  0.02875
  0.02385
  0.03131
  0.02921
  0.01561
  0.00967
  0.02631
  0.04328
  0.05073
  0.06793
  0.11045
  0.34075
  0.89188
  0.89445
  0.89056
  0.88148
  0.88888
  0.89135
  0.93349
  0.96788
  0.97364
  0.97692
  0.97214
  0.97751
  0.99611
  0.99859
  0.98383
  0.97032
  0.97020
  0.98325
  0.98618
  0.98651
  0.98396
  0.97731
  0.96743
  0.95665
  0.95363
  0.94356
  0.91625
  0.89234
  0.86469
  0.85982
  0.85240
  0.85596
  0.83853
  0.81320
  0.81015
  0.80750
  0.83407
  0.86501
  0.92138
  0.95190
  0.95871
  0.96140
  0.95538
  0.95068
  0.92574
  0.89572
  0.85669
  0.81070
  0.78806
  0.78288
  0.80910
  0.83180
  0.82565
  0.81788
  0.78931
  0.73623
  0.65917
  0.57712
  0.53422
  0.52466
  0.56367
  0.61455
  0.66232
  0.70730
  0.73751
  0.74674
  0.79187
  0.82826
  0.86769
  0.88779
  0.89712
  0.88206
  0.85906
  0.84686
  0.85344
  0.86619
  0.85248
  0.80990
  0.78250
  0.76521
  0.74431
  0.73375
  0.69607
  0.63818
  0.60544
  0.57626
  0.54466
  0.53805
  0.55588
  0.57289
  0.57719
  0.57145
  0.55919
  0.54505
  0.55195
  0.61730
  0.71398
  0.75863
  0.79452
  0.82164
  0.82474
  0.80309
  0.78307
  0.74580
  0.72168
  0.71464
  0.68741
  0.63710
  0.58181
  0.51380
  0.44870
  0.37102
  0.28112
  0.20723
  0.13423
  0.10791
  0.06132
  0.05319
  0.06098
  0.05702
  0.07058
  0.08347
  0.09384
  0.13894
  0.18602
  0.20157
  0.25915
  0.26412
  0.27185
  0.29051
  0.37220
  0.46978
  0.56982
  0.67169
  0.72833
  0.76469
  0.78231
  0.80692
  0.81878
  0.83689
  0.83848
  0.82939
  0.82141
  0.83198
  0.83680
  0.83687
  0.83061
  0.83103
  0.82977
  0.81312
  0.79828
  0.77862
  0.73853
  0.67898
  0.58431
  0.49351
  0.39505
  0.31511
  0.29170
  0.33003
  0.46256
  0.55990
  0.64941
  0.71649
  0.72035
  0.72101
  0.71406
  0.67515
  0.65910
  0.63548
  0.57375
  0.52390
  0.47594