 63.00  6377.9857  46.55   7.98    100
 1951 04 15 07 30 00
 15/04/1951, 07:30:00, RES=0.2500  APOD FN = TRI
 2884.946 2904.698 0.0500060913     395
  0.27370
  0.22570
  0.36989
  0.60469
  0.72567
  0.78871
  0.80179
  0.82015
  0.82312
  0.80772
  0.81781
  0.83070
  0.82520
  0.80469
  0.78009
  0.74419
  0.75798
  0.77378
  0.73646
  0.64232
  0.50019
  0.33862
  0.31586
  0.42352
  0.35041
  0.23003
  0.12499
  0.09865
  0.25259
  0.40389
  0.38587
  0.35756
  0.45051
  0.70151
  0.81200
  0.82589
  0.84012
  0.85288
  0.85049
  0.83775
  0.83036
  0.81338
  0.78155
  0.70006
  0.57245
  0.54220
  0.59648
  0.65603
  0.80556
  0.86508
  0.88225
  0.87299
  0.87554
  0.88962
  0.88079
  0.88940
  0.89116
  0.87186
  0.86631
  0.86565
  0.87140
  0.85391
  0.81430
  0.73606
  0.60062
  0.43442
  0.34027
  0.37677
  0.64711
  0.78874
  0.83666
  0.86786
  0.87317
  0.88037
  0.89859
  0.88536
  0.89237
  0.90078
  0.91169
  0.93158
  0.92451
  0.93249
  0.93824
  0.92422
  0.92665
  0.92700
  0.93489
  0.94153
  0.94383
  0.93014
  0.92140
  0.90544
  0.89853
  0.89142
  0.88795
  0.89242
  0.87499
  0.84612
  0.81378
  0.73140
  0.61324
  0.55370
  0.54408
  0.47111
  0.33139
  0.22809
  0.15387
  0.08450
  0.04271
  0.03630
  0.00374
  0.01607
  0.11565
  0.29668
  0.49284
  0.58914
  0.67907
  0.73434
  0.79200
  0.78123
  0.77416
  0.67191
  0.51119
  0.32292
  0.36869
  0.63652
  0.74883
  0.79293
  0.80606
  0.79956
  0.80556
  0.76875
  0.70055
  0.56452
  0.37346
  0.31327
  0.43726
  0.62330
  0.65076
  0.59463
  0.53557
  0.40369
  0.21612
  0.09880
  0.09835
  0.10886
  0.20431
  0.45393
  0.60661
  0.71188
  0.76427
  0.81530
  0.83633
  0.87026
  0.87616
  0.87499
  0.86316
  0.86049
  0.90619
  0.91407
  0.93246
  0.92716
  0.91055
  0.89908
  0.91772
  0.93335
  0.92765
  0.94165
  0.92416
  0.90737
  0.89354
  0.88352
  0.77290
  0.61898
  0.52650
  0.66667
  0.78750
  0.81578
  0.85633
  0.87022
  0.85713
  0.77087
  0.66471
  0.56532
  0.61986
  0.71593
  0.81536
  0.86393
  0.91115
  0.94848
  0.94844
  0.94252
  0.95518
  0.95372
  0.93752
  0.94540
  0.88502
  0.85556
  0.85536
  0.93954
  0.94758
  0.95183
  0.95512
  0.95115
  0.95168
  0.93060
  0.91175
  0.90756
  0.89762
  0.89366
  0.86648
  0.80560
  0.67102
  0.48462
  0.29320
  0.26982
  0.57067
  0.75133
  0.82290
  0.83963
  0.75228
  0.67700
  0.70978
  0.72192
  0.57058
  0.40177
  0.43809
  0.54783
  0.63057
  0.80172
  0.87155
  0.89865
  0.90390
  0.87636
  0.80574
  0.67392
  0.49934
  0.44844
  0.36836
  0.26538
  0.28930
  0.36701
  0.42925
  0.49646
  0.57707
  0.53729
  0.36589
  0.22565
  0.25478
  0.38399
  0.68424
  0.87234
  0.90861
  0.93094
  0.94305
  0.94111
  0.92087
  0.91409
  0.90116
  0.90660
  0.91984
  0.92113
  0.77348
  0.64369
  0.55866
  0.61289
  0.83415
  0.91251
  0.95887
  0.96827
  0.98385
  0.97912
  0.96651
  0.97273
  0.98756
  0.99191
  0.99622
  0.98384
  0.96906
  0.96002
  0.96893
  0.96497
  0.96128
  0.94059
  0.94781
  0.93529
  0.92262
  0.92000
  0.93596
  0.93361
  0.91927
  0.93170
  0.93401
  0.92716
  0.93140
  0.90567
  0.87470
  0.84217
  0.78062
  0.65857
  0.48935
  0.27539
  0.18771
  0.34328
  0.64067
  0.81467
  0.83303
  0.84319
  0.84900
  0.86034
  0.84284
  0.82684
  0.77528
  0.70200
  0.58188
  0.44007
  0.20287
  0.07930
  0.05955
  0.20197
  0.44481
  0.66012
  0.78690
  0.81306
  0.83807
  0.85734
  0.89691
  0.90052
  0.91297
  0.90485
  0.89214
  0.85900
  0.80529
  0.68144
  0.64845
  0.74455
  0.78542
  0.80008
  0.84291
  0.86453
  0.82845
  0.78147
  0.63298
  0.51743
  0.62542
  0.76979
  0.85544
  0.89675
  0.88676
  0.89007
  0.82396
  0.74887
  0.71404
  0.83950
  0.87195
  0.87954
  0.84681
  0.68349
  0.57110
  0.69763
  0.82685
  0.83923
  0.81815
  0.88087
  0.89661
  0.90636
  0.91239
  0.91879
  0.92518
  0.93537
  0.92060
  0.90507
  0.90810
  0.91516
  0.92376
  0.92132
  0.94010
  0.91897
  0.90890
  0.91843
  0.90308
  0.81672
  0.65041
  0.66753
  0.77015
  0.85256
  0.88899
  0.91503
  0.90890
  0.90868
  0.89887
  0.90213
  0.89779
  0.90690
  0.92525