2222.74
2198.23
2165.78
2144.05
2137.27
2100.24
2080.16
2057.14
2029.68
2006.93
1993.51
1974.98
1965.30
1957.82
1942.82
1932.61
1909.98
1890.33
1886.05
1883.73
1864.23
1870.25
1867.24
1857.92
1853.36
1830.93
1800.48
1795.36
1786.15
1779.21
1765.39
1751.64
1743.52
1725.32
1716.46
1711.76
1696.65
1690.36
1674.88
1652.69
1650.55
1647.47
1642.97
1641.90
1641.69
1637.51
1631.39
1630.41
1625.60
1622.67
1623.69
1623.62
1624.00
1624.00
1628.90
1633.73
1640.73
1643.01
1645.10
1654.81
1655.31
1657.92
1659.34
1667.33
1670.96
1672.04
1672.52
1671.58
1669.00
1667.29
1666.94
1665.94
1666.47
1666.95
1669.65
1672.67
1673.27
1674.11
1679.31
1673.05
1693.13
1690.12
1726.45
1743.71
1753.53
1755.06
1756.39
1767.33
1780.32
1787.44
1791.62
1796.88
1828.16
1835.46
1833.85
1848.15
1851.80
1861.68
1871.84
1887.10
1909.32
1930.57
1947.70
1959.32
1982.30
1992.06
2010.24
2025.63
2032.68
2043.54
2063.90
2081.40
2100.30
2116.03
2134.33
2162.79
2184.07
2200.95
2212.62
2231.59
2260.42
2262.66
2280.02
2305.88
2326.89
2358.88
2359.92
2382.16
2394.93
2405.92
2424.64
2441.50
2466.64
2490.37
2509.39
2528.62
2564.74
2573.53
2587.50
2605.49
2617.27
2640.27
2649.72
2662.93
2683.09
2697.82
2699.11
2726.78
2744.16
2752.23
2754.71
2761.22
2764.35
2767.81
2771.73
2773.20
2778.09
2784.51
2785.22
2787.93
2787.47
2787.41
2786.41
2784.18
2782.05
2777.59
2756.28
2764.43
2739.06
2718.32
2706.87
2684.14
2673.38
2654.21
2631.98
2606.55
2574.78
2558.82
2539.75
2519.47
2474.78
2449.63
2411.30
2382.01
2354.97
2324.99
2295.32
2268.42
2249.17
2227.65
2198.42
2166.94
2149.20
2126.45
2083.32
2053.94
2025.50
2014.50
1997.60
1988.21
1944.46
1912.37
1894.45
1879.62
1851.63
1835.79
1815.50
1802.53
1785.88
1773.33
1747.29
1722.67
1714.08
1703.55
1698.46
1681.84
1663.46
1647.37
1635.09
1611.97
1595.33
1592.51
1568.58
1559.77
1549.68
1541.58
1537.70
1528.02
1512.09
1482.71
1471.25
1460.23
1444.38
1440.08
1439.11
1436.99
1437.35
1431.28
1426.88
1407.09
1404.44
1400.40
1393.92
1387.48
1381.72
1377.83
1374.87
1362.23
1366.45
1362.10
1359.66
1351.84
1343.87
1324.16
1333.75
1329.97
1328.49
1327.97
1328.50
1327.97
1329.30
1329.88
1330.83
1333.64
1334.29
1334.78
1335.84
1336.21
1335.60
1335.32
1333.78
1333.46
1332.42
1331.96
1331.96
1330.42
1330.04
1329.04
1328.46
1322.67
1313.78
1304.03
1298.97
1298.03
1293.45
1292.91
1291.96
1289.88
1284.90
1280.94
1278.78
1276.26
1277.00
1277.90
1277.40
1277.88
1278.63
1282.55
1283.96
1286.28
1286.05
1286.70
1286.25
1287.31
1287.03
1287.14
1286.63
1287.35
1286.57
1286.04
1286.04
1286.46
1286.15
1286.43
1285.07
1284.06
1280.05
1273.29
1273.20
1273.69
1272.81
1269.76
1269.95
1269.89
1270.28
1269.06
1269.87
1270.94
1275.37
1280.21
1282.49
1286.40
1287.95
1284.55
1295.14
1304.28
1307.64
1305.07
1308.54
1314.69
1307.58
1322.73
1327.60
1337.92
1342.21
1345.40
1345.61
1346.06
1343.95
1338.23
1328.46
1320.61
1320.03
1321.90
1320.20
1319.67
1318.10
1314.92
1313.64
1307.20
1303.97
1302.27
1301.00
1292.02
1289.53
1285.73
1283.48
1273.92
1270.71
1272.19
1265.78
1254.59
1251.95
1246.35
1242.07
1237.31
1237.52
1238.81
1239.76
1240.49
1242.44
1240.15
1243.18
1251.06
1251.56
1257.60
1259.87
1260.87
1261.44
1261.88
1263.28
1264.06
1262.00
1262.42
1263.95
1263.41
1263.45
1263.90
1262.39
1263.44
1269.44
1271.40
1274.18
1277.74
1291.82
1285.52
1282.67
1283.33
1282.91
1282.93
1282.95
1277.92
1275.13
1272.08
1269.86
1270.63
1259.11
1261.56
1267.14
1256.04
1269.32
1269.65
1275.35
1277.10
1282.23
1289.65
1289.71
1288.32
1299.80
1309.13
1316.45
1326.78
1339.51
1340.74
1341.95
1342.93
1342.41
1347.56
1349.76
1350.84
1351.91
1351.86
1352.36
1375.68
1372.61
1352.16
1355.14
1355.05
1356.34
1361.25
1366.64
1371.45
1372.45
1374.01
1387.99
1423.30
1435.94
1438.02
1438.04
1438.54
1435.04
1466.95
1434.09
1433.52
1434.38
1434.73
1434.17
1435.12
1437.62
1437.62
1442.79
1449.43
1453.83
1454.00
1456.54
1465.89
1475.80
1481.53
1488.55
1489.95
1492.58
1494.17
1494.17
1493.82
1493.85
1489.87
1482.60
1475.63
1471.09
1470.72
1466.00
1462.96
1459.57
1457.11
1455.81
1450.67
1444.75
1441.44
1440.68
1434.41
1431.95
1428.35
1428.80
1427.72
1424.27
1422.57
1415.09
1409.22
1407.83
1405.47
1404.47
1401.45
1401.43
1399.33
1398.28
1397.40
1396.80
1397.46
1397.96
1397.21
1399.48
1401.32
1403.63
1415.94
1425.40
1428.89
1427.35
1430.83
1432.11
1432.28
1436.86
1438.88
1446.63
1452.91
1458.29
1465.43
1467.41
1471.52
1475.73
1477.14
1472.68
1490.93
1489.65
1502.26
1515.43
1530.54
1536.62
1540.57
1554.02
1562.53
1567.36
1569.89
1568.74
1574.63
1584.71
1594.32
1602.64
1615.32
1637.99
1649.75
1652.53
1652.89
1656.73
1672.57
1689.71
1695.28
1731.46
1752.33
1764.19
1775.16
1786.69
1794.54
1809.44
1828.20
1846.50
1862.32
1885.02
1901.38
1912.17
1926.18
1943.07
1968.86
1985.63
2005.08
2023.14
2043.83
2058.63
2077.30
2096.73
2113.75
2148.22
2162.57
2190.05
2211.35
2226.50
2240.68
2246.68
2257.05
2278.84
2295.54
2325.66
2342.95
2368.77
2377.83
2397.08
2414.07
2427.26
2448.96
2477.57
2483.66
2501.46
2525.50
2528.01
2545.48
2553.34
2544.30
2555.48
2568.80
2572.35
2574.17
2587.62
2593.83
2581.40
2580.86
2575.22
2570.43
2558.60
2553.46
2549.23
2540.63
2536.74
2553.69
2552.10
2537.80
2537.32
2521.00
2500.74
2462.55
2446.34
2430.93
2400.15
2412.57
2409.55
2390.98
2371.39
2359.23
2344.74
2325.57
2319.70
2308.78
2298.79
2293.26
2284.29
2285.70
2282.52
2274.72
2272.24
2271.04
2272.89
2272.21
2271.20
2270.76
2269.88
2271.21
2274.93
2281.38
2275.09
2300.59
2291.53
2288.56
2309.20
2367.03
2370.00
2376.15
2395.52
2416.41
2427.14
2435.54
2443.56
2449.04
2463.94
2477.29
2491.19
2502.26
2510.65
2517.31
2522.82
2533.59
2559.64
2579.91
2593.01
2610.35
2628.05
2640.85
2638.50
2655.80
2670.61
2724.91
2735.13
2756.29
2762.56
2778.26
2789.26
2800.23
2813.27
2827.50
2843.25
2857.99
2873.22
2893.35
2908.47
2926.58
2940.89
2942.32
2950.04
2955.02
2959.22
2974.49
2995.21
3010.23
3024.54
3028.56
3032.40
3034.54
3040.21
3051.50
3058.52
3072.44
3076.74
3077.96
3079.56
3081.09
3082.80
3090.05
3095.62
3100.52
3106.64
3106.79
3108.69
3109.18
3109.70
3109.59
3100.84
3097.37
3096.30
3088.70
3085.19
3086.03
3085.92
3078.98
3070.04
3064.81
2986.92
2971.22
2953.98
2944.80
2939.23
2937.75
2915.45
2894.45
2865.92
2837.47
2807.53
2783.58
2762.12
2743.70
2728.39
2699.86
2657.81
2646.85
2639.81
2619.00
2602.30
2575.77
2576.28
2561.09
2528.34
2502.94
2481.97
2464.93
2450.26
2434.57
2430.41
2428.45
2418.04
2397.05
2380.25
2363.90
2348.86
2334.34
2331.42
2330.37
2326.07
2324.62
2318.14
2311.67
2310.28
2309.05
2307.47
2309.09
2312.29
2315.66
2318.75
2325.08
2326.58
2328.74
2338.60
2343.86
2348.02
2351.17
2354.71
2367.45
2373.71
2379.83
2391.12
2397.83
2401.21
2402.01
2404.11
2407.87
2415.62
2421.59
2429.39
2435.62
2437.17
2438.61
2439.11
2438.92
2439.96
2442.00
2444.62
2447.53
2451.27
2450.10
2450.24
2448.47
2450.00
2451.57
2453.89
2456.91
2449.40
2445.03
2444.69
2443.05
2443.35
2446.50
2444.17
2441.11
2407.09
2366.11
2343.60
2315.35
2293.92
2276.14
2250.35
2226.32
2203.26
2179.91
2151.05
2130.86
2105.80
2076.80
2049.03
2010.28
1968.21
1936.64
1899.37
1866.65
1836.39
1825.21
1785.87
1765.44
1749.27
1712.88
1691.50
1671.62
1636.19
1612.13
1590.41
1570.99
1561.04
1544.01
1535.66
1516.25
1518.50
1496.29
1487.86
1471.07
1453.76
1439.45
1432.88
1423.29
1409.28
1397.77
1391.30
1381.40
1367.78
1354.45
1328.13
1319.15
1310.35
1300.85
1305.70
1310.97
1303.91
1297.11
1296.06
1292.81
1290.61
1288.95
1288.44
1287.70
1287.70
1287.60
1287.10
1285.04
1268.98
1268.93
1262.62
1269.14
1267.90
1257.42
1263.64
1263.36
1266.30
1269.91
1265.03
1271.10
1269.57
1275.16
1275.29
1275.91
1276.97
1275.94
1275.43
1273.89
1272.05
1268.95
1268.91
1260.69
1255.15
1251.61
1245.25
1243.08
1242.71
1239.93
1237.75
1237.28
1230.27
1227.77
1222.09
1221.54
1219.91
1219.58
1220.20
1219.38
1217.97
1216.97
1206.85
1207.36
1207.33
1207.33
1207.17
1206.08
1205.46
1205.00
1203.88
1204.12
1202.28
1202.95
1202.83
1202.95
1203.61
1193.29
1192.84
1182.88
1183.16
1184.95
1184.93
1184.93
1184.39
1183.07
1184.46
1189.84
1192.93
1194.72
1196.56
1200.45
1205.77
1206.90
1207.62
1209.80
1211.41
1211.17
1212.11
1214.42
1226.12
1228.00
1233.58
1234.53
1236.12
1237.11
1239.31
1241.04
1241.39
1238.04
1241.67
1242.46
1241.79
1240.33
1239.91
1237.88
1233.97
1228.96
1227.00
1226.70
1227.91
1229.97
1233.97
1241.45
1242.90
1244.95
1245.18
1248.38
1251.14
1257.93
1262.47
1265.56
1267.26
1267.89
1266.90
1266.16
1267.88
1267.17
1267.48
1262.76
1261.39
1258.00
1255.33
1252.20
1251.29
1250.06
1249.55
1248.81
1248.62
1249.04
1250.46
1253.97
1256.29
1259.50
1264.42
1266.72
1267.66
1274.38
1278.54
1284.10
1291.09
1293.21
1304.79
1313.21
1315.43
1327.69
1333.93
1340.72
1350.37
1352.74
1366.10
1369.25
1376.78
1375.32
1381.52
1388.88
1390.61
1390.87
1389.10
1388.17
1378.04
1379.81
1380.33
1379.69
1382.38
1379.73
1380.35
1379.90
1379.45
1381.34
1380.79
1380.32
1381.40
1380.76
1380.69
1380.43
1387.09
1561.79
1442.19
1460.71
1486.25
1496.73
1510.85
1517.83
1527.45
1533.43
1548.42
1567.18
1582.48
1593.70
1620.25
1609.75
1628.18
1646.87
1662.32
1669.29
1687.30
1703.90
1694.91
1712.96
1719.82
1735.53
1757.45
1785.16
1797.00
1812.66
1827.68
1851.36
1867.57
1878.58
1888.79
1900.93
1913.36
1923.26
1946.63
1953.98
1979.67
1979.98
1980.76
1985.92
1988.65
1996.07
1999.02
2003.78
2004.92
2051.24
2007.71
2004.85
2003.42
2001.87
1994.50
1989.41
1985.76
1983.72
1979.21
1976.16
1974.95
1973.64
1964.45
1959.08
1955.43
1948.54
1947.45
1945.10
1941.77
1934.69
1930.28
1924.62
1911.59
1908.75
1906.78
1906.25
1892.66
1887.79
1873.13
1860.70
1850.93
1840.70
1831.04
1826.90
1821.80
1813.03
1802.56
1788.15
1786.28
1774.46
1769.38
1759.19
1750.12
1742.22
1732.48
1712.30
1701.98
1693.83
1697.33
1696.52
1689.06
1683.09
1678.53
1673.04
1654.47
1628.16
1624.34
1613.71
1610.26
1607.28
1597.97
1621.03
1572.40
1575.50
1522.97
1503.01
1485.99
1484.47
1469.35
1458.65
1433.91
1403.41
1407.91
1392.09
1372.79
1342.55
1327.96
1321.67
1301.66
1300.93
1296.12
1290.94
1283.62
1281.30
1281.32
1274.21
1270.66
1260.78
1257.40
1254.43
1251.08
1247.45
1244.94
1237.54
1234.52
1228.62
1213.57
1198.28
1190.56
1179.61
1174.24
1171.90
1165.85
1162.21
1155.12
1143.44
1141.98
1139.64
1139.92
1140.15
1142.13
1147.19
1151.66
1152.10
1153.04
1153.52
1153.58
1153.56
1144.83
1136.74
1134.66
1133.05
1131.02
1128.08
1124.91
1120.93
1120.50
1118.80
1119.42
1118.09
1115.83
1116.94
1119.52
1123.10
1129.26
1131.07
1136.76
1140.54
1142.65
1142.89
1143.93
1144.90
1148.58
1149.74
1154.71
1153.45
1153.90
1154.42
1154.97
1156.36
1157.40
1162.04
1163.11
1163.31
1162.11
1157.72
1155.29
1154.76
1153.78
1149.07
1148.31
1145.79
1144.95
1142.24
1138.90
1139.19
1137.81
1138.32
1138.84
1140.30
1142.61
1143.00
1147.55
1147.17
1147.91
1147.91
1147.33
1147.44
1147.10
1142.44
1138.71
1133.98
1131.18
1131.00
1130.19
1128.54
1123.57
1118.96
1118.02
1108.46
1095.98
1090.02
1086.29
1083.22
1079.89
1070.46
1069.94
1066.94
1064.92
1064.57
1063.00
1065.48
1070.99
1077.64
1078.19
1079.60
1080.01
1081.22
1090.62
1100.36
1115.63
1118.05
1125.93
1130.06
1132.32
1134.79
1138.03
1143.13
1146.23
1145.91
1146.36
1146.31
1146.42
1146.79
1147.94
1144.05
1138.55
1136.14
1134.47
1127.44
1123.91
1118.64
1115.39
1113.97
1112.53
1108.33
1104.22
1103.26
1102.18
1100.80
1099.21
1097.83
1098.60
1097.94
1098.84
1098.43
1097.91
1106.53
1117.60
1106.79
1108.75
1106.66
1105.74
1106.23
1107.46
1107.00
1106.38
1102.52
1105.31
1115.63
1120.98
1124.33
1125.97
1128.03
1130.59
1130.40
1134.07
1135.96
1142.44
1146.42
1147.15
1148.15
1150.85
1150.93
1152.52
1153.39
1153.87
1154.91
1158.93
1160.52
1166.38
1166.74
1168.19
1169.04
1169.05
1171.45
1171.98
1171.98
1171.04
1171.02
1171.28
1170.18
1169.82
1168.54
1163.52
1161.46
1162.89
1160.95
1162.56
1164.31
1166.46
1168.27
1173.40
1175.33
1175.88
1178.57
1179.13
1180.68
1181.03
1181.15
1182.40
1181.27
1178.44
1172.54
1171.08
1169.67
1168.70
1166.27
1166.22
1158.44
1158.23
1157.61
1159.22
1162.37
1174.52
1180.20
1184.97
1187.17
1185.55
1188.22
1189.18
1188.62
1189.78
1190.79
1192.48
1189.03
1180.81
1180.47
1180.36
1174.24
1173.67
1172.14
1171.06
1161.04
1158.44
1158.04
1157.87
1157.83
1157.96
1157.92
1156.21
1149.74
1147.81
1147.06
1146.24
1144.47
1143.80
1144.64
1146.97
1149.56
1151.84
1147.97
1148.43
1149.44
1150.21
1155.34
1174.88
1187.76
1206.00
1214.40
1217.83
1218.08
1218.54
1220.88
1223.68
1228.73
1241.90
1255.58
1264.09
1266.83
1266.30
1268.48
1270.64
1275.82
1278.58
1285.92
1295.17
1298.81
1301.71
1301.97
1303.44
1314.16
1315.92
1322.56
1327.90
1335.87
1349.00
1351.52
1348.55
1356.78
1363.15
1369.21
1381.61
1385.11
1388.69
1401.40
1414.16
1422.17
1426.82
1434.06
1435.84
1466.69
1450.78
1458.79
1463.25
1483.14
1508.47
1517.03
1519.97
1529.94
1536.72
1553.36
1565.81
1587.31
1618.22
1661.16
1667.09
1676.52
1692.89
1709.31
1723.11
1750.58
1761.31
1774.89
1801.21
1821.05
1839.55
1856.72
1881.06
1899.66
1922.11
1939.19
1962.74
1960.87
1988.37
1989.65
2008.71
2027.40
2047.73
2075.60
2094.70
2111.28
2128.36
2140.10
2158.92
2183.67
2218.63
2232.17
2259.10
2277.11
2291.31
2302.72
2334.64
2350.86
2369.03
2378.26
2402.35
2393.04
2400.05
2407.22
2413.33
2419.21
2425.10
2430.15
2436.90
2445.98
2450.82
2463.64
2471.20
2479.73
2483.86
2488.54
2488.95
2493.40
2497.70
2507.45
2515.24
2523.74
2527.72
2529.00
2529.32
2525.05
2509.52
2499.19
2489.53
2484.16
2474.48
2465.29
2458.11
2453.95
2440.30
2425.62
2391.34
2360.35
2330.57
2310.70
2288.97
2276.10
2250.09
2217.94
2192.71
2132.86
2088.90
2055.69
2011.74
1986.64
1960.73
1945.95
1915.70
1887.31
1847.75
1807.46
1779.79
1765.36
1734.01
1715.96
1691.21
1671.25
1650.86
1622.98
1613.80
1583.06
1562.61
1547.63
1529.25
1518.05
1492.76
1481.93
1463.44
1440.75
1432.63
1421.67
1407.62
1397.30
1395.75
1388.64
1373.25
1365.69
1358.34
1346.39
1341.58
1338.42
1335.40
1334.58
1330.65
1317.34
1306.63
1295.89
1290.29
1279.35
1277.33
1273.17
1270.75
1266.45
1263.77
1261.89
1257.95
1254.13
1252.82
1246.87
1243.96
1242.83
1238.00
1230.87
1227.89
1219.21
1211.54
1201.33
1197.04
1200.86
1198.48
1195.58
1191.88
1190.85
1187.10
1182.10
1181.84
1181.37
1180.62
1170.82
1167.21
1166.83
1165.42
1166.42
1165.34
1163.04
1161.65
1157.62
1154.29
1152.18
1152.45
1150.09
1151.10
1149.92
1149.79
1149.42
1149.77
1148.97
1149.41
1149.97
1151.36
1151.85
1152.23
1153.70
1154.42
1155.46
1155.56
1154.50
1154.13
1153.35
1152.45
1151.73
1150.55
1151.62
1149.10
1148.60
1147.28
1138.10
1137.10
1134.70
1134.41
1132.87
1132.83
1132.96
1133.46
1134.50
1138.12
1139.61
1140.55
1141.55
1141.80
1143.02
1142.55
1141.00
1133.83
1127.70
1126.46
1123.85
1119.54
1116.43
1119.89
1111.20
1103.87
1097.69
1096.62
1092.09
1086.15
1086.55
1085.66
1084.80
1085.63
1085.28
1084.23
1082.87
1082.88
1082.69
1086.30
1092.42
1100.80
1104.20
1111.44
1116.86
1119.29
1122.18
1125.38
1130.96
1132.52
1138.03
1141.66
1143.15
1142.64
1143.58
1138.11
1129.25
1127.77
1124.15
1122.26
1121.94
1120.16
1118.26
1118.98
1115.93
1113.50
1111.47
1111.07
1110.03
1110.41
1109.78
1108.86
1107.71
1107.76
1106.70
1106.29
1104.19
1101.76
1100.77
1100.47
1099.59
1099.43
1100.91
1101.45
1102.17
1103.32
1104.35
1105.11
1106.47
1106.88
1106.12
1103.33
1098.66
1092.59
1084.08
1082.34
1079.59
1078.09
1078.90
1078.48
1079.58
1080.59
1081.74
1082.22
1082.59
1083.55
1086.53
1087.52
1087.77
1087.94
1088.05
1087.47
1085.41
1082.81
1078.18
1071.66
1064.46
1059.12
1058.33
1057.43
1056.20
1056.67
1055.67
1055.31
1056.08
1056.08
1055.57
1048.30
1047.00
1040.21
1038.78
1031.72
1029.37
1026.35
1022.93
1014.81
1007.49
1005.11
998.73
996.29
995.58
993.38
992.88
992.88
992.67
994.19
1001.74
1011.43
1011.08
1013.31
1013.45
1016.42
1017.92
1021.40
1023.18
1022.58
1023.55
1024.49
1024.43
1024.43
1024.71
1024.85
1029.38
1028.56
1029.08
1029.12
1030.06
1027.35
1025.42
1023.73
1021.57
1018.83
1018.03
1012.44
1003.04
999.18
996.60
995.94
995.21
994.21
995.25
995.50
999.09
1000.09
999.46
999.73
1003.88
1004.38
1004.97
1007.03
1008.78
1010.58
1010.44
1010.36
1005.09
1004.90
1004.12
1001.95
999.33
995.27
990.00
981.67
971.37
965.26
963.22
962.57
963.47
962.09
965.59
979.33
989.13
989.92
995.73
1002.12
1000.12
1003.54
1017.92
1023.55
1033.38
1033.21
1033.38
1033.96
1033.71
1033.29
1033.71
1035.35
1035.79
1036.67
1036.40
1036.56
1035.83
1031.19
1029.66
1026.12
1020.82
1018.21
1017.42
1016.42
1012.21
1010.53
1001.16
992.42
988.62
986.79
987.98
987.41
987.96
988.46
993.64
1000.47
1004.92
1009.07
1014.07
1018.35
1019.02
1020.53
1020.52
1020.52
1019.68
1020.02
1019.52
1019.02
1016.77
1014.48
1014.41
1015.76
1014.98
1017.67
1024.26
1025.64
1027.88
1029.04
1029.65
1028.70
1029.14
1028.86
1028.32
1027.55
1027.61
1025.79
1021.71
1018.45
1010.13
1012.51
1009.70
1007.65
1007.32
1006.46
1001.42
996.95
995.89
993.39
992.95
992.92
993.25
993.50
991.50
990.97
992.69
993.18
994.24
998.48
1005.38
1009.31
1013.38
1015.36
1015.36
1015.28
1010.69
1003.33
996.49
996.42
993.97
993.64
993.73
990.04
987.02
985.13
982.96
980.83
980.79
982.86
983.64
983.41
985.21
982.65
982.60
982.83
979.48
978.50
975.00
974.09
974.44
972.88
973.72
974.24
974.47
975.68
975.14
967.79
965.55
965.42
966.30
966.98
968.38
973.49
977.11
978.22
979.36
981.06
981.56
983.39
985.69
994.02
994.05
994.07
993.77
994.24
991.89
990.38
989.52
988.93
987.94
987.80
986.85
987.94
988.38
993.47
997.23
997.55
1001.58
1012.55
1014.77
1017.64
1020.15
1019.79
1021.48
1021.50
1021.08
1019.92
1015.55
1014.33
1014.90
1014.95
1014.95
1014.93
1016.96
1016.22
1017.98
1017.73
1017.93
1020.20
1028.55
1034.61
1047.13
1053.53
1056.20
1055.18
1056.51
1055.56
1056.00
1055.02
1054.54
1053.67
1054.98
1055.34
1056.30
1055.43
1058.25
1061.03
1066.84
1068.46
1072.12
1073.55
1075.61
1077.07
1077.09
1077.38
1076.40
1075.69
1075.98
1075.98
1075.98
1075.48
1075.17
1075.75
1076.46
1078.22
1078.69
1079.68
1086.70
1088.03
1088.53
1089.16
1089.28
1089.47
1087.46
1091.11
1091.44
1090.97
1092.50
1093.45
1096.00
1096.90
1098.50
1101.83
1102.56
1101.20
1101.62
1100.64
1101.69
1100.92
1101.00
1101.87
1102.56
1103.88
1102.72
1104.44
1105.28
1109.71
1112.42
1117.41
1118.27
1120.27
1120.14
1122.10
1122.87
1126.82
1127.41
1129.64
1128.79
1126.85
1125.06
1122.31
1119.06
1117.56
1117.62
1116.39
1116.11
1115.78
1115.24
1114.62
1114.40
1114.21
1114.00
1116.12
1115.65
1116.67
1117.05
1111.07
1106.83
1107.30
1105.44
1102.70
1102.59
1099.50
1100.31
1096.23
1092.97
1091.85
1084.62
1091.23
1100.46
1104.85
1108.98
1110.10
1112.38
1117.66
1123.80
1130.92
1137.04
1144.64
1145.08
1145.53
1145.66
1147.38
1146.18
1146.57
1146.57
1145.57
1146.13
1146.13
1146.66
1148.21
1148.03
1147.66
1147.19
1149.50
1149.75
1150.26
1149.66
1150.56
1151.47
1155.31
1156.68
1162.94
1170.45
1172.87
1173.95
1178.77
1181.16
1195.55
1197.25
1207.53
1281.72
1217.79
1218.14
1219.15
1217.62
1217.56
1218.38
1218.81
1221.75
1226.00
1225.41
1226.05
1229.57
1232.98
1245.32
1260.08
1268.28
1274.93
1281.61
1280.83
1282.91
1285.78
1292.27
1294.45
1298.55
1301.33
1302.77
1303.44
1311.21
1311.55
1309.45
1307.53
1300.48
1301.86
1303.13
1302.84
1304.42
1303.56
1308.71
1315.02
1357.27
1384.95
1398.25
1438.82
1463.09
1451.40
1458.47
1444.61
1461.34
1482.27
1480.73
1528.19
1501.38
1511.52
1520.90
1533.37
1548.72
1563.12
1576.72
1584.57
1599.38
1623.92
1634.40
1656.23
1651.44
1666.33
1679.93
1691.79
1715.49
1730.35
1758.77
1767.17
1786.07
1807.26
1812.89
1814.64
1818.59
1832.10
1852.98
1866.32
1875.63
1883.82
1890.94
1899.98
1906.58
1919.46
1925.77
1930.05
1933.00
1936.15
1939.81
1942.71
1949.24
1955.31
1958.69
1961.02
1961.54
1960.98
1958.86
1957.86
1957.54
1957.04
1955.77
1957.60
1955.56
1955.32
1955.50
1956.47
1957.87
1958.47
1961.00
1969.09
1973.42
1981.80
1978.62
1976.39
1976.94
1983.59
2014.67
2015.25
2028.94
2034.38
2038.52
2040.68
2053.86
2056.95
2061.10
2063.93
2070.75
2076.33
2092.01
2095.82
2097.19
2109.01
2105.55
2077.68
2122.29
2137.81
2155.58
2173.21
2177.74
2180.28
2205.05
2223.17
2239.38
2249.71
2251.80
2253.38
2253.57
2261.72
2287.17
2291.96
2290.03
2282.61
2300.52
2310.28
2389.52
2398.76
2424.38
2438.32
2469.26
2482.20
2505.02
2513.35
2509.48
2513.57
2517.16
2519.16
2565.49
2590.98
2615.68
2626.81
2643.52
2649.25
2666.04
2674.36
2683.99
2692.85
2701.05
2715.67
2727.95
2736.36
2751.19
2765.24
2766.75
2776.98
2788.13
2806.35
2815.13
2819.41
2829.29
2845.11
2863.11
2870.15
2873.55
2876.26
2888.03
2901.28
2913.59
2922.34
2933.06
2940.70
2947.54
2949.79
2952.42
2955.38
2959.12
2959.57
2964.53
2973.36
2980.82
2984.67
2986.91
2994.12
3001.97
3014.14
3018.79
3030.99
3033.65
3036.97
3037.74
3048.51
3090.50
3098.33
3102.94
3109.90
3118.08
3121.03
3121.32
3127.71
3132.52
3134.23
3136.96
3139.27
3139.36
3140.78
3141.53
3142.51
3144.63
3146.49
3150.57
3159.18
3164.12
3165.70
3178.35
3191.10
3206.91
3209.90
3218.31
3229.43
3235.07
3239.31
3240.13
3241.73
3240.58
3240.60
3242.05
3241.05
3240.05
3239.03
3236.64
3234.43
3225.63
3223.32
3220.67
3217.42
3217.02
3217.33
3220.37
3228.75
3230.15
3236.89
3248.94
3253.17
3236.35
3260.80
3272.97
3283.46
3290.95
3304.42
3315.49
3324.16
3326.57
3329.74
3332.64
3332.75
3334.39
3339.24
3339.49
3341.49
3341.60
3341.30
3339.12
3334.58
3333.97
3331.94
3330.53
3330.87
3329.65
3324.00
3322.63
3323.36
3323.91
3325.96
3328.84
3329.57
3332.16
3329.52
3329.10
3328.66
3325.15
3318.87
3322.72
3322.51
3316.29
3309.03
3312.68
3300.68
3283.87
3286.30
3290.65
3284.25
3266.19
3257.94
3243.37
3226.89
3219.57
3199.66
3187.25
3172.12
3164.99
3158.44
3156.03
3150.42
3142.63
3134.74
3122.71
3115.24
3094.85
3081.33
3064.14
3056.15
3050.68
3044.92
3037.38
3029.55
3015.45
2980.31
2959.32
2935.14
2904.80
2884.87
2884.04
2851.49
2836.34
2812.19
2795.49
2764.73
2735.39
2699.33
2669.05
2644.67
2606.76
2583.21
2568.16
2550.76
2522.12
2499.07
2488.84
2467.73
2428.20
2402.67
2345.68
2322.64
2302.71
2273.32
2262.57
2250.08
2244.95
2223.40
2213.41
2181.78
2161.85
2151.89
2138.75
2113.65
2098.18
2083.18
2077.73
2068.86
2063.61
2055.51
2041.91
2030.31
2017.94
1988.90
1982.77
1963.26
1957.14
1955.57
1954.52
1948.79
1934.44
1912.97
1906.81
1894.90
1885.83
1866.22
1864.81
1861.10
1857.94
1854.57
1873.92
1839.27
1835.51
1831.02
1817.42
1799.05
1776.75
1761.90
1759.89
1759.17
1756.26
1734.78
1725.56
1707.85
1682.39
1666.22
1661.82
1648.60
1637.84
1629.73
1618.78
1613.41
1606.76
1593.28
1589.29
1586.93
1584.39
1580.16
1573.95
1569.77
1568.48
1560.57
1554.63
1545.91
1542.48
1528.76
1523.53
1528.71
1522.81
1517.25
1514.98
1501.63
1475.32
1459.55
1445.15
1434.76
1404.29
1418.73
1418.82
1405.96
1411.57
1398.49
1392.22
1385.68
1377.20
1376.30
1372.15
1365.82
1367.00
1365.98
1359.76
1358.56
1358.75
1358.07
1356.78
1355.63
1350.93
1345.20
1345.45
1345.03
1343.55
1344.43
1345.26
1345.24
1345.28
1345.44
1348.97
1351.82
1359.33
1358.07
1362.13
1370.31
1371.14
1372.19
1378.53
1386.54
1391.08
1393.62
1395.21
1394.97
1394.75
1393.94
1391.67
1388.60
1388.72
1389.22
1387.90
1386.57
1388.41
1383.64
1382.29
1384.47
1383.74
1384.75
1384.49
1382.68
1384.12
1384.23
1384.32
1403.05
1423.52
1457.75
1473.00
1477.49
1481.55
1493.98
1514.90
1524.86
1537.29
1548.13
1554.31
1558.92
1563.99
1575.56
1585.88
1593.62
1607.75
1621.81
1640.20
1645.34
1651.83
1670.06
1686.83
1697.72
1710.29
1721.16
1741.13
1753.40
1774.28
1788.48
1797.15
1838.88
1832.83
1852.88
1862.02
1890.15
1915.34
1938.34
1957.40
1982.08
1997.62
2023.18
2047.13
2049.45
2084.42
2109.44
2120.56
2154.80
2177.59
2196.31
2220.90
2252.84
2267.33
2292.05
2312.64
2333.31
2348.37
2359.18
2381.89
2396.73
2425.43
2440.67
2465.84
2486.86
2514.43
2531.18
2541.13
2541.29
2552.72
2563.98
2574.82
2584.18
2599.33
2600.19
2601.79
2601.45
2600.89
2599.20
2590.50
2571.54
2552.08
2543.33
2530.56
2527.55
2527.32
2512.99
2478.06
2449.93
2414.44
2375.86
2348.44
2326.86
2315.71
2287.38
2263.76
2214.20
2181.82
2162.03
2136.12
2104.12
2071.25
2048.58
2021.35
1999.85
1959.90
1905.07
1871.33
1857.08
1835.34
1805.52
1783.65
1751.29
1735.14
1716.24
1695.45
1666.08
1643.71
1629.48
1612.31
1597.08
1581.87
1576.37
1565.02
1549.84
1537.32
1523.96
1512.47
1497.60
1491.23
1481.20
1479.63
1468.85
1466.89
1463.10
1459.42
1454.17
1446.39
1439.98
1438.97
1436.16
1434.53
1429.49
1423.82
1420.56
1417.24
1409.49
1405.93
1403.04
1396.02
1386.35
1377.13
1369.15
1366.84
1363.90
1360.07
1356.39
1353.78
1348.49
1341.90
1334.71
1334.42
1334.52
1335.12
1334.80
1335.54
1335.54
1335.57
1334.96
1326.71
1323.91
1323.84
1321.75
1318.55
1317.54
1316.45
1311.77
1308.72
1365.41
1306.56
1305.35
1309.80
1314.00
1314.83
1321.92
1324.98
1326.88
1326.21
1336.94
1339.25
1342.25
1346.70
1350.54
1354.79
1353.65
1353.52
1351.72
1348.88
1348.81
1339.68
1336.71
1333.08
1332.62
1331.26
1323.56
1329.52
1331.44
1331.70
1333.41
1333.55
1336.78
1337.83
1338.69
1337.57
1331.36
1324.60
1321.06
1320.19
1321.37
1318.93
1314.14
1314.07
1310.72
1308.51
1308.10
1311.03
1315.40
1319.64
1327.08
1333.13
1356.50
1364.79
1368.45
1361.72
1386.12
1376.39
1390.14
1390.19
1394.85
1401.39
1401.57
1402.03
1402.26
1406.91
1412.20
1414.92
1414.57
1416.62
1418.17
1418.66
1419.89
1425.12
1431.89
1432.44
1460.07
1500.23
1505.48
1501.12
1512.56
1518.72
1525.04
1529.47
1536.45
1572.53
1555.55
1564.20
1568.06
1574.51
1587.04
1591.40
1595.50
1609.85
1616.39
1648.26
1669.14
1635.02
1638.74
1653.79
1678.54
1692.72
1707.42
1728.15
1737.53
1761.83
1774.45
1797.48
1818.04
1844.17
1869.06
1909.37
1913.85
1942.75
1967.46
1995.87
2022.69
2042.60
2073.64
2082.34
2111.72
2132.11
2163.19
2181.69
2213.83
2239.49
2252.81
2277.36
2297.15
2302.42
2334.59
2362.46
2367.94
2378.97
2395.24
2404.04
2462.08
2426.56
2443.06
2458.21
2475.17
2487.10
2494.68
2495.75
2501.69
2504.66
2521.59
2526.32
2545.04
2546.65
2552.15
2554.57
2556.55
2560.62
2559.68
2562.24
2563.51
2563.25
2564.71
2564.74
2557.42
2556.93
2556.93
2556.21
2556.83
2547.74
2545.89
2549.81
2546.37
2518.76
2466.13
2451.99
2424.00
2407.02
2372.63
2354.78
2334.64
2303.39
2278.34
2287.79
2242.17
2209.68
2176.62
2149.82
2113.90
2075.87
2073.91
2064.84
2046.08
2018.16
1995.88
1965.18
1929.90
1899.54
1879.16
1867.59
1848.98
1834.13
1828.85
1821.26
1807.20
1792.34
1777.38
1770.20
1759.41
1748.33
1741.80
1738.26
1737.13
1736.43
1728.86
1727.17
1725.52
1722.69
1718.45
1714.69
1712.00
1707.29
1707.42
1707.50
1705.92
1705.92
1705.71
1705.82
1706.00
1707.32
1708.33
1708.62
1711.06
1714.21
1715.55
1715.91
1715.45
1715.91
1716.40
1716.40
1716.92
1720.90
1722.30
1731.69
1733.53
1737.79
1730.94
1735.16
1732.48
1747.44
1760.18
1777.81
1887.88
1826.87
1810.90
1818.41
1823.67
1830.22
1835.94
1856.32
1848.10
1854.60
1854.86
1866.38
1877.28
1887.81
1899.41
1905.80
1914.34
1930.48
1938.95
1950.88
1958.18
1970.79
1985.13
1992.92
2013.53
2036.42
2023.66
2088.72
2072.15
2089.17
2122.07
2116.66
2186.36
2185.22
2174.58
2243.88
2210.81
2229.65
2238.47
2275.21
2255.42
2267.70
2297.33
2297.13
2309.19
2335.02
2360.59
2351.40
2357.59
2361.30
2370.23
2388.91
2393.55
2403.07
2396.98
2455.56
2498.95
2556.11
2589.78
2605.68
2628.98
2644.69
2666.91
2703.05
2712.86
2720.92
2735.44
2791.51
2836.24
2824.12
2899.95
2854.25
2866.37
2865.83
2895.13
2913.09
2925.44
2945.04
2952.04
2959.58
2973.14
2988.53
2994.38
3028.58
3043.83
3059.70
3070.75
3083.40
3106.68
3096.56
3094.92
3114.68
3132.27
3141.89
3158.36
3162.40
3168.00
3172.27
3176.76
3184.11
3197.91
3197.41
3205.43
3209.82
3202.47
3015.61
3027.70
2969.85
2947.47
2960.93
2948.47
2944.46
2918.18
2931.17
3026.28
3022.06
3067.36
3066.68
3070.44
3069.44
3131.45
3146.32
3106.20
3099.12
3129.31
3080.22
3008.00
2991.67
2867.50
3010.60
3003.12
3040.39
3085.81
3094.14
3091.47
3069.08
3109.26
3087.12
3057.17
3025.58
3018.00
3006.84
2991.41
2986.05
2973.98
2934.33
2922.00
2895.38
2884.16
2870.00
2869.59
2863.53
2853.00
2856.63
2868.95
2822.58
2794.00
2778.67
2778.89
2777.47
2776.24
2773.04
2771.91
2766.33
2636.92
2597.22
2574.40
2550.52
2513.78
2496.02
2475.43
2452.77
2428.87
2404.23
2370.03
2328.18
2290.84
2283.31
2178.19
2197.95
2186.84
2154.32
2131.35
2103.35
2089.56
2074.07
2063.39
2051.81
2020.73
1991.87
1962.81
1951.20
1930.36
1916.20
1901.92
1895.60
1884.86
1866.36
1849.04
1835.39
1828.52
1826.19
1819.05
1803.89
1778.26
1764.18
1745.48
1731.09
1711.88
1710.94
1708.28
1704.12
1695.81
1671.14
1647.24
1628.97
1606.61
1599.87
1593.21
1584.15
1580.80
1576.09
1567.90
1552.93
1542.13
1535.49
1517.00
1510.42
1501.41
1494.09
1492.12
1491.65
1491.22
1490.09
1487.56
1483.37
1481.33
1475.80
1471.10
1463.22
1438.86
1457.62
1457.20
1455.21
1453.89
1449.69
1442.43
1436.18
1424.50
1420.35
1418.95
1413.77
1411.81
1410.00
1408.71
1408.27
1406.91
1391.26
1380.26
1375.03
1369.89
1369.13
1366.76
1363.25
1355.65
1345.88
1334.07
1307.52
1298.22
1292.55
1289.35
1287.52
1282.60
1278.50
1276.46
1272.65
1269.97
1268.24
1267.67
1268.16
1268.26
1267.58
1264.89
1261.86
1255.62
1254.35
1249.02
1246.40
1246.20
1242.62
1239.66
1234.69
1228.78
1207.68
1191.77
1184.76
1186.17
1186.38
1182.11
1178.00
1175.95
1168.08
1163.61
1161.52
1160.48
1160.00
1159.59
1162.16
1163.76
1163.57
1164.12
1164.62
1164.13
1160.30
1159.04
1159.08
1158.24
1158.14
1157.02
1156.52
1156.02
1155.81
1155.02
1154.54
1156.40
1156.90
1156.04
1156.54
1155.98
1156.00
1151.41
1144.90
1143.65
1143.27
1144.03
1144.66
1145.10
1136.76
1124.85
1119.69
1118.59
1118.05
1118.10
1118.64
1119.71
1130.07
1139.43
1142.59
1146.21
1148.39
1151.03
1151.62
1153.89
1153.56
1154.00
1155.02
1157.25
1155.60
1155.17
1154.02
1150.42
1146.00
1135.63
1134.97
1132.06
1131.81
1135.38
1136.15
1137.54
1143.46
1146.89
1151.85
1152.71
1158.77
1160.29
1171.74
1175.82
1177.34
1178.55
1178.05
1178.53
1177.72
1177.43
1177.95
1176.57
1177.39
1176.41
1177.00
1177.26
1176.42
1178.17
1178.14
1178.43
1183.96
1193.55
1199.20
1201.22
1202.10
1204.42
1203.72
1201.54
1200.31
1191.18
1187.90
1188.13
1184.67
1181.00
1173.49
1171.62
1164.93
1168.05
1146.03
1133.73
1129.45
1125.67
1122.37
1116.75
1116.32
1098.78
1088.64
1076.30
1073.11
1072.92
1073.60
1069.85
1066.32
1066.36
1066.12
1067.72
1067.06
1068.04
1069.34
1069.42
1068.74
1069.73
1071.26
1075.31
1076.81
1078.48
1078.67
1076.20
1075.37
1074.09
1074.27
1065.18
1059.53
1063.11
1048.89
1022.91
1013.00
1007.88
1003.55
1000.07
992.03
986.83
982.48
970.41
969.30
967.44
966.98
967.18
968.41
969.85
972.45
975.34
978.97
988.65
998.92
1002.64
1004.49
1006.22
1007.65
1007.26
1008.52
1009.74
1011.20
1011.29
1010.29
1009.31
1010.67
1010.95
1010.45
1008.45
1008.95
1009.47
1010.47
1012.06
1014.09
1016.85
1024.92
1028.16
1029.65
1029.63
1030.17
1030.19
1030.97
1028.28
1025.67
1017.42
1016.75
1016.47
1017.50
1016.45
1016.97
1021.60
1027.19
1029.99
1030.54
1033.85
1040.19
1053.14
1059.68
1062.43
1066.40
1062.14
1061.40
1062.06
1059.14
1060.92
1061.73
1060.08
1057.75
1057.92
1064.54
1085.91
1103.20
1111.32
1112.38
1112.81
1112.45
1112.57
1101.76
1097.52
1096.76
1098.26
1096.88
1089.66
1090.03
1086.97
1083.72
1074.93
1067.24
1064.24
1061.75
1058.13
1057.17
1054.96
1055.03
1051.94
1040.76
1037.33
1034.87
1034.94
1035.44
1037.11
1041.43
1044.71
1046.00
1048.20
1049.77
1049.16
1049.73
1050.15
1043.70
1042.03
1040.97
1040.95
1036.73
1034.48
1028.37
1021.17
1015.60
1004.70
1002.22
1002.04
997.90
997.55
997.87
997.06
998.08
999.34
1000.00
999.10
999.92
1002.41
1004.61
1004.67
1005.86
1005.38
1005.68
1005.29
1005.29
1006.47
1006.21
1006.28
1007.31
1009.41
1013.18
1019.68
1020.71
1023.80
1025.05
1026.64
1027.20
1028.82
1028.91
1028.94
1029.17
1024.23
1015.79
1004.96
1004.16
1005.32
1002.39
1000.23
999.74
997.38
983.21
978.95
974.90
974.11
972.87
973.77
975.00
973.08
973.40
974.30
975.85
975.05
980.76
986.69
995.36
999.47
1004.35
1004.60
1007.42
1008.44
1010.82
1014.39
1023.33
1024.32
1025.63
1025.04
1024.50
1023.65
1024.53
1025.86
1025.44
1025.50
1026.47
1026.80
1026.91
1030.06
1037.46
1044.30
1051.33
1053.60
1054.98
1055.71
1058.25
1058.55
1063.52
1067.91
1069.55
1070.56
1071.33
1071.11
1066.58
1065.85
1065.30
1063.03
1062.24
1058.91
1056.76
1056.95
1056.38
1055.94
1055.97
1062.94
1067.75
1068.82
1073.62
1074.74
1077.35
1082.86
1087.82
1093.64
1096.68
1101.11
1101.07
1100.61
1101.10
1101.97
1102.47
1102.00
1102.18
1105.03
1107.00
1106.53
1107.54
1108.07
1108.54
1108.58
1108.08
1107.30
1111.14
1109.00
1109.33
1110.38
1112.33
1115.25
1121.48
1124.04
1124.17
1126.28
1127.33
1128.60
1130.17
1162.43
1193.13
1208.80
1216.12
1229.59
1233.53
1241.91
1251.92
1264.50
1274.59
1287.14
1294.59
1310.81
1330.25
1336.75
1409.98
1359.50
1389.45
1387.35
1436.99
1437.18
1418.86
1431.67
1458.27
1477.52
1499.17
1514.22
1522.27
1537.24
1561.20
1576.34
1597.67
1613.64
1640.50
1659.17
1665.27
1674.55
1693.36
1698.42
1736.12
1752.54
1774.39
1793.01
1819.52
1831.90
1844.67
1864.03
1888.75
1930.96
1919.44
1941.30
1973.75
1992.77
1994.26
1991.41
2001.79
2007.80
2012.20
2017.27
2022.14
2030.62
2044.12
2046.83
2046.00
2046.54
2047.08
2047.10
2047.16
2046.49
2039.41
2041.00
2038.45
2033.45
2032.63
2015.47
2006.87
1992.07
1979.46
2008.57
1951.60
2003.05
1912.91
1886.01
1844.71
1818.69
1807.36
1782.01
1762.14
1738.57
1722.01
1689.38
1685.21
1656.54
1616.74
1590.92
1572.64
1547.43
1543.10
1543.47
1517.61
1506.12
1493.76
1467.80
1439.84
1419.94
1407.88
1405.67
1400.71
1393.41
1387.23
1387.26
1377.30
1370.87
1366.08
1367.45
1368.59
1366.30
1366.83
1368.37
1367.54
1368.89
1367.55
1366.68
1365.87
1367.28
1365.55
1361.64
1356.94
1354.00
1337.08
1326.34
1316.12
1312.77
1304.41
1300.83
1300.38
1294.59
1288.53
1277.61
1267.95
1266.95
1265.50
1263.36
1262.81
1261.00
1255.82
1249.60
1248.26
1244.30
1243.19
1240.48
1238.90
1234.47
1230.16
1220.12
1199.25
1200.96
1195.44
1193.46
1184.17
1175.06
1173.31
1169.38
1165.15
1163.97
1163.88
1162.61
1162.58
1162.07
1161.56
1161.69
1163.48
1163.82
1163.81
1165.33
1166.24
1166.27
1165.56
1166.57
1158.60
1157.03
1154.65
1153.10
1157.42
1157.91
1156.74
1157.31
1155.81
1156.98
1156.33
1157.58
1158.41
1158.54
1160.34
1162.25
1164.08
1165.61
1166.31
1168.34
1171.16
1171.19
1178.30
1185.47
1196.43
1200.10
1210.55
1223.23
1241.40
1248.06
1256.97
1261.97
1267.85
1273.85
1277.00
1280.32
1292.84
1299.02
1304.30
1317.05
1320.70
1324.92
1336.78
1350.55
1367.21
1388.99
1401.00
1417.72
1429.75
1444.29
1455.59
1470.58
1480.91
1493.15
1501.50
1516.43
1522.57
1542.59
1545.60
1552.76
1572.42
1580.56
1598.48
1606.24
1617.61
1615.72
1620.72
1623.92
1666.81
1677.85
1703.35
1724.43
1756.99
1746.98
1763.63
1775.91
1792.00
1808.75
1832.04
1912.98
1928.07
1922.33
1925.67
1929.60
1920.80
1924.64
1929.77
1936.62
1938.13
1938.22
1937.10
1936.22
1929.37
1929.51
1927.67
1925.89
1924.38
1922.55
1923.19
1923.76
1919.54
1918.06
1839.30
1838.60
1837.02
1847.11
1866.72
1846.81
1853.79
1907.71
1832.99
1806.53
1802.91
1800.77
1794.71
1784.09
1758.98
1742.18
1716.17
1703.62
1701.10
1693.11
1692.04
1684.58
1683.07
1674.76
1667.44
1641.59
1629.80
1621.08
1639.90
1601.68
1583.26
1573.65
1571.55
1566.54
1557.67
1541.31
1549.97
1522.30
1511.58
1494.88
1470.44
1449.38
1441.52
1437.44
1410.23
1407.83
1401.56
1393.91
1386.75
1375.22
1360.04
1343.53
1335.13
1328.88
1321.03
1311.39
1303.14
1289.64
1284.38
1272.90
1250.92
1240.21
1250.28
1247.35
1236.82
1236.65
1228.98
1224.71
1214.53
1206.22
1199.28
1196.81
1195.35
1194.31
1193.25
1187.71
1185.38
1183.54
1182.52
1176.65
1175.44
1171.86
1170.04
1170.42
1169.06
1162.11
1161.28
1146.82
1129.68
1116.95
1109.92
1107.80
1099.15
1079.64
1085.40
1079.51
1073.67
1066.17
1063.31
1060.82
1059.30
1059.54
1055.80
1048.07
1042.06
1035.90
1032.43
1022.62
1011.28
1004.19
1003.88
1002.93
994.47
987.76
983.43
978.68
972.90
971.87
972.31
971.41
970.83
968.90
967.86
966.96
964.70
962.96
961.77
962.18
962.26
961.18
959.64
956.67
951.34
950.96
949.43
949.50
948.97
949.47
951.97
952.72
954.45
954.97
956.68
957.56
961.07
962.70
963.42
963.42
964.44
964.44
964.19
964.48
964.96
967.07
967.47
970.80
971.23
972.95
976.07
981.98
990.02
994.84
997.10
997.02
998.03
998.05
998.03
998.42
995.28
994.91
992.22
980.02
974.00
970.97
969.87
967.59
961.11
952.65
947.68
943.48
940.24
938.94
939.28
938.87
937.06
937.50
937.97
940.47
945.31
945.95
947.93
949.90
950.61
952.95
951.98
950.46
949.77
948.57
947.02
945.53
945.76
942.85
942.62
943.47
944.47
945.44
945.53
947.74
951.48
952.38
952.38
952.45
952.23
950.91
950.91
949.92
951.42
956.16
959.91
961.53
966.56
964.09
968.84
974.91
983.78
988.37
995.47
1001.61
1002.76
1002.54
1002.04
1002.96
1000.04
998.58
995.46
993.72
992.09
990.31
987.67
985.45
979.41
978.33
978.42
978.50
977.57
977.57
976.54
976.03
975.64
975.00
974.42
970.88
967.88
966.94
965.93
965.21
962.71
961.67
960.75
961.25
960.12
960.71
967.59
971.68
978.62
981.85
988.87
1006.24
1020.24
1025.95
1032.47
1046.25
1056.31
1067.42
1073.52
1083.02
1094.04
1102.22
1106.81
1110.51
1114.19
1118.88
1121.56
1124.43
1125.24
1127.62
1129.95
1131.23
1132.39
1132.32
1133.68
1133.46
1133.92
1133.46
1143.98
1146.36
1149.70
1155.98
1159.11
1166.13
1167.56
1173.01
1178.71
1181.29
1195.60
1196.49
1197.19
1197.62
1197.42
1198.68
1198.86
1198.83
1202.91
1204.17
1206.37
1208.23
1208.52
1211.44
1211.97
1212.92
1214.03
1214.55
1214.94
1213.48
1211.34
1207.56
1202.67
1197.11
1191.29
1181.14
1167.57
1157.02
1155.41
1149.78
1146.61
1125.18
1136.23
1133.23
1118.22
1091.04
1078.80
1064.19
1065.75
1063.05
1052.44
1033.34
1001.00
993.03
989.91
986.84
987.46
985.08
979.02
977.68
976.37
972.59
970.85
971.29
977.57
979.20
980.31
981.06
981.47
981.74
982.76
986.87
987.71
991.75
992.79
993.45
992.85
981.12
976.62
967.49
965.91
965.40
964.89
964.39
962.86
955.44
952.00
950.23
950.91
951.17
952.71
952.45
953.49
955.18
954.15
952.60
952.15
951.65
951.63
953.70
953.17
953.55
954.58
957.26
959.31
962.34
964.04
967.88
967.92
970.03
971.03
971.03
971.85
971.53
971.34
970.22
964.77
957.44
956.12
954.27
953.41
952.26
951.14
948.44
944.96
944.45
944.45
944.95
945.97
945.89
946.94
946.94
946.36
946.56
946.56
946.24
946.70
948.50
948.53
956.74
958.17
962.05
967.24
969.04
970.71
971.02
968.63
968.96
964.10
958.05
958.47
958.44
955.32
944.14
936.60
935.58
933.29
931.29
932.46
938.45
939.68
946.93
951.93
953.04
952.77
946.73
951.12
962.22
973.96
978.87
986.54
989.69
1003.04
1009.32
987.75
987.95
995.38
1000.00
992.90
992.65
994.79
988.12
978.71
984.33
1002.03
1013.68
1013.43
1011.48
1011.33
1009.07
1009.96
1009.75
1008.41
1008.76
1010.22
1009.57
1009.69
1010.43
1010.43
1007.38
1007.70
1007.60
1008.03
1007.91
1012.24
1020.89
1019.52
1020.91
1024.07
1033.15
1038.50
1050.06
1051.19
1060.27
1072.86
1074.50
1077.62
1082.30
1091.95
1095.33
1096.30
1097.05
1098.05
1105.00
1114.19
1106.03
1106.50
1099.60
1091.80
1082.43
1078.56
1075.49
1072.28
1072.05
1071.78
1068.25
1065.03
1054.66
1051.72
1051.71
1055.12
1057.96
1063.34
1063.08
1065.12
1068.07
1070.77
1073.75
1077.24
1083.85
1090.33
1090.26
1091.11
1089.69
1090.82
1090.93
1090.13
1088.95
1089.96
1090.57
1090.25
1091.12
1091.58
1090.68
1092.29
1094.11
1095.25
1095.29
1095.07
1094.21
1093.00
1092.71
1092.75
1092.83
1096.92
1099.62
1102.00
1103.26
1103.00
1104.03
1103.97
1104.03
1105.34
1105.94
1105.72
1111.28
1113.07
1114.96
1115.60
1113.91
1114.66
1119.94
1125.34
1130.14
1146.41
1151.32
1155.91
1156.35
1157.35
1159.87
1163.43
1168.39
1169.04
1173.34
1191.12
1194.64
1196.50
1199.39
1202.63
1208.47
1211.28
1212.32
1212.45
1314.41
1224.73
1226.96
1228.52
1232.03
1227.55
1232.47
1227.16
1229.00
1281.86
1355.73
1318.64
1325.71
1337.06
1350.13
1367.95
1384.90
1393.54
1401.88
1432.15
1418.09
1437.50
1445.77
1467.53
1491.40
1508.59
1528.89
1529.45
1551.39
1557.88
1572.98
1584.56
1606.93
1623.75
1656.50
1679.63
1691.07
1717.51
1719.59
1741.63
1773.33
1788.44
1811.34
1851.83
1838.80
1853.01
1898.16
1918.46
1930.70
1961.86
2007.73
2015.09
2029.41
2072.32
2100.37
2142.40
2138.12
2143.44
2184.33
2211.22
2220.09
2255.82
2300.43
2317.92
2346.49
2373.32
2385.18
2405.71
2420.96
2444.91
2464.62
2479.23
2495.86
2523.67
2555.70
2575.79
2592.20
2603.29
2614.31
2627.06
2634.51
2641.17
2671.89
2685.51
2694.69
2705.88
2717.20
2726.44
2728.39
2732.94
2735.64
2741.93
2746.08
2744.23
2731.13
2720.89
2703.32
2706.39
2702.92
2726.15
2706.03
2709.34
2607.34
2576.39
2541.24
2522.14
2506.66
2478.73
2459.15
2434.95
2389.81
2326.23
2300.66
2273.07
2253.32
2209.22
2173.75
2124.33
2100.74
2073.90
2026.24
1978.40
1970.38
1939.90
1895.33
1859.69
1826.17
1800.93
1764.76
1754.91
1718.15
1701.70
1675.12
1652.94
1638.81
1615.98
1613.92
1574.60
1570.64
1553.25
1528.86
1511.07
1500.24
1492.31
1466.16
1469.02
1460.31
1454.01
1450.63
1441.28
1425.45
1411.36
1399.67
1389.08
1378.59
1368.41
1360.89
1351.23
1341.56
1336.87
1333.37
1326.81
1310.85
1296.06
1294.39
1292.96
1285.21
1281.61
1279.70
1279.03
1276.92
1273.94
1273.21
1272.61
1272.12
1264.06
1259.02
1256.67
1251.54
1250.59
1247.87
1245.60
1241.52
1237.62
1233.42
1227.77
1224.68
1223.61
1227.95
1227.58
1232.35
1233.96
1236.62
1234.56
1233.58
1235.94
1246.00
1251.86
1256.12
1279.18
1303.65
1318.02
1336.38
1347.51
1355.49
1363.18
1365.82
1389.06
1395.39
1406.00
1412.40
1417.17
1431.06
1443.75
1479.05
1463.85
1484.53
1507.09
1490.52
1521.13
1557.71
1570.01
1623.09
1633.00
1634.04
1634.43
1636.85
1639.69
1641.24
1640.13
1642.30
1648.10
1649.03
1649.58
1649.12
1650.68
1649.62
1648.58
1648.45
1648.41
1647.91
1647.19
1644.68
1640.37
1632.91
1635.07
1640.55
1639.56
1639.03
1638.50
1636.57
1605.20
1578.93
1569.34
1560.21
1544.82
1537.37
1519.92
1521.57
1513.84
1514.44
1490.92
1487.10
1493.97
1531.19
1485.26
1477.65
1475.07
1475.38
1472.42
1472.15
1477.12
1480.60
1483.41
1488.95
1495.70
1505.36
1509.88
1514.94
1531.35
1540.18
1546.42
1556.88
1563.93
1580.41
1603.64
1612.70
1624.04
1642.93
1670.00
1690.91
1699.66
1717.24
1724.73
1728.35
1742.78
1750.16
1817.03
1837.47
1855.60
1893.99
1899.10
1923.21
1948.38
1946.75
1972.77
1979.54
2002.58
2028.78
2061.63
2068.15
2095.50
2123.98
2140.92
2182.10
2200.04
2213.57
2241.67
2253.39
2280.00
2292.29
2301.36
2308.06
2323.28
2338.32
2345.80
2354.13
2360.78
2377.51
2380.21
2382.20
2383.16
2387.51
2387.63
2392.62
2511.88
2392.67
2391.75
2379.34
2344.25
2264.20
2264.43
2260.81
2259.29
2259.26
2257.24
2260.07
2244.94
2229.07
2192.52
2185.75
2174.61
2151.76
2130.80
2110.11
2105.90
2092.23
2088.29
2076.45
2101.45
2049.97
2037.48
2015.93
2004.78
2005.05
2004.47
2002.60
2000.48
1992.48
1985.88
1971.79
1967.40
1963.39
1962.84
1961.89
1959.21
1957.70
1953.59
1941.46
1941.15
1920.88
1925.73
1916.42
1884.60
1881.72
1873.12
1868.28
1850.48
1825.77
1796.00
1787.74
1768.20
1767.83
1736.68
1731.39
1716.03
1698.68
1674.92
1643.06
1623.94
1586.72
1566.38
1544.95
1530.04
1495.64
1476.29
1438.40
1422.07
1394.44
1378.38
1358.21
1347.95
1336.25
1317.23
1299.01
1283.74
1271.55
1243.28
1222.04
1212.23
1204.59
1201.96
1196.43
1182.23
1177.36
1173.64
1164.33
1163.44
1161.53
1158.84
1162.30
1165.35
1168.40
1167.62
1167.96
1167.02
1166.34
1165.59
1161.65
1154.36
1150.11
1139.88
1139.12
1139.58
1138.08
1136.48
1132.80
1132.14
1130.32
1131.17
1128.89
1127.27
1122.22
1115.47
1102.92
1099.15
1094.57
1093.87
1094.00
1093.70
1089.06
1079.39
1064.94
1062.16
1061.00
1056.30
1055.85
1055.04
1053.88
1054.42
1056.04
1062.17
1063.89
1068.89
1071.98
1073.76
1075.80
1078.02
1078.70
1079.68
1080.02
1079.33
1077.49
1071.71
1075.35
1076.44
1071.53
1072.05
1072.35
1071.85
1071.51
1078.00
1079.22
1076.60
1079.24
1076.42
1085.76
1101.82
1111.37
1118.04
1130.40
1135.14
1140.63
1144.80
1147.93
1154.38
1161.35
1163.60
1170.63
1174.20
1183.07
1187.84
1203.49
1207.66
1210.65
1216.39
1219.53
1228.04
1236.53
1248.32
1255.63
1278.98
1288.99
1298.33
1303.18
1315.44
1326.24
1338.33
1345.58
1365.62
1383.81
1390.73
1392.72
1399.67
1408.96
1405.27
1431.82
1441.14
1452.27
1465.33
1494.29
1489.27
1525.65
1528.23
1604.97
1563.49
1595.49
1603.61
1635.11
1672.61
1690.96
1709.28
1738.88
1755.78
1782.92
1791.89
1853.58
1866.59
1875.92
1900.71
1902.98
1912.97
1942.36
1952.86
1980.78
1990.58
1989.58
1999.44
2033.23
2053.71
2079.97
2077.11
2091.60
2105.08
2111.25
2141.76
2127.15
2134.50
2144.58
2197.22
2165.10
2193.85
2202.90
2209.56
2212.70
2176.25
2179.08
2290.30
2246.14
2234.19
2279.84
2271.19
2269.32
2268.92
2276.09
2280.14
2263.11
2265.89
2267.65
2306.20
2319.00
2284.71
2285.34
2284.83
2337.09
2341.85
2344.91
2347.59
2347.76
2351.44
2365.89
2375.35
2382.36
2389.47
2366.72
2403.73
2381.32
2385.24
2413.63
2390.71
2429.47
2407.08
2426.55
2445.70
2457.73
2472.81
2459.20
2489.05
2503.26
2538.23
2550.15
2547.46
2581.19
2596.42
2601.55
2620.18
2618.44
2629.60
2665.70
2650.22
2661.65
2671.85
2683.76
2692.10
2696.60
2700.86
2702.28
2704.56
2708.30
2710.30
2713.21
2718.08
2725.26
2728.67
2728.67
2729.17
2727.05
2719.74
2714.02
2711.43
2704.68
2701.18
2688.40
2680.98
2678.72
2662.54
2647.40
2637.25
2621.72
2612.49
2599.87
2592.63
2580.78
2568.91
2549.55
2524.32
2510.66
2489.15
2479.01
2473.24
2463.82
2468.87
2450.88
2441.16
2422.98
2407.83
2397.81
2383.92
2368.69
2365.32
2361.33
2357.36
2345.66
2395.91
2334.59
2331.02
2329.33
2326.03
2320.71
2319.57
2311.34
2309.04
2306.81
2305.73
2305.41
2304.52
2303.19
2296.61
2293.78
2283.20
2268.37
2256.90
2229.84
2254.43
2252.13
2252.36
2249.98
2209.00
2196.29
2179.14
2187.83
2155.24
2150.25
2174.64
2155.89
2145.60
2135.91
2127.26
2111.48
2081.99
2092.47
2076.66
2062.99
2043.98
2033.02
2057.11
1990.87
1999.29
1994.48
1983.91
1981.07
1964.75
1956.64
1950.42
1944.88
1940.31
1922.47
1919.38
1916.40
1912.04
1910.19
1906.17
1900.75
1894.27
1886.62
1879.18
1874.25
1869.40
1869.13
1872.54
1869.25
1853.89
1821.95
1853.58
1857.11
1865.17
1875.33
1877.97
1877.42
1896.13
1895.53
1882.41
1948.29
1970.45
1985.28
2002.88
2013.30
2046.35
2049.21
2072.32
2084.09
2109.39
2111.23
2138.68
2139.85
2148.71
2152.41
2183.47
2211.14
2218.06
2225.39
2258.82
2291.81
2307.54
2335.50
2376.65
2386.23
2420.13
2434.26
2462.88
2479.76
2523.62
2536.37
2563.78
2580.77
2603.50
2632.57
2702.03
2692.46
2704.39
2713.77
2722.03
2735.27
2745.22
2754.21
2769.84
2773.72
2780.27
2778.63
2771.46
2760.29
2771.86
2776.06
2772.80
2770.01
2775.40
2773.04
2770.83
2780.43
2789.60
2788.09
2774.90
2770.65
2773.04
2765.62
2754.84
2743.72
2738.00
2732.59
2723.46
2716.45
2711.31
2704.75
2703.76
2696.87
2684.94
2680.24
2678.42
2680.05
2668.40
2667.58
2643.22
2633.03
2626.32
2603.17
2551.11
2536.73
2515.09
2485.32
2479.72
2448.40
2444.69
2438.15
2410.54
2367.42
2345.62
2281.29
2279.55
2248.64
2210.01
2190.14
2162.25
2148.59
2147.98
2088.52
2058.95
2002.43
1993.90
1946.47
1886.28
1857.11
1811.56
1773.03
1740.03
1699.68
1669.55
1636.47
1618.31
1560.64
1534.17
1503.80
1468.62
1455.56
1437.40
1419.87
1395.34
1377.30
1371.23
1349.10
1328.50
1302.61
1283.21
1266.21
1246.77
1241.71
1221.65
1235.73
1220.38
1207.13
1194.44
1159.37
1144.41
1132.18
1145.07
1131.54
1123.82
1118.74
1117.65
1113.42
1107.44
1105.67
1100.97
1096.00
1084.89
1075.64
1071.57
1071.19
1068.78
1065.69
1066.70
1066.03
1065.00
1062.24
1056.15
1054.17
1042.04
1035.53
1030.93
1029.20
1024.43
1017.51
1007.81
1005.04
1001.92
1001.78
1001.07
1001.23
1000.30
1003.73
1006.82
1007.98
1017.88
1025.40
1024.75
1023.95
1021.95
1021.30
1013.46
1009.19
1008.67
1009.48
1006.42
1005.33
999.34
994.26
987.19
981.00
974.32
972.47
971.43
970.46
969.46
968.96
968.46
968.21
968.17
968.96
969.96
969.64
971.12
976.71
979.86
983.10
984.71
986.06
985.87
987.32
986.45
985.60
986.24
984.68
984.12
982.21
976.65
975.84
974.65
972.95
972.95
973.50
974.08
975.04
975.68
977.50
985.35
990.55
992.55
993.15
994.02
994.02
995.55
995.17
996.02
996.67
998.09
1002.22
1009.65
1011.12
1010.69
1014.04
1017.21
1034.70
1033.41
1035.13
1047.06
1048.62
1048.58
1049.50
1051.00
1052.00
1053.10
1052.36
1052.18
1053.08
1052.07
1049.04
1048.72
1046.90
1046.55
1044.94
1044.97
1043.81
1043.96
1043.86
1043.43
1043.00
1045.76
1052.20
1056.93
1058.02
1058.87
1061.90
1063.55
1063.20
1068.37
1077.74
1082.37
1084.23
1083.73
1084.24
1084.30
1084.85
1084.07
1084.03
1084.57
1084.73
1085.10
1085.67
1085.81
1084.50
1142.51
1072.85
1072.29
1070.15
1071.16
1070.43
1069.96
1064.52
1065.67
1062.61
1063.82
1065.96
1067.13
1068.55
1071.10
1074.08
1078.12
1167.38
1081.07
1081.00
1081.54
1080.58
1080.78
1075.63
1073.62
1068.33
1059.95
1058.79
1057.17
1054.65
1049.33
1051.67
1042.41
1041.00
1040.67
1041.36
1040.80
1040.32
1041.55
1041.43
1041.05
1040.24
1033.25
1030.12
1028.73
1025.87
1024.85
1025.55
1023.80
1022.83
1019.10
1018.12
1014.76
1016.97
1017.21
1018.12
1021.68
1022.94
1024.15
1026.72
1029.45
1029.03
1039.42
1030.91
1032.29
1033.10
1036.72
1045.45
1101.97
1132.85
1154.38
1186.78
1253.96
1194.89
1187.78
1195.47
1219.61
1240.98
1304.56
1280.21
1283.44
1299.77
1304.83
1322.01
1368.07
1349.94
1364.12
1392.36
1406.69
1427.75
1440.47
1452.27
1461.95
1484.49
1522.46
1571.65
1598.71
1557.04
1570.15
1579.67
1612.66
1623.84
1641.62
1649.47
1674.19
1686.86
1707.08
1713.36
1718.43
1729.66
1756.44
1764.76
1833.00
1843.61
1804.38
1807.94
1815.54
1820.70
1821.82
1828.42
1830.60
1842.84
1848.81
1859.22
1874.27
1886.39
1908.43
1919.46
1928.68
1934.10
1941.21
1943.81
1945.65
1946.33
1961.64
1978.16
1984.19
1984.64
1980.67
1981.20
1979.87
1974.87
1969.86
1964.29
1962.49
1942.55
1936.31
1922.88
1908.81
1887.49
1870.91
1863.73
1836.92
1813.36
1801.07
1773.14
1752.36
1735.67
1707.64
1688.20
1664.04
1638.00
1605.11
1566.33
1536.08
1508.25
1493.35
1448.48
1423.74
1394.10
1386.57
1359.93
1341.05
1324.47
1307.53
1290.60
1280.11
1242.71
1232.11
1223.50
1212.85
1199.46
1190.06
1178.16
1166.53
1163.95
1159.43
1152.11
1150.97
1143.17
1139.40
1131.18
1125.40
1116.93
1096.76
1090.06
1080.79
1071.33
1056.51
1052.36
1043.72
1033.37
1031.94
1008.83
996.20
971.54
969.88
969.32
966.25
964.60
955.25
952.16
954.29
953.84
954.98
956.50
963.70
952.34
944.97
943.88
946.32
940.28
942.31
946.27
949.67
945.17
922.88
932.80
933.46
934.54
934.07
932.63
931.60
926.04
922.47
917.41
915.34
912.73
912.20
913.32
912.48
911.98
911.98
912.41
914.08
915.12
916.03
915.30
915.67
914.74
915.46
912.17
907.80
906.17
906.00
906.12
903.50
899.77
896.29
890.72
887.98
891.08
888.90
892.28
884.25
882.89
878.39
865.46
862.85
859.75
853.08
847.56
845.08
845.37
846.22
847.09
848.59
849.93
850.65
851.42
852.32
852.82
856.20
860.62
866.51
868.33
877.71
881.40
886.84
887.87
888.88
889.96
892.77
893.50
894.06
897.55
899.42
900.09
901.30
902.35
902.33
903.26
900.81
904.28
909.24
914.30
918.91
920.93
922.66
923.02
923.04
924.35
929.74
932.91
932.73
931.66
930.19
928.94
927.37
925.06
923.38
920.47
921.31
918.46
916.56
915.56
915.18
914.79
915.17
914.67
911.46
910.16
907.75
904.96
900.02
894.14
891.81
892.64
891.28
890.00
889.50
889.50
890.00
889.19
889.24
889.26
888.00
884.09
883.14
883.39
882.82
880.98
879.68
872.67
871.97
869.33
867.61
867.23
866.30
865.44
864.79
864.25
863.22
862.59
863.03
863.97
862.03
856.76
855.10
852.71
851.02
849.80
845.12
844.06
842.45
841.24
840.72
840.15
842.15
848.79
852.73
856.57
858.96
860.06
864.55
862.58
862.86
867.53
871.34
873.47
873.05
874.62
874.40
872.31
866.32
857.93
854.64
847.80
844.47
842.53
842.98
841.56
839.42
837.64
835.36
835.47
834.67
836.82
834.92
839.05
840.53
842.21
842.94
843.28
844.50
845.41
849.34
859.35
860.24
862.96
863.30
863.43
868.30
870.46
873.42
884.22
889.67
891.64
891.42
891.88
891.88
891.76
891.88
891.20
892.43
896.95
897.15
898.92
899.45
901.11
904.77
906.76
909.67
913.73
922.03
925.79
925.80
926.39
926.39
926.06
925.97
918.48
913.64
911.95
911.05
910.96
910.22
908.94
908.43
908.90
909.46
910.96
916.59
918.74
923.08
926.73
934.17
936.53
938.94
939.22
937.85
937.10
937.32
934.62
933.90
934.58
934.72
937.74
940.31
941.87
941.87
941.80
941.97
943.43
943.00
942.76
941.13
937.54
936.42
935.92
933.22
916.60
906.00
896.26
895.00
893.12
890.87
890.15
888.59
889.52
889.54
893.13
897.08
900.13
901.44
903.55
905.18
906.80
912.61
914.17
916.49
919.67
918.85
920.71
924.68
924.92
925.94
926.06
929.02
933.24
933.62
936.20
938.11
938.62
938.62
936.53
936.03
935.31
933.95
934.31
932.24
927.90
926.45
924.88
924.33
923.40
924.50
925.71
925.53
927.59
928.57
930.69
933.06
940.17
943.77
947.74
956.02
959.69
963.87
965.22
968.18
971.39
974.70
979.12
982.06
991.19
994.04
996.30
996.25
996.09
996.42
996.33
996.14
990.35
983.77
980.44
978.80
977.04
977.45
974.85
971.71
962.80
960.42
955.18
952.76
952.97
952.65
952.41
957.25
957.26
958.47
959.55
965.91
974.93
974.89
976.44
977.58
980.71
980.56
979.39
976.27
973.09
974.66
972.89
969.73
961.66
960.98
960.48
961.17
962.93
964.30
971.51
978.74
988.13
993.94
998.48
998.68
1003.12
1006.23
1007.69
1011.23
1011.96
1012.36
1014.88
1018.87
1026.78
1027.44
1028.83
1029.48
1031.19
1031.57
1033.58
1033.23
1035.67
1035.74
1033.23
1030.30
1026.00
1024.03
1024.47
1024.03
1023.44
1024.44
1023.97
1025.80
1025.95
1026.16
1027.88
1030.39
1032.16
1036.86
1038.57
1039.10
1040.32
1040.57
1041.38
1040.07
1039.50
1040.10
1038.77
1038.87
1037.38
1034.00
1028.50
1028.90
1025.83
1022.92
1013.00
1017.73
1016.52
1014.09
1011.88
1002.67
1000.49
997.79
993.95
993.00
991.50
990.94
988.10
987.12
986.46
986.46
987.28
989.93
991.34
995.29
998.55
998.92
998.40
998.55
999.37
1000.18
995.45
994.42
994.40
993.08
993.05
993.52
993.29
993.16
1002.67
1003.85
1005.71
1005.26
1005.90
1006.38
1005.02
1003.64
1002.48
1003.19
1006.07
1010.83
1035.93
1035.50
1037.00
1037.27
1038.15
1041.97
1041.97
1042.67
1047.17
1049.04
1045.60
1048.06
1123.69
1047.52
1044.94
1044.14
1040.08
1036.21
1032.28
1027.00
1023.65
1021.47
1017.77
1016.97
1013.79
1014.04
1014.86
1014.37
1014.93
1015.56
1016.00
1014.87
1014.36
1010.10
1007.11
1006.28
1007.93
1004.76
998.06
995.54
987.50
986.33
983.60
982.54
981.75
982.14
983.03
982.45
982.60
982.75
984.09
991.54
992.83
994.19
997.15
996.78
999.67
1001.76
1003.27
1007.51
1008.81
1009.83
1009.53
1009.53
1010.18
1010.17
1010.03
1010.85
1011.45
1013.03
1014.46
1016.71
1019.87
1021.13
1023.15
1025.23
1026.42
1025.45
1025.36
1023.87
1021.97
1021.39
1019.78
1014.54
1009.86
1009.05
1008.91
1007.86
1008.15
1005.96
1005.04
998.19
996.23
995.86
997.00
996.13
994.05
995.79
993.46
993.49
995.62
996.10
997.30
999.82
1003.97
1012.17
1016.94
1018.17
1021.48
1037.18
1040.17
1044.39
1049.18
1051.30
1052.86
1057.00
1066.33
1071.28
1077.33
1079.74
1079.44
1080.06
1080.06
1072.52
1071.04
1070.24
1068.05
1068.74
1067.09
1067.06
1064.56
1062.85
1063.32
1064.35
1064.04
1066.11
1070.17
1074.52
1080.35
1085.88
1099.58
1100.10
1101.62
1119.68
1127.78
1131.31
1136.42
1142.71
1151.24
1158.68
1165.61
1173.48
1180.31
1184.57
1186.10
1188.65
1193.00
1193.93
1193.10
1194.14
1194.52
1197.84
1199.42
1200.03
1202.69
1205.41
1212.67
1215.30
1221.64
1227.76
1241.71
1241.28
1230.31
1241.92
1242.52
1250.50
1260.75
1310.84
1285.31
1292.87
1344.34
1300.41
1304.45
1307.47
1309.82
1314.63
1316.22
1369.56
1377.79
1345.72
1350.07
1378.14
1359.09
1367.94
1375.59
1385.98
1377.93
1424.03
1469.84
1527.49
1454.57
1464.64
1521.23
1576.54
1522.75
1587.76
1571.01
1587.74
1600.53
1616.82
1613.17
1632.95
1684.62
1680.51
1706.60
1731.20
1767.17
1783.22
1794.89
1822.14
1836.39
1856.66
1894.50
1915.44
1916.07
1927.87
1943.50
1962.49
1972.89
1994.85
2013.03
2035.81
2050.46
2071.55
2086.69
2107.83
2121.00
2145.34
2181.50
2214.14
2205.36
2229.14
2214.70
2237.82
2277.72
2302.50
2348.58
2374.87
2409.56
2432.03
2447.24
2454.19
2440.00
2494.68
2507.75
2539.01
2541.85
2561.09
2574.93
2607.23
2634.99
2670.51
2700.52
2672.23
2720.02
2696.60
2728.81
2745.92
2767.16
2782.73
2802.05
2821.87
2834.13
2840.23
2842.58
2851.11
2854.97
2869.98
2876.96
2889.28
2893.49
2897.47
2896.44
2895.15
2890.61
2887.55
2883.49
2878.42
2870.68
2866.20
2861.00
2825.73
2794.39
2763.61
2749.35
2722.88
2717.98
2687.42
2664.83
2628.94
2602.27
2561.87
2526.74
2497.99
2479.40
2439.01
2383.94
2339.97
2307.04
2276.32
2217.08
2173.38
2147.83
2123.44
2100.62
2064.75
2035.99
2001.79
1933.50
1907.62
1852.62
1842.68
1821.88
1805.22
1781.01
1759.48
1738.94
1729.20
1672.52
1640.61
1616.84
1598.18
1577.09
1568.41
1540.37
1507.25
1493.01
1485.53
1478.87
1443.16
1410.58
1486.63
1402.29
1370.71
1353.04
1333.86
1278.32
1319.99
1297.65
1280.94
1287.55
1275.42
1266.14
1261.04
1253.91
1252.48
1251.36
1249.91
1251.56
1251.71
1254.00
1255.57
1256.11
1257.29
1257.13
1256.94
1257.00
1256.52
1256.19
1256.31
1254.96
1253.53
1251.78
1246.80
1246.39
1239.27
1242.47
1241.72
1241.29
1240.27
1238.50
1238.33
1239.54
1238.25
1232.61
1230.02
1227.84
1227.12
1227.50
1226.27
1221.93
1220.85
1221.83
1219.77
1220.08
1220.54
1223.10
1226.61
1228.59
1232.42
1241.41
1247.97
1249.71
1251.10
1252.50
1253.08
1252.62
1253.00
1250.56
1242.42
1233.67
1231.26
1228.09
1225.02
1223.80
1220.41
1215.22
1212.36
1205.11
1200.17
1197.29
1192.64
1185.00
1182.24
1182.44
1185.53
1186.62
1188.24
1188.88
1189.21
1189.73
1190.71
1190.36
1189.68
1188.58
1189.22
1188.18
1185.94
1183.90
1182.35
1177.77
1178.10
1175.07
1173.59
1172.92
1174.04
1174.23
1177.32
1179.72
1181.75
1180.67
1191.36
1200.67
1193.79
1204.68
1208.98
1215.52
1221.00
1221.17
1223.62
1230.58
1233.11
1234.28
1234.18
1234.53
1235.82
1240.68
1255.90
1241.34
1241.77
1242.55
1243.04
1241.33
1243.14
1244.22
1243.76
1244.60
1239.97
1250.33
1263.63
1266.54
1268.62
1269.11
1269.58
1270.16
1271.08
1272.12
1272.62
1273.91
1274.46
1276.93
1277.31
1279.28
1281.03
1280.28
1285.62
1289.92
1294.74
1300.62
1312.98
1299.38
1299.41
1316.28
1325.15
1364.78
1370.30
1381.85
1412.14
1407.45
1425.72
1435.26
1445.14
1453.51
1469.50
1480.82
1487.38
1495.16
1590.85
1505.56
1511.27
1567.98
1520.94
1533.73
1550.47
1524.57
1570.82
1570.64
1572.11
1576.11
1579.55
1586.26
1609.62
1617.05
1610.04
1620.36
1646.75
1660.40
1664.76
1680.32
1689.97
1711.97
1727.12
1739.38
1759.90
1762.05
1775.92
1781.26
1780.31
1825.33
1872.77
1864.85
1883.26
1894.55
1919.63
1937.72
1953.62
1975.47
1985.09
1993.70
2015.89
2034.59
2050.60
2057.04
2074.93
2106.77
2123.97
2144.32
2195.65
2197.88
2216.76
2251.20
2256.00
2255.23
2285.21
2305.41
2334.91
2354.04
2409.91
2431.74
2452.33
2466.48
2509.90
2542.79
2576.09
2599.97
2625.82
2641.66
2654.32
2678.81
2699.71
2719.27
2750.48
2756.01
2806.70
2823.75
2835.92
2848.87
2871.65
2888.65
2916.76
2931.42
2944.47
2977.56
2981.55
2987.05
2999.38
3015.21
3022.97
3042.22
3057.31
3064.87
3077.30
3087.81
3098.42
3105.87
3119.68
3133.87
3141.18
3156.49
3162.13
3170.18
3174.90
3185.78
3192.99
3203.27
3209.85
3217.54
3223.57
3224.10
3224.49
3224.97
3225.03
3225.53
3224.78
3224.43
3221.32
3219.19
3213.61
3211.53
3203.15
3190.02
3182.21
3178.65
3170.76
3164.01
3155.15
3144.70
3128.14
3121.16
3111.77
3095.18
3080.42
3043.06
3029.46
3010.51
2975.30
2971.77
2955.75
2923.11
2910.27
2878.53
2861.30
2820.95
2785.44
2756.51
2720.88
2703.84
2684.32
2655.66
2625.11
2593.17
2572.12
2540.11
2505.13
2472.59
2458.04
2435.13
2408.14
2383.91
2339.67
2309.99
2280.26
2258.58
2240.13
2199.43
2185.38
2165.96
2160.93
2105.52
2073.21
2057.49
2044.44
2034.22
2011.72
1970.66
1949.81
1941.36
1896.30
1874.52
1846.30
1819.19
1801.73
1789.01
1774.66
1744.87
1707.68
1707.23
1684.94
1666.45
1635.59
1602.02
1573.64
1576.83
1551.32
1538.43
1531.14
1508.18
1492.56
1480.48
1460.43
1443.54
1435.53
1429.27
1424.64
1416.28
1410.33
1401.68
1391.72
1421.04
1370.97
1370.28
1365.41
1501.27
1355.53
1350.41
1349.66
1348.62
1348.25
1347.47
1346.97
1344.46
1343.88
1335.78
1319.17
1316.23
1313.18
1309.57
1306.68
1303.53
1300.93
1299.27
1292.65
1279.74
1272.71
1269.88
1270.24
1270.78
1272.67
1383.58
1276.26
1274.38
1275.22
1276.89
1276.06
1276.06
1274.08
1270.91
1267.92
1266.31
1262.44
1262.52
1258.18
1255.34
1252.46
1238.00
1217.45
1210.85
1201.37
1207.31
1207.35
1206.41
1203.48
1198.12
1196.17
1195.45
1194.95
1195.45
1195.95
1194.55
1194.05
1241.98
1191.54
1191.98
1191.62
1191.16
1189.66
1189.64
1185.95
1183.81
1176.10
1172.29
1165.32
1150.37
1138.66
1137.84
1133.35
1130.69
1122.45
1120.22
1121.24
1107.53
1097.87
1096.07
1093.13
1093.67
1093.80
1094.46
1094.70
1094.09
1093.55
1093.04
1091.39
1089.57
1085.39
1080.44
1080.93
1079.96
1080.92
1082.19
1085.07
1084.78
1087.71
1087.79
1087.61
1088.30
1089.65
1090.03
1089.65
1089.48
1090.64
1087.14
1082.49
1082.43
1077.95
1076.44
1075.16
1074.97
1074.93
1145.38
1076.87
1077.43
1077.31
1078.39
1077.62
1137.31
1078.53
1069.49
1068.92
1068.47
1065.12
1062.47
1060.95
1051.18
1049.14
1043.68
1042.85
1041.70
1040.90
1118.32
1042.28
1042.56
1043.90
1045.25
1047.08
1050.05
1052.94
1054.76
1055.61
1057.88
1054.43
1066.71
1067.32
1069.23
1070.78
1073.11
1073.53
1074.53
1075.08
1075.23
1074.53
1075.37
1074.33
1074.14
1073.33
1072.69
1071.82
1074.48
1077.57
1080.45
1085.68
1085.33
1087.00
1091.08
1082.50
1092.64
1096.44
1104.26
1104.92
1104.58
1105.30
1104.83
1104.67
1103.88
1104.46
1104.46
1105.48
1107.81
1115.47
1119.87
1126.80
1129.84
1131.70
1131.98
1128.71
1128.76
1145.23
1155.19
1164.85
1171.02
1176.57
1178.10
1179.05
1182.79
1187.80
1195.85
1206.04
1211.77
1220.77
1224.14
1228.75
1232.70
1237.86
1244.13
1252.71
1256.13
1258.23
1252.63
1250.56
1251.00
1247.90
1262.32
1253.53
1262.42
1247.44
1249.78
1288.21
1356.35
1400.39
1414.99
1455.54
1437.19
1448.49
1455.48
1463.23
1490.06
1485.07
1514.39
1501.46
1514.08
1521.35
1532.98
1540.97
1558.36
1572.14
1591.11
1605.43
1621.96
1642.30
1672.63
1712.52
1702.77
1717.62
1729.35
1724.09
1722.22
1724.60
1733.35
1737.08
1738.29
1742.15
1743.29
1741.69
1740.81
1739.50
1736.16
1736.25
1734.87
1734.32
1733.38
1728.81
1717.94
1716.04
1715.18
1711.44
1693.19
1705.17
1679.13
1685.14
1646.34
1625.24
1613.93
1611.45
1587.62
1573.01
1557.46
1546.78
1504.16
1504.30
1499.43
1488.37
1482.51
1476.91
1470.64
1460.22
1452.54
1442.84
1431.13
1431.15
1425.52
1422.77
1419.73
1419.68
1419.05
1419.40
1416.21
1413.38
1407.12
1406.97
1405.86
1402.94
1400.22
1398.83
1386.72
1379.55
1377.87
1375.61
1372.46
1370.00
1370.30
1369.47
1368.89
1367.81
1367.35
1367.25
1367.65
1367.56
1367.58
1366.07
1365.56
1368.48
1358.07
1354.96
1355.12
1355.02
1352.29
1352.04
1350.58
1342.93
1331.64
1330.18
1306.87
1302.67
1300.91
1294.43
1290.69
1277.36
1272.23
1268.47
1265.42
1258.81
1253.80
1249.38
1248.21
1246.51
1245.95
1240.74
1238.97
1235.58
1235.38
1232.08
1227.66
1219.82
1219.23
1218.71
1217.84
1216.71
1215.55
1214.82
1210.67
1207.68
1203.77
1201.62
1195.04
1196.39
1193.79
1193.14
1191.38
1191.07
1190.39
1181.95
1173.64
1176.49
1168.23
1167.98
1167.43
1166.04
1165.94
1165.93
1165.43
1165.44
1166.83
1167.43
1170.76
1185.10
1193.64
1206.19
1210.55
1215.92
1218.57
1220.80
1221.38
1231.74
1243.00
1249.44
1264.16
1264.53
1265.38
1267.02
1269.02
1271.54
1273.55
1274.05
1275.93
1275.92
1275.02
1274.15
1276.90
1281.84
1282.35
1284.58
1285.96
1289.13
1291.06
1294.85
1304.50
1339.00
1379.10
1395.82
1430.74
1436.05
1467.92
1480.98
1489.34
1495.20
1509.07
1535.72
1553.97
1568.62
1592.87
1582.82
1598.85
1590.25
1624.43
1646.11
1688.85
1688.64
1704.17
1722.15
1740.25
1752.15
1762.70
1775.56
1782.89
1804.47
1837.25
1848.11
1873.45
1897.61
1897.49
1918.79
1936.48
1955.89
1990.43
2000.38
2028.02
2017.32
2022.84
2028.44
2031.72
2038.83
2051.63
2054.07
2067.00
2068.81
2068.90
2068.68
2068.42
2065.88
2064.91
2060.56
2055.85
2046.69
2037.19
2035.39
2045.14
2013.72
1999.81
1992.17
2003.87
1979.42
1944.20
1913.97
1887.93
1865.54
1844.29
1815.61
1795.93
1782.97
1772.37
1750.03
1729.35
1704.95
1686.11
1668.12
1650.74
1618.37
1598.98
1587.36
1575.61
1554.76
1557.92
1529.73
1508.11
1485.46
1463.88
1443.92
1425.06
1415.34
1397.02
1387.38
1382.72
1371.03
1357.35
1336.87
1322.73
1306.46
1290.94
1279.96
1266.48
1257.46
1251.06
1243.55
1240.27
1236.58
1226.76
1223.01
1212.68
1204.60
1199.32
1198.62
1197.06
1196.56
1195.39
1189.33
1186.78
1184.72
1177.03
1170.90
1162.26
1159.42
1147.35
1141.92
1130.24
1133.37
1126.49
1118.13
1111.44
1107.14
1102.54
1102.35
1095.79
1089.52
1088.31
1086.71
1085.50
1084.58
1083.46
1084.11
1084.09
1086.27
1087.55
1090.40
1093.76
1099.09
1100.42
1102.48
1108.78
1113.43
1118.46
1124.56
1123.27
1124.18
1125.53
1125.52
1124.55
1118.43
1115.77
1114.30
1113.44
1116.51
1112.33
1099.23
1090.89
1092.21
1090.06
1090.62
1091.03
1090.50
1094.50
1094.11
1093.88
1097.10
1102.00
1103.27
1105.06
1105.43
1108.13
1107.53
1107.95
1109.96
1114.71
1119.39
1122.14
1121.55
1118.18
1125.32
1133.67
1141.96
1147.17
1156.66
1159.38
1161.08
1169.94
1185.62
1231.05
1282.44
1205.24
1246.02
1285.88
1224.25
1232.33
1240.35
1253.96
1257.11
1260.74
1270.65
1283.48
1289.65
1316.30
1312.29
1318.91
1329.97
1343.55
1349.18
1351.99
1355.60
1372.19
1412.78
1393.23
1423.15
1436.47
1449.07
1462.16
1468.32
1491.02
1501.33
1506.50
1511.38
1526.23
1541.94
1546.46
1555.08
1560.52
1563.23
1567.90
1576.07
1580.40
1584.64
1586.19
1587.00
1587.77
1588.04
1588.04
1584.82
1581.83
1580.47
1576.75
1557.02
1547.07
1535.64
1523.88
1523.33
1531.82
1514.37
1496.32
1483.23
1460.62
1436.58
1434.43
1425.51
1415.48
1410.12
1386.68
1383.37
1331.47
1278.89
1239.63
1232.74
1233.37
1234.21
1229.90
1231.46
1218.23
1192.09
1204.68
1241.35
1239.31
1236.04
1232.10
1229.90
1228.38
1224.16
1219.06
1205.11
1202.36
1193.81
1182.06
1171.93
1161.45
1160.82
1159.80
1159.18
1154.14
1146.29
1139.48
1133.22
1126.41
1115.40
1111.95
1110.27
1108.46
1108.44
1103.92
1100.95
1101.72
1101.89
1111.12
1114.07
1116.97
1122.35
1122.59
1124.96
1125.94
1128.23
1129.59
1132.96
1141.06
1143.59
1147.04
1148.58
1152.67
1169.25
1178.64
1181.75
1185.72
1188.62
1188.37
1190.40
1191.49
1196.84
1205.46
1211.23
1212.70
1215.31
1218.29
1218.95
1220.34
1223.12
1221.98
1219.55
1221.47
1227.12
1237.29
1269.69
1313.29
1312.50
1327.62
1334.25
1355.53
1402.57
1406.77
1409.44
1433.17
1443.56
1462.76
1500.28
1539.57
1565.77
1603.48
1618.83
1642.53
1653.15
1674.05
1688.38
1725.94
1755.59
1772.89
1805.33
1841.64
1843.88
1868.63
1875.50
1882.12
1895.23
1899.17
1902.47
1914.09
1919.84
1927.64
1927.71
1928.64
1927.81
2035.81
1917.72
1915.97
1968.94
1939.50
1906.54
1892.02
1882.52
1880.28
1885.49
1825.29
1798.91
1784.36
1766.22
1746.17
1730.01
1709.51
1677.89
1662.15
1646.67
1625.13
1610.71
1576.74
1585.46
1543.09
1534.65
1530.54
1516.33
1480.29
1465.91
1443.28
1437.98
1423.79
1444.58
1401.96
1394.70
1393.74
1361.42
1346.99
1323.70
1322.68
1293.55
1288.10
1273.86
1261.29
1240.00
1228.77
1222.99
1215.69
1209.67
1208.11
1195.06
1194.45
1193.11
1193.55
1193.96
1173.59
1199.06
1199.40
1205.53
1208.43
1211.30
1213.64
1219.90
1228.97
1233.05
1234.03
1235.44
1240.25
1244.20
1248.40
1257.24
1267.73
1278.30
1276.12
1279.13
1279.98
1284.36
1289.53
1296.48
1306.57
1308.05
1312.26
1312.06
1313.09
1312.47
1308.93
1303.30
1300.75
1292.76
1288.21
1293.65
1286.68
1279.49
1276.21
1275.75
1254.62
1243.60
1231.28
1223.60
1212.43
1202.70
1199.49
1180.89
1173.61
1180.15
1175.54
1160.49
1161.79
1150.44
1138.99
1136.29
1135.11
1130.40
1128.86
1129.94
1126.79
1125.50
1126.30
1127.42
1128.12
1130.06
1131.02
1130.62
1129.72
1128.92
1125.38
1119.57
1111.23
1110.46
1108.67
1106.40
1102.28
1096.93
1093.43
1090.59
1090.00
1086.94
1083.05
1081.54
1070.54
1065.24
1061.90
1061.58
1060.61
1059.37
1059.39
1058.36
1058.31
1058.64
1058.29
1058.58
1059.64
1065.79
1069.17
1070.64
1076.12
1081.15
1082.19
1082.44
1084.60
1086.71
1086.03
1079.41
1073.64
1074.37
1071.62
1071.00
1069.31
1068.91
1064.76
1059.70
1056.92
1054.40
1054.81
1054.96
1055.50
1056.19
1055.43
1053.88
1046.24
1045.84
1042.77
1042.25
1042.63
1040.05
1038.97
1037.38
1036.31
1036.33
1036.33
1036.76
1036.10
1040.67
1040.54
1041.30
1042.12
1043.05
1043.11
1044.06
1044.03
1049.50
1043.56
1039.78
1037.20
1029.20
1025.51
1020.48
1016.22
1016.57
1015.55
1013.38
1010.26
1007.22
1006.69
1007.46
1006.96
1011.06
1014.20
1018.77
1019.78
1021.06
1022.21
1022.20
1021.50
1026.45
1032.44
1032.75
1032.94
1031.43
1030.42
1026.67
1024.12
1022.40
1021.61
1020.58
1009.63
1002.55
998.23
997.17
996.31
993.59
991.71
991.38
988.86
989.00
987.98
988.92
988.96
992.91
993.55
1003.52
1005.39
1006.36
1007.18
1009.74
1010.66
1016.71
1019.76
1022.93
1024.69
1026.74
1028.12
1029.29
1031.04
1033.52
1035.19
1036.38
1038.85
1042.94
1044.44
1045.18
1048.53
1052.42
1057.30
1066.16
1067.98
1070.00
1071.65
1072.45
1075.09
1072.93
1071.39
1071.48
1070.58
1069.71
1067.80
1067.14
1065.12
1063.28
1062.80
1062.50
1063.61
1065.64
1068.05
1070.94
1072.24
1075.69
1076.61
1080.33
1079.47
1078.68
1079.04
1078.64
1073.21
1071.42
1071.41
1071.14
1071.38
1068.06
1065.32
1064.76
1064.65
1064.13
1063.12
1063.21
1063.12
1061.05
1054.06
1050.21
1049.71
1046.48
1049.48
1049.05
1047.48
1047.50
1043.47
1042.46
1042.42
1041.65
1042.48
1048.30
1050.07
1053.63
1055.11
1054.63
1054.12
1051.22
1050.74
1049.70
1049.58
1049.58
1049.20
1049.00
1044.97
1043.08
1043.08
1043.59
1044.30
1044.82
1044.82
1044.59
1044.59
1043.14
1037.58
1036.80
1022.52
1021.43
1019.56
1020.01
1019.52
1019.38
1021.54
1018.10
1009.92
1007.05
1010.08
1014.31
1014.50
1016.50
1019.15
1021.26
1021.78
1027.61
1027.86
1033.06
1032.56
1033.50
1033.03
1032.06
1032.03
1033.37
1031.36
1031.38
1031.96
1031.42
1031.42
1030.09
1031.38
1027.50
1023.56
1020.44
1009.85
1015.24
1009.00
1006.44
1004.08
996.05
993.92
985.96
984.45
984.06
983.53
982.13
983.73
983.77
984.13
984.00
984.00
981.14
980.42
980.46
987.24
991.79
995.07
994.77
995.21
997.25
999.05
1000.44
1006.16
1016.00
1025.00
1035.26
1037.54
1037.58
1038.62
1039.52
1040.62
1042.03
1050.00
1059.27
1058.67
1062.70
1061.21
1063.18
1063.40
1063.47
1064.20
1064.65
1065.84
1065.11
1065.10
1065.09
1064.17
1063.92
1063.96
1063.92
1063.42
1062.00
1062.45
1061.32
1061.30
1054.00
1054.25
1053.82
1052.86
1052.36
1049.87
1046.92
1041.12
1040.36
1034.86
1032.94
1032.37
1031.97
1031.94
1033.31
1035.90
1039.07
1040.30
1040.82
1045.27
1056.05
1061.49
1065.39
1068.06
1070.80
1074.08
1075.33
1076.43
1078.00
1077.00
1076.83
1076.11
1069.31
1069.91
1069.86
1070.00
1069.49
1070.32
1068.36
1075.87
1081.40
1082.95
1086.37
1086.70
1085.46
1088.83
1091.53
1094.72
1104.50
1155.46
1156.07
1164.67
1174.17
1185.84
1201.62
1283.95
1222.25
1232.35
1241.33
1250.78
1255.54
1265.19
1282.78
1290.34
1314.32
1331.24
1351.80
1387.31
1412.50
1425.46
1431.43
1440.56
1464.08
1490.33
1514.86
1538.29
1561.08
1608.91
1623.60
1631.57
1633.83
1626.87
1651.18
1682.57
1680.56
1685.04
1718.44
1744.20
1746.04
1748.63
1749.19
1751.46
1753.71
1760.61
1759.11
1759.72
1762.15
1757.76
1750.64
1746.62
1750.58
1758.25
1759.12
1757.25
1753.49
1747.48
1679.74
1650.21
1636.09
1622.87
1615.41
1599.46
1577.81
1581.64
1562.86
1553.48
1520.72
1493.10
1486.16
1479.66
1472.77
1463.87
1474.77
1453.19
1438.72
1428.15
1414.44
1408.38
1404.74
1401.10
1395.76
1431.22
1424.04
1400.29
1363.29
1342.29
1330.63
1323.80
1322.47
1315.36
1302.70
1298.70
1289.60
1277.53
1261.28
1248.24
1238.05
1226.92
1222.59
1219.93
1212.00
1204.13
1202.39
1199.86
1196.54
1189.17
1181.85
1175.93
1168.02
1165.95
1162.50
1157.88
1155.35
1154.59
1152.88
1146.84
1142.65
1140.07
1130.63
1124.42
1123.60
1122.31
1119.33
1115.98
1115.45
1112.46
1111.65
1109.74
1101.36
1100.23
1098.10
1096.04
1094.38
1091.21
1089.79
1084.08
1081.56
1080.95
1066.00
1060.78
1052.09
1048.63
1046.54
1047.23
1043.36
1039.67
1038.46
1038.17
1039.69
1037.93
1037.65
1039.51
1041.05
1042.97
1053.60
1056.44
1059.95
1062.00
1063.57
1064.41
1065.36
1064.54
1066.23
1065.16
1065.86
1066.33
1067.41
1066.90
1066.45
1065.45
1062.33
1061.95
1060.68
1057.69
1055.56
1053.11
1048.77
1047.78
1043.92
1042.42
1042.68
1041.53
1039.13
1039.47
1039.47
1040.33
1054.28
1058.60
1059.79
1062.39
1063.88
1066.92
1067.81
1069.79
1076.52
1078.03
1079.50
1079.00
1079.50
1079.03
1079.06
1080.05
1081.74
1081.47
1081.53
1082.70
1085.43
1090.20
1090.84
1090.00
1090.95
1091.12
1090.06
1090.59
1091.12
1091.20
1090.15
1090.53
1090.13
1089.64
1090.62
1087.60
1085.20
1080.05
1078.69
1077.43
1074.05
1073.07
1073.48
1073.62
1068.16
1066.15
1065.26
1067.58
1073.50
1079.30
1080.31
1080.47
1082.34
1083.91
1091.71
1093.65
1093.91
1102.00
1106.67
1111.70
1112.75
1113.62
1115.41
1115.40
1116.38
1116.20
1117.45
1113.91
1104.17
1103.67
1101.58
1101.38
1096.49
1091.76
1088.68
1088.56
1088.03
1087.03
1086.06
1086.56
1086.77
1087.29
1087.24
1087.58
1086.18
1084.67
1085.35
1082.34
1081.07
1079.61
1079.03
1075.90
1074.30
1073.00
1067.86
1066.25
1065.53
1062.26
1060.36
1056.69
1052.93
1045.16
1041.22
1038.05
1035.46
1032.89
1030.41
1027.42
1027.04
1023.26
1023.06
1022.09
1022.44
1021.12
1021.62
1020.56
1018.51
1013.75
1013.11
1012.21
1010.53
