2106.10
2148.43
2171.73
2181.37
2177.11
2205.26
2231.80
2240.13
2257.07
2285.50
2289.89
2318.29
2334.96
2350.22
2394.59
2394.34
2360.87
2390.16
2451.61
2378.84
2453.56
2486.14
2514.56
2515.31
2535.16
2580.23
2557.97
2559.39
2588.99
2601.18
2614.83
2630.88
2642.18
2667.11
2677.67
2681.68
2698.04
2716.98
2734.56
2767.29
2787.30
2801.70
2799.42
2822.94
2833.57
2875.49
2883.39
2881.67
2903.77
2925.62
2937.83
2956.73
2968.56
2942.83
2982.81
3010.81
3034.99
3031.86
3057.92
3066.11
3028.78
3038.80
3055.25
3076.74
3089.92
3106.77
3116.11
3111.26
3193.16
3208.42
3219.13
3230.71
3274.83
3282.82
3313.37
3319.78
3325.33
3324.47
3324.00
3325.59
3326.76
3327.93
3330.83
3332.48
3335.65
3336.71
3338.44
3339.00
3340.10
3340.14
3340.59
3341.58
3341.27
3341.67
3341.92
3343.00
3346.62
3349.63
3352.18
3355.76
3358.28
3361.29
3364.73
3380.73
3364.18
3357.45
3358.08
3358.15
3358.61
3358.90
3359.40
3357.01
3357.00
3358.72
3372.73
3385.13
3394.75
3413.61
3437.26
3423.36
3429.85
3432.33
3436.10
3446.82
3450.38
3456.62
3461.00
3465.02
3466.85
3466.54
3468.12
3470.23
3471.37
3473.67
3471.19
3471.70
3471.66
3469.61
3467.57
3464.93
3464.71
3459.63
3459.04
3459.04
3459.92
3458.92
3458.83
3457.18
3453.75
3449.57
3445.00
3443.52
3445.56
3442.13
3441.24
3438.74
3435.69
3429.29
3418.41
3410.74
3409.74
3409.48
3407.94
3406.70
3406.06
3402.38
3397.78
3394.86
3394.81
3394.88
3396.43
3400.06
3401.48
3405.68
3407.83
3408.34
3409.78
3412.95
3414.65
3418.88
3419.16
3420.04
3418.37
3416.06
3414.07
3414.83
3413.53
3409.92
3402.56
3383.69
3320.18
3358.62
3361.08
3302.82
3314.45
3341.27
3333.84
3323.20
3302.70
3282.15
3270.68
3258.24
3253.17
3247.98
3247.84
3196.95
3191.68
3238.22
3232.41
3218.84
3209.83
3199.56
3192.54
3184.25
3140.82
3129.57
3127.48
3121.88
3145.57
3107.92
3134.43
3111.84
3107.01
3062.70
3071.22
3039.20
3026.61
2969.54
3006.94
3004.35
3001.67
2981.11
2975.60
2924.39
2907.04
2884.92
2874.82
2818.15
2811.22
2837.10
2829.77
2806.44
2786.85
2755.58
2734.72
2714.41
2693.89
2675.53
2663.74
2653.11
2632.45
2603.32
2581.85
2558.67
2550.83
2560.18
2524.12
2518.81
2496.57
2485.72
2467.16
2457.86
2432.31
2421.05
2417.16
2378.48
2406.98
2405.04
2401.34
2396.58
2395.28
2396.17
2400.21
2401.72
2403.20
2410.13
2410.62
2414.02
2418.59
2423.19
2427.85
2430.38
2469.94
2444.24
2452.28
2456.08
2462.34
2464.89
2465.07
2462.79
2487.84
2488.76
2486.26
2469.24
2495.78
2539.60
2527.88
2556.16
2566.67
2578.35
2590.36
2600.06
2614.25
2615.65
2661.88
2686.09
2707.19
2639.56
2760.79
2760.17
2784.74
2792.59
2802.38
2826.05
2847.85
2853.63
2877.83
2890.72
2900.74
2914.43
2945.12
2932.32
2941.61
2962.36
2970.50
2983.17
2982.39
2981.31
2997.73
3002.93
3004.40
3012.94
3022.38
3026.89
3032.38
3038.69
3038.38
3036.19
3037.56
3031.32
3030.62
3027.61
3023.96
3007.97
2981.16
2981.34
2985.22
2991.85
2968.35
2947.08
2919.57
2918.69
2913.34
2841.13
2802.86
2833.03
2817.52
2809.64
2786.02
2755.72
2703.61
2698.84
2663.85
2637.79
2605.68
2573.46
2559.37
2532.10
2508.41
2485.27
2440.25
2416.66
2412.41
2394.48
2370.92
2352.72
2336.83
2310.16
2290.93
2265.79
2223.72
2196.31
2214.62
2198.84
2182.56
2162.27
2136.92
2105.91
2090.87
2078.90
2040.53
2007.32
1967.46
1947.25
1924.64
1894.98
1866.18
1839.25
1825.46
1807.65
1774.56
1758.38
1731.48
1697.77
1677.32
1652.43
1633.70
1609.53
1586.26
1583.82
1553.03
1540.98
1521.05
1500.21
1488.07
1458.55
1435.44
1416.67
1399.40
1371.97
1342.45
1338.80
1316.45
1288.78
1259.76
1235.90
1233.17
1218.43
1207.91
1220.96
1172.99
1159.49
1150.40
1135.42
1114.19
1095.63
1075.45
1061.76
1053.31
1037.27
1027.11
1020.44
1010.75
997.66
987.74
978.78
974.40
962.53
956.55
945.68
927.13
906.83
900.19
893.84
888.77
881.33
865.41
844.43
841.15
827.12
816.46
838.65
804.47
794.87
791.47
782.07
778.20
775.68
773.53
773.19
771.79
771.02
769.37
845.06
765.55
916.25
762.94
850.23
761.14
760.97
762.37
764.37
753.80
749.12
749.41
743.00
740.79
731.83
724.85
720.75
710.86
708.00
704.39
702.29
699.27
690.09
685.03
679.65
678.20
677.17
676.45
675.90
671.92
664.98
656.19
653.23
653.31
649.75
648.16
645.75
641.58
637.93
621.87
609.75
608.66
608.26
603.83
600.06
590.25
589.56
585.97
583.93
582.93
581.19
581.64
580.71
582.95
586.87
587.92
592.46
594.76
600.62
605.84
629.09
660.53
669.77
675.24
683.07
684.52
685.38
692.96
689.68
697.38
701.40
698.92
698.06
701.08
701.21
699.82
698.19
699.19
703.30
710.49
713.31
715.57
720.61
727.79
734.64
743.09
752.51
772.14
781.55
787.06
798.91
803.88
810.00
823.55
826.15
829.11
834.10
850.69
848.20
843.14
848.16
850.20
848.44
847.80
845.36
849.25
854.62
862.38
903.71
914.30
915.51
915.06
912.53
907.44
900.65
888.05
897.47
895.30
887.56
885.07
881.04
880.80
877.88
878.88
870.70
869.12
867.73
866.95
863.70
854.41
854.55
844.23
844.44
842.11
842.65
847.70
846.90
835.35
816.53
807.56
797.44
791.51
788.00
779.28
788.44
777.70
756.23
751.20
713.90
703.15
696.33
690.89
673.88
652.80
645.41
630.34
625.26
621.91
620.11
612.31
610.07
608.97
603.38
595.92
591.69
588.50
580.15
573.53
560.97
547.05
537.93
534.04
524.48
522.94
544.23
506.75
476.00
475.21
474.95
455.55
461.78
453.81
450.48
449.93
449.91
448.18
448.33
447.58
447.69
446.00
437.03
439.08
438.58
436.45
433.14
427.46
422.60
418.45
416.86
411.89
408.93
407.80
406.82
404.43
401.58
400.07
399.10
397.97
398.41
396.97
396.30
395.07
395.59
395.92
395.76
398.36
399.86
401.22
401.84
402.89
404.53
406.47
410.39
416.46
418.17
420.00
423.34
437.16
428.03
427.97
436.21
440.63
446.68
480.76
488.29
502.01
515.36
526.69
534.00
541.50
549.45
552.56
554.68
543.44
545.49
554.88
557.63
559.33
567.96
577.67
584.58
596.63
599.22
602.68
611.47
627.19
632.74
638.24
648.82
653.46
663.36
670.86
674.08
691.11
705.07
708.40
712.76
721.17
728.41
729.14
733.18
736.12
739.15
743.11
749.21
749.40
747.75
738.90
736.36
734.03
734.47
732.68
732.06
733.19
731.89
713.66
704.03
696.76
690.33
690.13
684.06
680.69
689.68
669.29
657.71
646.34
629.21
615.60
607.80
593.75
599.26
597.79
593.96
583.54
572.68
569.74
556.95
541.40
529.40
527.48
524.67
522.30
519.56
517.00
505.71
501.58
497.70
485.51
475.12
467.16
460.03
451.34
444.04
441.18
436.07
430.42
423.01
419.03
408.50
403.50
397.32
393.69
389.86
388.88
387.44
385.66
382.94
382.42
381.90
381.92
380.10
378.07
374.45
362.02
353.46
348.53
346.65
344.85
343.96
343.53
340.57
339.97
338.30
337.78
337.04
337.57
339.44
340.75
342.71
344.38
344.95
349.58
359.25
369.15
363.69
377.43
386.92
391.77
387.43
396.20
426.56
428.51
432.89
434.80
436.21
441.50
440.89
447.88
452.76
455.56
456.89
458.16
458.16
458.71
459.23
458.67
455.50
453.52
453.46
450.31
452.03
451.96
451.00
449.98
449.98
449.98
458.53
459.70
465.56
466.96
471.12
480.40
493.48
487.72
492.21
494.77
495.86
497.39
496.45
496.81
496.89
497.39
499.25
500.95
506.81
508.36
510.86
511.87
513.16
514.28
517.23
527.17
535.84
541.80
543.67
546.11
545.35
547.52
551.52
555.71
560.48
558.46
560.86
568.06
571.98
572.57
573.50
574.45
584.12
639.62
655.21
666.94
677.61
699.76
704.94
704.14
704.39
707.03
710.16
712.21
714.93
715.89
720.61
724.06
724.76
725.92
725.33
727.51
725.88
725.67
726.37
723.98
713.43
715.10
711.92
717.67
701.53
681.54
691.35
653.26
646.55
632.81
626.38
603.09
587.32
579.43
581.51
571.44
561.74
556.88
537.74
559.80
532.06
517.00
505.45
498.20
491.65
483.87
456.04
450.13
436.74
433.30
427.02
425.03
425.51
424.19
420.95
417.06
411.38
406.96
405.55
405.00
403.71
403.16
402.87
402.37
400.72
399.74
399.59
398.83
395.00
392.57
391.98
391.07
393.15
392.48
394.46
395.46
396.13
396.33
396.04
398.95
404.91
412.11
418.58
434.29
455.52
457.00
456.02
478.64
489.00
489.28
492.19
498.86
505.08
506.48
508.06
509.03
509.31
510.79
510.57
508.76
509.14
508.97
506.27
503.67
500.50
499.43
498.98
501.98
508.00
503.62
502.28
503.29
503.43
503.55
506.61
517.12
585.94
600.34
615.86
618.85
632.01
642.31
648.47
657.67
670.10
686.23
691.64
694.74
698.29
702.08
702.95
704.24
703.34
696.43
681.55
670.83
651.11
671.48
677.97
676.66
690.22
690.70
697.47
702.99
708.55
733.76
740.02
767.81
771.27
777.18
781.97
790.27
795.56
801.08
771.55
772.43
800.83
798.70
794.70
794.35
784.21
762.85
753.91
751.82
750.82
751.68
749.09
746.80
746.61
744.06
741.26
741.89
740.69
740.20
740.21
744.60
752.08
752.48
753.00
755.19
754.71
753.58
753.39
755.50
756.72
756.20
757.08
758.61
756.83
756.85
754.97
754.12
750.03
743.47
742.56
750.81
749.62
739.54
749.53
730.58
699.26
678.14
671.94
668.23
659.04
644.94
644.26
639.59
639.19
629.71
647.27
580.83
571.54
545.99
526.48
485.66
466.72
465.22
451.73
447.84
437.12
434.71
431.86
427.78
424.29
413.44
406.06
404.64
404.79
403.73
404.72
409.98
411.55
414.22
414.77
415.05
416.96
421.52
432.37
444.50
461.80
482.46
484.06
484.11
483.83
485.80
485.60
487.75
486.19
484.43
485.50
486.29
485.44
485.17
486.55
483.60
480.04
477.24
474.59
470.83
469.56
471.09
469.35
470.59
472.55
470.96
471.86
472.39
472.35
472.92
472.62
473.33
473.45
473.21
470.62
469.96
468.27
467.58
467.28
466.14
465.76
464.88
461.28
459.16
458.36
457.47
456.44
453.70
449.74
440.54
435.32
435.47
434.44
433.80
432.62
432.71
431.79
432.04
432.15
432.23
435.47
443.45
452.83
461.47
461.90
463.96
467.97
469.59
470.79
477.36
481.98
490.65
493.28
495.85
496.42
497.58
502.30
503.58
504.43
505.40
506.96
507.37
509.85
516.24
522.73
528.36
535.61
535.56
534.57
538.91
542.02
543.80
549.56
555.79
613.30
633.41
646.07
663.72
681.69
687.47
694.73
707.12
718.68
730.95
739.18
750.80
761.03
775.05
784.18
787.78
792.82
795.32
794.20
794.75
793.92
793.32
790.88
780.66
777.51
768.15
764.86
764.46
762.52
756.07
748.44
737.12
726.88
717.56
712.29
707.25
703.46
699.14
696.67
686.71
678.42
663.08
652.60
638.17
634.43
625.91
635.18
624.60
600.80
590.84
578.29
554.54
530.36
513.75
512.04
509.23
498.45
487.98
464.68
433.53
388.50
386.30
385.77
384.43
384.43
385.00
384.74
382.70
379.14
374.86
375.69
375.17
373.92
372.57
364.28
359.91
355.05
352.53
351.59
351.18
350.36
350.42
350.83
350.30
349.24
351.24
350.86
356.23
362.36
372.59
375.56
377.81
380.00
380.49
381.45
382.39
382.23
381.52
382.97
382.35
382.00
380.46
381.45
381.45
381.73
386.46
389.48
390.31
392.68
398.25
402.97
413.31
418.10
418.88
418.81
425.48
431.12
439.20
439.55
442.07
442.33
443.29
443.31
443.92
446.40
450.44
459.71
466.19
479.04
485.32
493.20
493.56
505.33
517.94
535.69
550.22
568.99
576.51
582.75
606.14
622.13
630.56
636.13
645.71
648.78
655.15
661.23
665.09
679.14
695.78
700.54
710.51
720.38
733.95
747.30
751.32
762.58
775.66
787.07
803.99
833.34
851.77
873.72
891.12
908.48
921.70
940.94
952.51
959.50
980.42
1006.94
1034.75
1052.21
1085.16
1099.31
1109.30
1131.44
1154.76
1170.71
1188.62
1209.29
1228.48
1271.07
1301.64
1338.96
1354.76
1372.53
1395.65
1424.72
1456.51
1486.76
1521.51
1538.51
1565.57
1605.11
1634.81
1668.49
1713.30
1760.18
1789.46
1817.10
1863.07
1883.37
1910.54
1947.48
1994.84
2022.45
2052.05
2058.46
2088.40
2115.30
2137.83
2172.81
2213.84
2245.45
2270.00
2287.68
2313.26
2338.52
2360.20
2402.19
2441.12
2469.22
2508.21
2594.13
2618.92
2615.96
2625.71
2626.72
2628.92
2636.98
2629.46
2646.23
2648.82
2651.71
2651.56
2653.68
2654.20
2650.28
2647.42
2641.45
2637.59
2631.06
2612.49
2600.60
2627.57
2599.86
2607.59
2531.01
2513.00
2493.84
2474.40
2437.08
2419.05
2404.55
2368.07
2339.65
2312.79
2278.20
2247.74
2224.21
2197.54
2165.34
2143.11
2113.23
2070.93
2048.20
2020.56
1981.12
1925.39
1941.96
1922.73
1882.37
1868.45
1832.08
1814.94
1812.29
1789.83
1776.00
1759.21
1746.34
1706.15
1557.85
1506.10
1503.95
1515.02
1513.91
1535.71
1525.13
1554.97
1562.58
1570.67
1551.15
1571.85
1578.29
1571.24
1590.31
1554.95
1590.17
1556.31
1556.33
1555.45
1559.50
1559.09
1555.11
1549.92
1557.63
1558.13
1550.67
1543.82
1533.51
1524.03
1512.42
1500.73
1493.56
1481.29
1471.14
1467.50
1507.60
1434.24
1429.75
1414.38
1390.66
1381.42
1378.53
1364.25
1349.05
1339.60
1324.19
1305.14
1288.82
1272.81
1249.39
1240.22
1219.19
1176.19
1154.42
1148.63
1162.65
1161.19
1158.06
1151.99
1139.50
1132.29
1118.40
1112.19
1110.58
1108.86
1108.57
1109.07
1109.32
1121.10
1129.24
1134.31
1142.90
1149.28
1151.51
1159.11
1158.96
1154.29
1182.71
1210.69
1232.59
1261.59
1271.52
1298.85
1277.60
1295.69
1288.88
1289.75
1302.51
1304.96
1310.60
1313.07
1313.37
1315.79
1314.58
1313.00
1308.30
1304.16
1297.85
1293.07
1298.47
1293.59
1286.29
1287.43
1282.44
1252.23
1239.15
1228.04
1198.27
1177.42
1160.88
1134.16
1110.12
1094.94
1066.37
1037.80
1022.46
1007.04
989.03
964.42
943.63
915.38
879.61
871.95
859.95
838.05
824.53
801.59
782.47
764.06
742.27
717.75
704.13
690.11
690.53
687.19
683.26
676.53
673.54
667.88
663.45
664.65
664.45
664.09
669.25
677.13
678.84
685.95
686.85
678.09
678.74
678.10
681.95
705.07
825.98
857.65
851.47
880.86
906.48
949.06
970.30
1026.04
1030.46
1056.54
1089.00
1113.78
1148.63
1182.11
1196.85
1235.50
1264.50
1279.10
1316.47
1347.23
1372.31
1409.08
1457.84
1462.17
1486.11
1531.93
1550.45
1608.78
1593.05
1638.20
1723.38
1771.62
1735.27
1742.44
1784.29
1796.38
1800.83
1803.96
1810.83
1837.82
1844.60
1846.60
1823.10
1862.19
1865.55
1874.35
1924.23
1929.21
1933.56
1958.88
1874.23
1871.63
1869.84
1860.16
1844.19
1831.21
1821.63
1816.90
1808.98
1799.45
1797.55
1791.98
1775.27
1748.06
1756.22
1720.98
1701.85
1696.35
1667.73
1656.66
1629.33
1646.56
1621.13
1600.54
1560.07
1570.88
1538.75
1534.83
1525.07
1517.95
1509.65
1509.55
1506.40
1484.87
1494.52
1483.41
1441.52
1457.10
1449.31
1419.71
1409.67
1415.70
1403.11
1403.56
1384.23
1371.16
1369.03
1371.39
1365.20
1353.37
1340.15
1326.36
1313.77
1298.51
1287.71
1282.00
1278.48
1293.21
1289.32
1259.48
1255.06
1278.21
1275.34
1226.97
1219.56
1208.88
1205.13
1192.51
1184.37
1177.68
1181.55
1178.48
1145.84
1111.73
1101.39
1088.22
1078.83
1068.92
1045.14
1030.30
1030.25
1026.87
1004.29
988.02
980.14
964.75
957.36
949.02
943.16
935.93
929.56
933.70
929.60
920.62
922.12
927.67
930.43
934.91
936.16
940.65
936.28
936.69
938.43
945.87
948.85
950.57
963.00
977.76
1055.10
1074.17
1061.65
1503.80
1960.62
1322.46
1224.12
1193.06
1195.77
1218.35
1262.37
1258.20
1279.07
1306.34
1328.85
1346.99
1374.44
1405.00
1418.40
1446.50
1471.23
1508.09
1517.20
1545.63
1569.76
1583.73
1584.01
1614.65
1654.37
1651.30
1657.50
1708.46
1678.09
1723.04
1735.87
1733.39
1739.37
1747.61
1754.45
1757.43
1765.88
1774.21
1787.55
1799.04
1803.55
1809.56
1811.06
1812.58
1813.36
1814.65
1814.84
1813.88
1810.22
1807.36
1805.03
1803.11
1799.72
1794.48
1784.58
1782.56
1780.63
1775.24
1764.63
1759.62
1751.08
1744.89
1727.25
1706.74
1691.48
1683.95
1663.09
1637.66
1601.73
1583.13
1575.55
1551.49
1531.98
1494.24
1476.69
1440.67
1400.20
1372.72
1338.35
1316.98
1301.33
1282.02
1241.67
1213.68
1178.28
1159.71
1133.89
1097.70
1075.77
1031.61
997.08
970.09
940.00
929.50
887.33
870.70
856.07
830.21
790.54
773.74
757.09
733.78
714.64
693.47
665.31
569.47
560.05
559.48
562.74
559.19
557.68
552.79
551.98
551.02
544.25
538.96
538.96
538.45
537.67
538.05
537.05
537.55
537.52
537.95
538.79
536.83
537.33
541.19
537.29
537.04
536.07
534.22
534.47
537.45
534.92
536.60
545.74
548.61
546.91
555.49
559.10
557.57
563.74
570.48
582.33
581.79
585.15
592.10
594.16
594.26
595.32
595.24
596.48
602.98
603.99
600.86
604.39
605.68
602.00
599.94
600.12
599.41
601.09
598.93
605.32
639.28
669.52
692.80
677.00
684.46
666.57
666.21
669.15
705.00
671.20
678.73
688.18
694.86
701.42
703.38
707.22
714.04
711.44
714.94
720.59
828.63
799.89
842.84
845.32
842.80
862.69
974.30
941.63
851.42
812.30
893.27
928.55
1053.83
957.35
953.48
965.85
1064.22
1091.08
1138.97
1028.96
1064.53
1065.36
1055.71
1072.52
1077.32
1101.73
1110.81
1135.17
1155.63
1160.34
1175.51
1192.77
1216.49
1231.35
1240.33
1268.99
1294.80
1308.38
1323.62
1333.53
1336.77
1343.43
1330.42
1332.99
1357.28
1368.25
1364.71
1363.58
1366.71
1365.23
1365.80
1365.02
1367.12
1365.87
1366.35
1373.06
1375.83
1373.64
1375.62
1379.78
1381.90
1382.44
1382.26
1387.36
1409.93
1474.15
1506.48
1471.98
1487.92
1515.41
1594.15
1597.89
1570.02
1630.26
1614.60
1643.07
1630.85
1667.91
1670.91
1712.78
1700.87
1725.63
1753.33
1776.31
1806.55
1799.65
1829.40
1860.93
1893.78
1917.38
1948.74
1958.16
2013.71
2011.02
2016.04
2029.23
2048.01
2051.45
2097.29
2087.56
2122.63
2128.77
2150.97
2153.10
2152.00
2153.11
2155.14
2108.97
2173.63
2167.64
2158.05
2156.74
2155.32
2155.29
2141.58
2139.53
2131.49
2126.07
2098.87
2077.89
2059.79
2017.99
2019.70
2008.60
1994.09
2002.36
1983.14
1956.27
1911.78
1893.38
1868.17
1847.51
1811.34
1796.21
1801.66
1781.61
1764.64
1745.32
1726.49
1697.15
1693.08
1686.73
1671.56
1659.97
1658.52
1647.82
1641.14
1632.19
1627.91
1627.42
1628.28
1629.33
1631.93
1637.87
1642.29
1645.81
1648.94
1652.72
1659.56
1663.64
1667.78
1680.60
1673.67
1683.88
1692.36
1710.93
1718.67
1782.93
1808.33
1832.06
1813.33
1873.84
1907.38
1920.73
1965.27
1976.67
2007.30
1999.39
2054.46
2054.84
2085.82
2112.28
2164.82
2172.38
2208.21
2263.74
2268.50
2281.63
2292.72
2344.90
2463.74
2463.71
2487.96
2514.30
2540.51
2556.23
2606.90
2634.74
2635.69
2665.99
2678.51
2681.05
2682.79
2686.91
2692.88
2721.70
2791.89
2837.86
2882.69
2884.53
2900.51
2917.93
2941.38
2955.86
2971.69
2993.27
3004.62
3024.73
3039.98
3050.45
3065.67
3073.27
3088.22
3100.67
3107.98
3123.07
3137.22
3143.71
3163.04
3175.00
3186.50
3215.62
3225.10
3240.43
3237.60
3257.22
3247.81
3260.87
3261.33
3270.23
3274.05
3276.17
3277.12
3278.23
3282.34
3287.49
3290.11
3292.43
3295.40
3296.04
3298.04
3300.85
3307.65
3313.55
3322.70
3330.21
3332.66
3333.69
3334.06
3334.33
3334.03
3332.97
3327.21
3328.93
3322.19
3319.89
3315.91
3316.46
3306.04
3299.82
3301.28
3280.91
3243.25
3230.48
3229.60
3220.39
3206.39
3193.69
3192.12
3189.46
3158.17
3150.53
3106.25
3079.18
3078.19
3018.42
3018.81
3001.98
2975.37
2957.45
2931.77
2896.46
2860.76
2834.31
2805.51
2756.63
2741.68
2719.38
2685.37
2639.78
2617.61
2587.41
2545.66
2530.94
2502.17
2462.04
2416.81
2397.67
2381.43
2333.00
2299.24
2275.97
2242.67
2169.93
2098.17
2104.50
2091.80
2099.45
2091.40
2102.86
2092.24
2085.14
2079.74
2075.71
2068.57
2068.07
2068.07
2069.74
2071.38
2073.93
2077.00
2086.38
2091.91
2092.11
2096.02
2097.83
2099.53
2097.84
2102.72
2107.62
2130.22
2164.18
2172.55
2162.78
2165.76
2196.19
2200.32
2205.07
2210.47
2221.14
2232.52
2255.98
2264.44
2279.60
2295.47
2327.33
2333.33
2350.98
2358.25
2360.87
2374.16
2380.92
2400.66
2412.09
2420.77
2425.79
2450.55
2452.53
2483.68
2465.26
2470.82
2480.57
2486.65
2496.49
2498.54
2509.92
2490.32
2506.35
2512.88
2520.20
2534.87
2545.64
2575.74
2624.85
2627.22
2640.64
2674.07
2669.02
2672.33
2674.95
2719.13
2745.61
2761.30
2786.70
2807.66
2818.58
2835.19
2861.39
2873.21
2885.33
2900.25
2908.60
2929.55
2954.72
2964.37
2978.18
3001.85
3010.33
3014.39
3038.26
3049.51
2966.54
3047.13
3080.60
3112.38
3120.35
3113.62
3156.51
3157.88
3184.73
3190.23
3198.77
3208.48
3217.33
3235.61
3272.94
3273.42
3270.40
3274.15
3271.27
3278.09
3283.92
3286.67
3292.88
3298.91
3301.14
3302.60
3302.60
3303.39
3303.83
3304.41
3304.71
3304.56
3315.00
3303.35
3302.21
3301.36
3299.42
3298.50
3302.27
3308.57
3313.92
3314.82
3313.43
3312.72
3313.17
3313.23
3300.43
3299.17
3300.62
3298.97
3297.48
3301.53
3297.66
3297.38
3287.83
3285.50
3284.93
3282.87
3281.38
3277.25
3271.87
3270.00
3268.11
3270.54
3265.78
3265.00
3264.94
3266.46
3235.50
3225.69
3215.73
3218.91
3178.24
3162.20
3154.61
3099.46
3081.63
3114.28
3069.53
3044.20
3018.92
2998.97
2974.22
2959.84
2938.45
2913.80
2860.52
2842.45
2797.64
2815.70
2805.69
2778.49
2754.58
2732.29
2733.10
2700.56
2702.26
2682.83
2684.97
2619.76
2607.35
2571.98
2553.28
2529.51
2499.13
2494.43
2473.99
2453.06
2431.93
2424.09
2345.03
2329.70
2282.18
2215.46
2167.74
2166.46
2136.71
2122.20
2119.52
2079.19
2046.94
2009.80
1977.09
1944.15
1908.38
1869.63
1864.32
1841.48
1799.55
1771.82
1737.61
1708.20
1680.03
1653.71
1632.53
1614.94
1600.13
1570.97
1521.24
1486.78
1482.10
1461.50
1419.51
1361.22
1344.72
1318.61
1298.81
1265.74
1258.63
1244.60
1225.87
1225.31
1199.46
1193.72
1170.77
1152.24
1685.40
1472.56
1195.83
1112.86
1203.90
1160.13
1084.53
1051.64
1038.22
1065.65
1033.46
1001.62
993.39
973.07
943.88
927.28
923.85
907.16
879.47
849.13
834.52
839.00
846.63
820.17
827.92
799.12
797.14
791.76
790.00
784.68
782.41
780.52
779.53
780.06
780.06
780.64
780.40
780.88
781.25
780.14
777.66
777.22
748.18
740.51
736.56
729.68
732.91
725.07
710.83
709.32
697.47
692.96
692.42
691.74
691.23
691.50
692.45
692.96
694.70
704.84
706.36
708.29
710.43
712.91
721.41
714.48
721.85
724.95
732.76
747.20
755.26
776.01
787.15
817.90
832.73
840.85
866.60
873.68
876.89
895.37
915.39
936.91
954.26
997.76
1024.73
1022.33
1054.97
1043.64
1050.11
1065.58
1089.45
1126.38
1127.90
1138.70
1185.69
1204.57
1235.18
1252.24
1235.86
1246.65
1260.74
1236.13
1253.69
1252.55
1255.88
1263.53
1263.56
1263.70
1264.10
1263.34
1259.52
1259.09
1260.57
1260.04
1259.29
1259.13
1252.88
1249.03
1249.47
1248.58
1246.25
1246.24
1243.87
1242.37
1237.40
1234.14
1230.38
1227.24
1224.15
1219.05
1218.98
1218.48
1217.20
1216.79
1215.85
1211.08
1207.92
1208.80
1208.19
1205.42
1201.40
1186.69
1196.71
1198.93
1197.31
1197.47
1196.54
1196.51
1196.91
1197.85
1198.71
1200.53
1205.66
1200.52
1200.56
1199.78
1206.31
1219.92
1188.45
1188.47
1187.82
1188.23
1188.21
1187.08
1179.76
1165.89
1164.42
1160.85
1162.00
1163.68
1173.35
1182.03
1185.73
1190.23
1189.68
1193.29
1194.03
1194.02
1194.02
1194.07
1195.24
1194.73
1193.58
1192.67
1191.43
1188.47
1184.17
1176.70
1173.98
1172.95
1172.53
1172.42
1173.78
1169.91
1162.88
1132.20
1132.24
1145.50
1109.07
1109.83
1084.37
1070.51
1046.85
1035.34
1024.33
1006.32
993.38
983.13
963.08
952.13
943.35
926.89
919.30
896.01
887.16
878.94
865.89
854.00
851.93
851.43
851.84
857.61
862.98
865.46
877.12
886.90
889.02
890.34
897.86
910.34
928.83
941.46
965.20
980.14
994.93
1009.36
1017.82
1037.52
1046.41
1048.56
1054.81
1068.37
1076.93
1095.12
1103.97
1120.36
1141.81
1141.97
1136.76
1135.82
1139.09
1141.00
1141.32
1113.58
1144.73
1142.11
1135.77
1129.10
1121.28
1119.52
1117.34
1117.71
1116.33
1105.85
1092.31
1081.42
1060.73
1040.86
1036.10
1030.65
1023.09
1027.50
1029.59
1001.26
979.12
940.41
887.88
877.88
862.36
844.32
817.38
779.78
768.16
751.42
747.23
723.10
692.00
691.41
665.97
657.10
632.01
622.93
621.36
612.79
599.44
588.91
581.84
575.10
562.44
557.93
556.42
554.41
551.10
549.64
550.39
550.92
554.85
559.13
562.17
564.12
564.75
568.06
572.71
577.44
584.04
592.72
597.91
600.49
606.66
604.57
611.90
616.12
620.62
622.92
628.77
630.67
631.48
632.70
601.93
642.82
647.65
654.29
676.88
694.10
708.50
718.81
722.94
730.80
748.69
761.63
787.66
818.79
848.81
856.99
866.61
873.73
909.49
983.24
952.69
992.07
1026.22
1050.81
1081.60
1104.53
1116.90
1128.52
1134.48
1160.38
1184.85
1191.71
1213.78
1222.28
1237.58
1271.34
1347.09
1392.25
1427.83
1515.16
1545.02
1567.70
1577.31
1595.04
1622.89
1648.57
1667.18
1688.05
1724.83
1746.35
1794.56
1810.73
1832.57
1868.45
1889.85
1907.04
1931.56
1946.76
1973.97
1995.58
2005.37
2014.86
2032.89
2040.39
2099.17
2118.05
2148.29
2157.12
2167.94
2172.83
2175.83
2183.34
2201.02
2201.07
2213.09
2215.21
2216.35
2217.12
2215.28
2208.06
2204.07
2197.44
2196.63
2190.15
2202.65
2204.05
2197.50
2199.73
2174.92
2106.48
2085.68
2064.46
2038.68
1983.14
1906.98
1867.79
1847.58
1823.57
1801.09
1780.69
1762.94
1756.16
1741.55
1718.07
1683.45
1663.51
1630.88
1615.93
1578.20
1589.34
1575.18
1549.18
1528.81
1519.69
1517.26
1512.38
1497.03
1497.22
1500.01
1489.34
1487.57
1483.15
1479.02
1477.28
1476.47
1477.20
1477.25
1479.93
1484.00
1488.96
1494.07
1498.77
1513.11
1527.03
1550.29
1566.17
1589.20
1607.08
1634.94
1648.76
1662.14
1683.53
1698.67
1707.12
1713.84
1727.20
1739.04
1782.93
1815.08
1825.22
1824.34
1844.99
1884.63
1895.01
1916.72
1957.72
1986.19
2010.80
2026.78
2042.61
2059.71
2079.98
2127.19
2157.18
2175.58
2204.80
2247.60
2289.30
2300.69
2301.96
2306.54
2313.04
2319.41
2358.63
2410.50
2437.69
2458.27
2470.87
2477.52
2480.42
2541.06
2582.32
2612.69
2632.52
2651.88
2718.28
2750.51
2766.43
2769.37
2734.55
2797.84
2821.52
2805.81
2799.43
2873.30
2886.23
2904.29
2918.15
2939.25
2957.43
2962.16
2973.58
2987.81
3005.18
3014.63
3018.74
3024.72
3041.37
3060.86
3069.98
3085.06
3086.76
3106.91
3103.71
3099.78
3107.14
3103.57
3104.12
3105.35
3104.58
3104.12
3103.04
3098.67
3093.03
3094.49
3093.16
3083.86
3078.33
3074.00
3072.90
3070.29
3065.25
3059.75
3054.94
3055.40
3057.44
3054.19
3056.71
3057.44
3054.86
3054.04
2987.83
2953.53
2939.12
2901.57
2884.68
2848.70
2823.42
2821.39
2782.12
2758.27
2738.82
2721.35
2694.64
2655.78
2613.36
2583.03
2554.29
2524.45
2501.76
2477.34
2460.03
2445.29
2431.06
2376.09
2345.21
2317.12
2297.05
2270.09
2270.72
2232.97
2228.62
2206.32
2177.11
2142.18
2119.99
2109.25
2077.51
2061.43
2053.07
2032.82
2014.78
2013.91
1999.13
1975.62
1964.79
1934.56
1939.13
1924.32
1910.09
1906.52
1900.44
1890.39
1883.07
1873.59
1823.58
1882.83
1938.57
1862.99
1815.25
1830.30
1793.12
1815.18
1792.67
1769.88
1732.29
1703.38
1694.75
1677.43
1659.09
1642.70
1660.83
1630.72
1597.15
1575.01
1549.68
1548.69
1516.54
1470.86
1458.39
1442.85
1438.33
1408.27
1391.72
1375.67
1351.57
1340.27
1306.85
1287.38
1291.40
1231.15
1169.27
1154.38
1114.88
1095.89
1107.00
1121.10
1112.13
1072.50
1077.47
1062.61
1061.81
1051.74
1040.48
1046.47
1044.73
1043.54
1043.50
1043.17
1038.24
1039.12
1037.00
1040.97
1042.61
1042.93
1046.14
1186.33
1049.62
1048.86
1052.63
1053.29
1055.00
1058.53
1059.24
1061.62
1128.08
1066.28
1068.73
1069.70
1069.84
1073.20
1075.89
1079.04
1079.44
1079.89
1080.00
1174.03
1176.70
1183.12
1221.60
1255.66
1198.65
1181.57
1189.62
1199.26
1197.68
1210.36
1237.96
1254.68
1261.16
1264.06
1262.22
1259.41
1293.84
1309.62
1318.92
1343.59
1358.00
1382.17
1403.72
1449.59
1445.60
1445.95
1451.38
1462.05
1465.22
1462.88
1461.36
1466.31
1471.91
1473.83
1473.63
1474.52
1474.22
1473.21
1469.64
1466.32
1464.59
1462.32
1459.24
1456.10
1451.83
1520.14
1449.42
1447.23
1444.95
1444.95
1447.22
1657.59
1452.16
1455.28
1453.66
1454.87
1454.84
1457.27
1458.96
1458.71
1459.42
1469.07
1564.75
1559.69
1645.69
1582.56
1716.00
1714.60
1714.00
1714.57
1715.15
1715.33
1711.00
1737.98
1745.04
1751.45
1761.42
1768.33
1782.49
1791.11
1796.25
1799.76
1828.75
1847.40
1865.10
1865.19
1882.00
1892.87
1901.20
1904.36
1908.20
1911.68
1953.05
1915.50
2014.12
1965.38
1971.96
1960.79
1907.04
1897.94
1886.53
1876.92
1843.59
1831.07
1799.15
1787.44
1771.98
1757.71
1730.51
1717.69
1713.22
1689.32
1653.66
1635.23
1585.39
1586.41
1557.90
1449.06
1427.74
1399.68
1359.34
1323.92
1290.86
1236.07
1123.02
1092.89
1088.20
1094.79
1076.35
1064.77
1076.47
1068.30
1065.40
1049.11
1067.07
1064.75
1062.31
1056.78
1056.60
1053.95
1037.89
1028.24
1027.25
1027.03
1027.42
1027.95
1032.18
1036.29
1039.61
1048.37
1050.66
1050.39
1058.06
1072.77
1093.10
1105.02
1122.37
1137.76
1146.53
1173.39
1177.63
1176.75
1190.89
1200.65
1219.58
1231.41
1228.38
1240.49
1258.17
1244.42
1246.65
1248.03
1255.13
1257.02
1262.14
1263.15
1264.45
1263.13
1262.90
1258.05
1257.53
1256.80
1254.58
1250.98
1242.22
1237.20
1236.95
1235.56
1229.50
1216.00
1217.02
1204.50
1142.86
1121.61
1106.27
1046.15
1035.82
1012.08
997.20
980.90
982.34
976.48
951.26
921.95
895.56
873.68
858.82
833.72
818.16
811.93
798.60
778.85
755.85
710.21
704.87
701.13
700.54
700.47
706.76
702.14
699.24
695.51
692.03
693.63
693.91
694.43
695.38
695.45
694.98
693.71
691.46
691.80
691.34
691.41
689.17
690.74
687.94
687.44
686.60
683.42
677.36
686.41
688.47
691.13
693.28
692.00
693.52
694.48
693.86
696.78
704.90
705.84
716.79
723.77
719.86
725.89
721.41
711.12
737.21
752.23
756.19
763.91
773.31
774.85
777.93
781.80
783.21
784.85
789.85
793.20
801.02
805.12
813.24
815.97
820.10
822.37
826.63
833.65
836.03
842.87
846.32
838.94
838.76
838.46
837.73
842.29
932.94
998.54
1069.61
1037.45
1047.10
1061.69
1062.97
1070.13
1107.68
1135.91
1154.73
1164.56
1207.07
1219.32
1263.31
1300.91
1313.54
1347.93
1380.28
1390.62
1434.87
1452.63
1496.88
1535.86
1571.40
1590.85
1583.63
1651.29
1605.09
1643.19
1679.27
1692.29
1739.18
1745.19
1765.83
1761.01
1781.87
1788.34
1843.03
1842.14
1923.19
1938.24
1959.13
1964.79
1985.98
2010.75
2047.51
2077.19
2086.90
2100.80
2113.24
2127.96
2176.24
2178.47
2204.15
2208.06
2232.49
2257.68
2272.59
2279.25
2296.35
2290.64
2317.41
2329.37
2339.17
2356.28
2371.19
2399.37
2422.81
2416.18
2464.01
2467.32
2478.74
2495.12
2487.45
2514.77
2511.77
2541.05
2526.52
2532.76
2535.82
2536.29
2537.50
2535.92
2531.70
2526.26
2523.24
2515.25
2512.17
2505.10
2503.84
2490.54
2479.45
2472.31
2419.18
2380.92
2378.38
2364.30
2317.72
2307.16
2219.96
2219.42
2214.00
2192.58
2187.23
2160.17
2142.52
2116.65
2073.17
2032.33
1996.19
1935.25
1899.47
1873.58
1856.82
1817.70
1794.04
1780.69
1756.00
1762.21
1603.42
1557.50
1468.13
1445.64
1445.56
1443.29
1422.69
1393.84
1384.56
1382.91
1370.36
1341.34
1342.89
1339.31
1299.85
1289.78
1275.14
1263.10
1223.59
1215.58
1207.25
1200.25
1197.09
1191.58
1187.32
1183.70
1184.13
1184.73
1186.57
1189.25
1191.22
1196.06
1198.68
1197.85
1199.84
1204.12
1207.48
1207.71
1210.54
1210.67
1215.19
1217.08
1218.42
1219.45
1218.18
1220.34
1221.74
1227.07
1230.65
1231.27
1232.20
1232.16
1230.80
1229.32
1227.96
1225.70
1224.59
1220.48
1214.38
1210.60
1214.19
1208.15
1194.88
1252.66
1116.43
1097.27
1092.14
1078.23
1075.20
1051.42
1023.50
989.50
975.34
968.06
927.28
907.27
915.53
892.75
893.58
865.34
826.46
794.28
806.11
766.21
747.54
732.24
723.95
712.68
724.50
716.21
679.65
648.28
623.47
618.98
620.22
609.93
608.12
607.43
600.83
597.70
592.73
589.22
588.75
589.49
598.82
604.46
608.04
611.04
611.53
617.94
618.72
611.33
634.26
635.76
647.13
649.12
649.37
640.92
658.55
664.28
666.41
666.27
672.77
670.90
666.47
682.36
725.02
746.40
754.69
760.69
778.84
806.21
821.12
825.94
837.03
852.57
862.54
875.88
888.79
905.75
922.66
933.94
966.00
993.62
1008.72
1019.53
1037.16
1042.58
1051.77
1064.63
1075.60
1142.76
1177.78
1206.87
1223.16
1285.40
1270.82
1296.38
1333.74
1384.38
1400.57
1413.31
1415.23
1417.08
1419.81
1426.87
1430.13
1430.59
1454.52
1463.07
1428.24
1495.88
1514.56
1528.14
1531.97
1541.84
1580.36
1565.43
1569.65
1552.52
1554.93
1561.23
1574.34
1584.30
1584.35
1582.33
1576.53
1566.02
1569.16
1556.22
1539.95
1537.90
1540.70
1544.60
1511.84
1491.65
1477.55
1344.91
1346.62
1343.86
1319.77
1314.13
1304.08
1302.08
1299.49
1290.45
1262.64
1248.53
1230.55
1205.95
1178.91
1154.38
1129.00
1120.95
1073.34
1081.90
999.41
969.32
949.63
927.46
914.83
881.37
849.40
832.92
789.33
773.62
752.63
731.93
732.23
707.10
691.09
657.17
647.88
620.78
611.40
605.11
597.08
593.75
585.12
573.17
550.93
554.39
541.38
519.82
516.16
550.31
512.26
502.04
500.61
494.10
484.66
480.31
478.46
469.47
466.13
464.77
463.09
461.25
458.11
454.50
450.14
449.26
446.86
449.50
449.50
450.00
450.96
452.38
453.92
458.31
465.72
473.98
477.09
477.09
480.30
481.64
482.86
486.05
485.52
490.70
494.43
495.76
496.67
498.05
498.52
499.04
499.90
500.36
500.42
501.20
500.25
500.48
507.70
516.67
602.29
606.48
663.65
649.68
666.39
714.96
685.67
708.55
743.23
732.50
753.13
767.35
785.66
844.69
890.09
925.28
895.63
939.38
965.01
933.67
948.90
996.04
988.27
1053.12
1053.33
1032.98
1106.48
1138.53
1129.07
1125.70
1141.28
1152.78
1173.80
1224.04
1208.38
1229.60
1253.98
1304.61
1313.21
1366.20
1339.93
1362.32
1426.25
1423.87
1421.70
1465.17
1473.47
1489.87
3477.00
1525.44
1544.94
1562.51
1571.33
1582.48
1584.19
1592.07
1616.90
1628.88
1684.96
1643.13
1686.31
1661.55
1689.36
1662.08
1661.88
1665.49
1681.09
1690.91
1698.10
1702.98
1726.80
1729.29
1749.20
1792.80
1758.93
1771.17
1781.92
1791.17
1806.90
1814.00
1841.18
1860.99
1877.93
1879.76
1876.68
1893.68
1898.77
1911.31
1917.77
1935.75
1993.82
2035.04
2087.37
2091.76
2293.80
2292.75
2259.38
2271.44
2305.15
2281.40
2283.63
2307.47
2317.65
2329.86
2335.91
2350.44
2354.26
2361.76
2390.82
2432.26
2451.53
2488.91
2528.57
2567.74
2593.36
2564.27
2580.32
2592.58
2601.09
2606.05
2617.64
2622.91
2627.93
2648.60
2624.26
2624.83
2622.65
2627.62
2625.67
 nan
2597.08
2617.93
2541.30
2515.71
2473.05
2284.00
2284.88
2285.00
2290.09
2285.36
2267.72
2243.87
2228.22
2207.25
2188.73
2176.52
2142.30
2255.17
2055.60
2023.39
2004.94
1971.64
1933.00
1874.26
1851.04
1836.69
1819.03
1797.38
1787.91
1752.04
1733.00
1721.73
1730.98
1678.27
1663.82
1655.49
1648.23
1701.02
1641.22
1632.76
1629.52
1624.36
1618.88
1645.48
1588.83
1579.04
1597.19
1560.63
1559.30
1556.86
1555.77
1552.92
1546.27
1544.41
1497.40
1487.77
1520.16
1513.86
1503.64
1499.53
1489.75
1501.68
1454.89
1445.37
1452.91
1474.79
1412.63
1396.22
1380.12
1369.68
1386.68
1360.69
1322.42
1308.80
1296.78
1271.95
1259.50
1214.42
1195.96
1159.25
1146.59
1151.31
1138.44
1137.28
1135.21
1138.77
1131.46
1124.38
1118.97
1115.50
1112.85
1108.94
1109.00
1110.80
1109.93
1110.78
1111.50
1113.07
1117.27
1121.24
1121.83
1122.82
1124.17
1123.90
1126.71
1128.22
1130.04
1132.84
1135.89
1141.31
1136.22
1138.77
1149.41
1168.10
1184.57
1195.57
1224.85
1228.06
1237.81
1238.84
1244.42
1249.47
1250.74
1249.25
1257.12
1270.66
1278.81
1286.20
1295.80
1303.70
1319.41
1338.40
1388.02
1413.15
1436.66
1440.25
1461.37
1483.56
1523.12
1529.79
1553.16
1544.33
1589.18
1614.19
1617.04
1711.74
1702.88
1720.01
1826.38
1808.52
1841.25
1808.17
1846.70
1910.42
1901.26
1917.61
1922.62
1951.11
1957.90
2007.80
2034.54
2041.45
2080.61
2112.41
2147.58
2178.76
2204.25
2231.70
2259.30
2289.22
2314.35
2347.03
2369.98
2394.06
2428.60
2455.84
2455.63
2488.78
2527.09
2536.79
2575.68
2591.84
2634.96
2624.23
2652.54
2676.54
2707.34
2736.50
2765.79
2774.08
2793.82
2831.56
2855.43
2886.93
2868.35
2883.25
2885.44
2934.97
2978.56
3000.66
3040.26
3047.16
3079.62
3069.66
3104.06
3128.85
3175.95
3147.49
3154.50
3159.73
3165.71
3192.33
3204.38
3213.48
3211.06
3214.33
3221.33
3226.98
3231.38
3236.13
3244.68
3247.16
3247.46
3248.71
3251.00
3255.64
3257.57
3257.09
3256.55
3256.98
3177.72
3257.03
3255.17
3251.95
3249.91
3256.58
3248.60
3250.86
3251.89
3250.60
3253.69
3255.58
3256.52
3258.09
3257.55
3257.26
3257.00
3252.14
3248.73
3243.68
3240.80
3239.95
3239.03
3234.73
3231.19
3226.90
3226.40
3223.08
3217.03
3221.89
3216.32
3190.00
3222.48
3225.68
3224.31
3159.32
3107.61
3056.09
3083.14
3071.43
3038.55
3025.37
3004.70
2982.50
2967.75
2944.58
2887.89
2846.32
2843.53
2822.42
2794.49
2782.10
2754.95
2738.40
2706.01
2672.90
2629.16
2609.25
2585.53
2556.85
2526.60
2490.15
2469.02
2457.28
2449.30
2415.11
2384.72
2337.43
2328.21
2318.89
2296.88
2226.50
2234.11
2191.52
2180.69
2173.12
2157.39
2106.52
2072.47
2068.57
2071.17
2049.11
2030.55
2028.38
2011.05
1970.77
1957.79
1961.76
1925.63
1936.20
1912.66
1906.89
1884.17
1886.23
1878.37
1841.49
1813.18
1798.28
1795.09
1775.68
1750.30
1741.05
1727.81
1703.43
1664.27
1636.23
1598.77
1581.11
1574.18
1550.00
1532.88
1518.27
1506.38
1474.78
1462.32
1435.93
1413.46
1394.56
1358.35
1341.04
1325.60
1302.23
1268.96
1248.06
1236.94
1211.79
1209.15
1183.22
1160.87
1147.23
1119.01
1090.41
1065.64
1046.83
1029.53
1002.66
1014.46
1003.65
991.93
973.25
947.54
911.66
891.37
870.81
854.11
859.07
861.11
858.82
847.00
833.85
829.47
813.00
797.58
786.51
786.57
785.37
785.11
768.71
766.42
755.22
749.77
736.61
756.15
718.85
717.10
716.79
715.87
700.96
698.83
697.15
698.09
698.48
698.74
699.82
702.41
706.64
708.62
709.80
709.68
711.38
716.30
716.65
720.00
721.11
732.33
735.58
783.63
811.02
792.37
767.60
838.44
815.58
845.27
855.76
839.14
863.46
867.36
879.20
886.59
929.97
945.52
934.59
944.52
934.23
973.44
991.79
1018.00
1044.01
1043.21
1026.52
1020.28
1031.17
1022.85
1041.54
1031.22
1018.52
1054.66
1057.79
1065.70
1074.07
1067.67
1093.75
1102.09
1118.34
1116.18
1116.30
1108.12
1116.24
1136.99
1123.32
1164.72
1165.06
1165.34
1165.35
1162.98
1153.39
1150.35
1144.14
1142.13
1125.49
1116.59
1110.88
1095.13
1091.49
1117.23
1051.21
1043.70
1035.49
1027.40
1016.07
985.55
985.27
963.19
956.08
952.01
975.44
986.39
920.59
880.31
851.77
896.52
884.76
873.24
851.80
848.67
837.53
833.39
830.82
824.51
822.35
814.06
802.50
771.38
756.68
730.49
721.83
734.02
718.09
712.69
701.59
708.99
700.34
681.87
686.30
680.44
671.58
669.45
667.56
666.98
666.85
666.79
669.25
669.98
671.15
670.98
671.42
671.42
670.60
671.45
671.45
670.86
671.00
669.60
668.02
667.10
667.50
663.94
671.48
669.33
672.95
674.49
685.46
691.27
695.04
700.63
705.85
700.81
710.67
710.40
717.52
735.61
740.76
751.59
755.18
761.50
784.60
785.94
785.08
789.44
796.12
800.17
810.57
815.68
817.22
824.87
836.64
840.91
837.29
834.05
835.25
833.52
835.20
839.13
848.09
849.09
853.08
858.18
859.78
860.83
862.74
864.03
866.00
868.54
870.54
873.23
876.63
881.29
885.02
886.67
887.13
888.02
890.78
896.62
892.03
892.53
892.53
892.03
891.94
890.32
886.90
882.68
878.67
869.51
866.46
859.94
864.00
857.44
838.08
859.84
842.92
797.91
769.80
747.74
747.40
736.32
730.92
780.12
702.76
716.50
676.04
650.07
636.60
636.55
641.20
640.13
636.75
629.55
628.48
623.98
621.00
617.91
616.03
615.82
615.71
613.44
609.36
608.15
593.12
606.91
610.27
618.46
620.52
627.66
633.39
636.87
638.79
645.05
646.77
658.48
650.07
665.15
666.58
668.09
666.58
667.00
666.84
666.32
667.33
678.69
682.90
686.07
685.50
688.44
687.47
698.05
702.04
703.64
704.91
702.55
701.26
696.30
693.25
689.22
688.13
687.42
686.62
686.23
686.58
686.90
687.94
689.48
689.53
695.83
697.50
703.84
707.92
710.26
713.33
709.08
727.00
742.04
747.03
766.35
795.31
801.43
808.31
814.45
815.83
818.88
820.90
821.00
821.51
821.75
819.04
818.42
817.00
814.54
811.93
810.32
811.44
809.70
807.30
799.63
809.28
812.58
818.34
823.04
828.18
828.47
832.21
830.53
821.01
817.71
820.13
816.83
816.37
814.08
815.38
815.65
816.60
810.47
794.53
794.54
793.57
792.61
787.16
784.10
774.33
771.67
744.13
737.21
728.62
723.31
717.92
706.25
693.53
682.92
672.23
663.25
660.88
655.98
653.26
642.49
616.68
593.27
586.36
552.38
566.24
577.66
565.65
557.69
560.56
543.16
533.86
525.26
522.68
520.78
520.31
519.94
515.16
514.12
512.48
511.00
510.82
511.19
512.08
512.60
511.13
509.56
510.06
514.04
516.58
522.12
523.57
528.47
536.70
537.29
543.45
547.40
549.93
557.38
583.18
592.66
593.12
603.11
605.41
614.28
621.40
628.81
631.23
650.31
655.02
662.13
673.97
676.12
681.32
688.34
699.33
710.15
714.41
719.61
720.86
726.17
741.81
748.35
764.41
770.53
771.53
772.55
774.40
775.41
778.61
791.00
796.58
801.96
811.45
817.59
824.81
826.97
827.79
882.65
850.00
869.33
876.67
883.84
891.64
900.89
901.88
904.69
908.22
909.64
916.43
926.48
930.65
937.68
938.43
939.63
941.38
941.27
946.25
974.00
1001.00
966.09
1014.11
1044.61
1052.94
1051.33
1054.88
1061.57
1075.20
1087.61
1111.00
1149.43
1160.47
1174.80
1186.89
1193.35
1210.64
1218.64
1239.16
1252.40
1269.18
1276.73
1296.64
1320.34
1330.08
1351.65
1362.74
1378.30
1383.57
1392.49
1438.88
1422.39
1438.78
1457.21
1475.60
1489.74
1497.61
1517.39
1530.85
1540.56
1565.55
1604.83
1622.58
1605.76
1610.69
1623.92
1648.93
1646.66
1642.47
1652.07
1654.59
1656.87
1657.63
1657.75
1661.34
1667.41
1664.25
1666.36
1663.85
1649.61
1640.74
1642.20
1642.05
1639.53
1634.97
1628.83
1628.95
1625.60
1620.48
1620.57
1620.12
1619.12
1621.40
1622.17
1623.46
1624.76
1623.55
1621.05
1620.69
1620.05
1613.48
1612.78
1603.55
1606.05
1602.68
1595.65
1591.50
1588.36
1586.05
1562.27
1550.19
1538.26
1533.03
1529.45
1527.86
1526.85
1519.08
1511.92
1499.95
1486.83
1482.21
1479.48
1476.44
1470.55
1468.24
1461.92
1457.15
1444.84
1437.87
1428.83
1423.38
1418.88
1414.44
1401.97
1399.96
1397.41
1390.98
1385.85
1384.94
1378.73
1376.82
1377.47
1372.43
1370.93
1369.89
1363.66
1362.55
1362.29
1360.57
1361.93
1365.22
1361.22
1356.03
1355.12
1353.63
1356.28
1359.20
1358.88
1361.89
1367.39
1374.08
1376.55
1380.82
1403.73
1399.93
1388.41
1392.86
1384.69
1393.57
1448.96
1465.88
1484.59
1515.96
1528.43
1539.36
1546.91
1565.80
1576.45
1584.86
1607.06
1610.71
1640.99
1653.95
1678.75
1692.05
1722.96
1743.83
1788.76
1901.38
1799.78
1798.15
1832.28
1822.10
1850.90
1877.50
1915.05
1947.40
1955.99
1968.03
2012.85
2047.31
2060.62
2060.63
2097.17
2121.78
2150.59
2172.16
2199.58
2228.63
2245.93
2267.93
2302.68
2308.41
2331.06
2337.06
2385.47
2396.83
2455.52
2502.04
2508.48
2521.46
2541.91
2559.67
2589.55
2609.88
2654.42
2679.62
2698.47
2732.75
2747.83
2758.99
2792.61
2819.29
2846.74
2861.74
2914.62
2928.22
2958.63
2991.60
3018.97
3001.38
3023.95
3039.68
3055.01
3075.26
3064.24
3100.65
3111.06
3127.37
3182.07
3198.21
3272.25
3274.69
3277.79
3278.79
3281.81
3284.28
3284.67
3287.00
3288.64
3301.30
3308.64
3310.81
3311.02
3312.17
3312.66
3313.04
3313.51
3313.36
3311.69
3312.98
3310.39
3311.43
3310.79
3311.03
3310.97
3309.53
3311.30
3312.64
3315.16
3315.73
3315.91
3316.67
3317.61
3318.54
3320.25
3319.58
3319.54
3318.58
3318.08
3317.26
3316.22
3312.16
3310.64
3310.87
3311.50
3311.58
3310.65
3308.69
3306.33
3265.50
3232.93
3198.90
3179.51
3147.57
3124.94
3128.04
3117.96
3084.91
3085.64
3073.85
3024.30
3003.05
3010.14
2987.30
2969.62
2929.28
2899.95
2888.06
2845.78
2815.30
2799.43
2782.73
2741.99
2714.07
2711.97
2682.95
2675.64
2650.75
2606.44
2589.75
2571.40
2542.66
2511.25
2486.14
2497.71
2484.14
2462.62
2434.64
2415.57
2409.96
2407.77
2386.72
2372.60
2373.17
2371.85
2365.24
2348.04
2344.49
2340.72
2354.35
2343.81
2346.15
2349.06
2346.47
2353.47
2373.34
2383.02
2406.93
2417.74
2411.33
2421.60
2408.46
2471.43
2483.47
2503.15
2515.63
2529.37
2550.14
2563.21
2552.88
2555.19
2575.05
2584.95
2590.20
2610.98
2616.44
2615.97
2617.98
2628.38
2634.97
2649.95
2659.00
2659.12
2664.97
2695.30
2709.57
2769.69
2806.42
2816.64
2854.50
2873.27
2890.08
2904.67
2922.64
2935.51
2954.78
2962.73
2978.27
2987.55
3004.55
3015.17
3030.01
3014.55
3051.56
3059.60
3074.18
3079.99
3046.84
3056.65
3034.59
3022.43
3120.98
3131.53
3135.31
3140.73
3150.25
3154.34
3169.38
3177.23
3189.43
3189.89
3194.42
3206.50
3211.94
3226.68
3234.70
3248.07
3263.32
3268.75
3271.03
3274.77
3278.73
3295.09
3308.70
3325.00
3330.87
3341.18
3364.49
3352.60
3353.02
3353.72
3306.10
3294.66
3260.76
3377.17
3378.60
3378.05
3378.05
3378.12
3376.61
3375.72
3375.65
3375.95
3376.96
3376.59
3377.58
3378.07
3379.27
3382.86
3384.54
3390.40
3392.40
3393.11
3393.20
3393.60
3394.05
3394.05
3392.00
3387.03
3385.29
3383.95
3382.89
3379.61
3379.71
3378.51
3375.88
3369.07
3369.39
3366.17
3365.26
3217.32
3365.26
3365.29
3363.75
3363.58
1988.85
2854.37
3114.25
3174.51
3399.21
3355.12
3353.68
3349.83
3344.06
3336.23
3331.61
3331.64
3332.90
3325.84
3324.11
3321.93
3316.11
3310.09
3311.10
3312.65
3310.86
3312.33
3313.04
3314.55
3315.05
3314.55
3314.09
3307.03
3304.23
3303.36
3299.12
3297.40
3300.21
3294.21
3288.85
3269.75
3269.70
3153.33
3214.04
3207.19
3203.32
3172.78
3181.45
3173.20
3155.96
3135.82
3122.66
3104.50
3063.99
3078.32
3065.46
3061.53
3034.38
3031.27
3005.98
3015.85
2955.96
2963.96
2936.04
2917.25
2887.68
2871.66
2846.24
2833.27
2811.51
2777.98
2745.02
2718.56
2674.53
2671.71
2649.98
2611.70
2598.57
2587.16
2560.42
2539.95
2500.44
2466.41
2439.50
2410.66
2398.51
2386.58
2376.96
2352.86
2334.70
2308.24
2284.92
2277.74
2251.91
2247.15
2214.88
2212.13
2196.20
2186.43
2162.94
2156.20
2146.60
2136.69
2128.67
2119.91
2100.44
2096.08
2084.90
2076.83
2074.90
2062.25
2053.21
2047.05
2039.28
2026.56
2017.59
1998.09
1993.72
1972.54
1967.76
1964.69
1962.48
1960.59
1958.50
1954.73
1951.05
1949.85
1945.74
1936.21
1922.53
1916.05
1913.58
1897.49
1884.00
1872.56
1867.17
1857.78
1852.25
1844.92
1837.96
1757.97
1722.46
1710.00
1692.98
1670.11
1595.59
1587.03
1583.25
1585.25
1583.32
1579.00
1556.45
1566.88
1547.88
1525.81
1508.55
1495.97
1487.53
1480.46
1460.71
1447.37
1433.72
1417.71
1387.82
1345.01
1339.61
1336.78
1316.72
1265.01
1246.60
1217.81
1219.17
1179.04
1207.08
1197.25
1195.58
1180.75
1177.09
1167.82
1164.11
1165.46
1165.41
1166.30
1167.11
1168.47
1170.91
1179.56
1181.26
1185.43
1186.42
1188.93
1192.25
1197.97
1202.81
1203.58
1209.20
1213.00
1226.50
1252.20
1265.79
1290.86
1297.57
1316.97
1336.00
1349.06
1365.18
1386.03
1405.05
1432.49
1446.12
1458.58
1464.15
1495.50
1494.33
1498.64
1525.86
1535.39
1556.53
1578.16
1578.48
1579.88
1596.55
1612.76
1623.54
1653.32
1649.60
1667.08
1750.22
1780.83
1830.08
1845.73
1852.06
1915.54
1925.65
1962.13
1946.00
1976.60
2024.42
2022.70
2055.04
2085.25
2122.51
2165.07
2174.92
2193.88
2222.13
2271.70
2266.96
2275.56
2277.56
2287.28
2295.00
2303.51
2232.79
2318.33
2320.22
2319.48
2318.92
2317.80
2275.14
2301.50
2299.17
2319.47
2285.21
2312.78
2307.65
2181.89
2146.45
2127.30
2074.46
2074.00
2077.63
2017.58
1990.04
1960.12
1908.58
1885.08
1856.82
1841.91
1798.30
1786.21
1752.32
1692.02
1648.23
1620.71
1585.00
1560.51
1547.34
1514.99
1478.96
1458.88
1428.17
1385.54
1304.36
1311.71
1368.55
1286.25
1255.30
1253.89
1247.00
1242.27
1237.26
1226.26
1217.10
1214.69
1207.08
1198.63
1182.72
1174.55
1187.36
1181.64
1189.00
1193.22
1194.75
1194.28
1193.97
1193.43
1198.94
1199.62
1194.74
1207.40
1245.90
1249.17
1243.73
1255.97
1258.74
1268.11
1300.89
1289.44
1339.73
1343.89
1348.80
1367.16
1403.65
1441.06
1424.04
1469.30
1477.90
1505.78
1532.83
1539.41
1564.17
1575.76
1635.75
1687.11
1690.11
1707.19
1722.44
1748.61
1770.44
1784.54
1805.34
1847.66
1884.58
1917.43
1922.12
1945.37
1953.36
1962.79
1970.93
1991.79
2008.18
2019.05
2031.53
2058.38
2196.83
2220.25
2228.38
2234.40
2244.39
2254.60
2269.64
2269.65
2339.41
2388.13
2392.72
2356.45
2410.58
2413.52
2416.05
2431.29
2376.82
2368.41
2355.67
2360.18
2440.65
2363.16
2432.79
2428.33
2426.64
2451.76
2445.91
2416.48
2402.08
2396.46
2392.24
2374.45
2333.99
2344.14
2330.39
2305.99
2263.51
2242.43
2196.91
2195.04
2161.66
2153.04
2145.99
2113.30
2063.48
2024.14
1981.12
1946.10
1900.12
1877.71
1862.17
1850.51
1818.43
1794.95
1767.21
1746.37
1724.32
1690.56
1683.48
1647.74
1573.80
1593.68
1576.12
1586.40
1569.50
1575.21
1545.11
1540.53
1521.14
1559.56
1558.43
1558.43
1558.94
1559.97
1560.88
1560.06
1560.43
1563.11
1566.56
1566.75
1656.77
1666.30
1683.08
1723.80
1675.60
1719.60
1741.81
1758.82
1751.52
1818.64
1863.52
1878.45
1901.58
2296.50
2132.86
2090.91
2091.04
2101.10
2107.78
2109.14
2130.71
2152.13
2158.83
2170.24
2182.44
2209.46
2236.21
2263.47
2288.55
2301.56
2318.31
2320.21
2322.87
2330.37
2340.30
2393.82
2448.21
2464.08
2490.03
2495.33
2510.43
2515.97
2523.24
2526.34
2531.88
2535.06
2536.33
2534.20
2530.52
2526.15
2518.84
2515.29
2508.85
2483.82
2472.97
2464.51
2435.42
2408.12
2390.51
2370.86
2342.56
2326.36
2298.92
2271.02
2255.13
2222.36
2191.32
2169.84
2163.00
2159.37
2136.07
2118.07
2101.61
2025.92
1959.96
1908.64
1858.85
1817.58
1778.77
1782.29
1779.81
1704.25
1683.71
1687.74
1678.26
1683.60
1695.65
1685.60
1683.96
1676.91
1673.61
1669.55
1669.00
1668.76
1668.45
1667.95
1668.22
1666.58
1668.54
1670.62
1671.71
1675.56
1677.92
1678.92
1679.46
1680.78
1681.27
1680.67
1684.45
1686.50
1687.83
1823.08
1833.09
1859.39
1880.31
1930.28
1943.18
1975.80
2055.45
2059.22
2061.14
2065.39
2077.44
2090.84
2123.98
2156.44
2169.28
2172.40
2197.11
2226.66
2262.03
2317.26
2329.51
2357.60
2378.42
2382.28
2407.82
2413.46
2427.14
2438.48
2459.99
2575.73
2598.89
2615.59
2606.05
2669.02
2695.10
2722.92
2756.33
2793.56
2784.00
2776.80
2801.07
2807.74
2808.90
2769.17
2766.53
2759.90
2762.84
2768.02
2824.67
2817.42
2816.11
2813.75
2816.98
2817.23
2818.06
2815.30
2781.42
2741.35
2675.86
2632.60
2596.25
2549.86
2502.35
2486.72
2476.34
2465.51
2442.04
2402.54
2364.43
2277.25
2236.28
2199.36
2198.90
2179.85
2109.00
2026.14
2001.40
1972.23
1938.40
1885.56
1859.36
1853.36
1855.24
1847.86
1846.66
1732.36
1671.82
1632.26
1594.31
1593.01
1579.15
1567.18
1546.33
1527.35
1513.48
1493.96
1470.48
1454.66
1437.88
1430.65
1428.89
1426.38
1418.28
1402.19
1401.49
1391.41
1384.77
1381.59
1376.95
1380.84
1380.72
1382.75
1386.94
1388.21
1393.05
1407.02
1418.89
1422.05
1423.46
1425.03
1430.42
1435.55
1436.41
1448.72
1466.93
1481.11
1492.34
1476.60
1501.77
1494.62
1526.62
1529.31
1547.86
1594.00
1589.04
1615.24
1672.71
1699.71
1711.07
1714.20
1716.71
1714.59
1713.47
1718.61
1718.61
1717.30
1716.59
1718.27
1720.50
1721.94
1721.61
1722.90
1728.04
1734.08
1732.07
1733.45
1733.97
1734.48
1735.41
1736.32
1736.28
1734.56
1733.61
1733.10
1728.41
1730.31
1727.38
1727.85
1728.54
1727.38
1724.68
1724.26
1719.28
1715.77
1716.80
1715.14
1713.29
1713.05
1714.40
1710.72
1713.06
1712.06
1710.00
1710.78
1710.80
1711.67
1713.92
1717.19
1725.58
1719.70
1717.15
1718.22
1721.52
1726.12
1722.25
1724.11
1727.46
1732.44
1751.07
1760.03
1768.15
1773.18
1768.47
1769.74
1777.75
1785.43
1796.38
1810.26
1814.55
1829.16
1843.91
1861.74
1876.71
1888.47
1891.51
1904.97
1922.00
1933.03
1951.22
1978.59
2041.32
2058.42
2062.62
2073.61
2089.93
2120.35
2139.14
2175.12
2197.54
2236.95
2249.59
2259.60
2284.46
2295.26
2323.54
2341.31
2348.98
2352.70
2367.44
2382.81
2389.12
2402.14
2273.22
2454.48
2527.87
2564.10
2606.71
2687.38
2704.87
2713.50
2713.03
2715.14
2717.62
2732.12
2740.39
2761.82
2796.26
2828.32
2853.82
2870.49
2900.72
2929.83
2942.04
2952.40
2968.68
2975.80
2997.10
3008.31
3025.93
3064.61
3075.89
3090.74
3100.62
3127.31
3128.46
3138.53
3141.43
3157.35
3160.25
3191.83
3198.32
3222.25
3238.21
3243.70
3225.54
3177.82
3157.48
3172.92
3157.03
3153.28
3151.44
3153.59
3156.53
3179.72
3196.51
3180.25
3284.58
3291.97
3302.10
3303.77
3303.69
3302.81
3297.27
3295.00
3292.41
3290.32
3287.79
3286.89
3284.54
3282.61
3276.72
3269.13
3268.80
3278.11
3266.65
3266.67
3266.16
3266.40
3266.17
3266.20
3265.23
3264.70
3264.96
3267.47
3268.97
3268.59
3268.64
3269.06
3269.14
3268.35
3268.73
3267.95
3267.40
3264.09
3263.88
3254.68
3258.49
3256.18
3247.78
3240.22
3233.73
3235.47
3220.74
3205.17
3184.15
3180.64
3154.38
3150.05
3138.14
3136.57
3110.31
3051.37
3082.90
3072.35
3065.41
3041.74
3007.57
2971.75
2966.00
2957.59
2933.07
2905.28
2876.74
2841.97
2818.35
2818.26
2786.56
2744.58
2715.53
2704.82
2665.85
2665.92
2634.72
2603.46
2555.67
2532.64
2524.76
2501.85
2479.99
2438.07
2403.31
2292.60
2266.54
2227.26
2205.29
2179.86
2188.41
2172.78
2154.00
2098.72
2081.02
1982.27
1938.81
1905.26
1889.59
1875.70
1862.62
1850.34
1836.08
1815.65
1794.75
1737.78
1684.22
1615.28
1601.62
1597.48
1595.72
1590.82
1578.37
1566.18
1552.94
1528.02
1494.74
1483.21
1467.01
1457.90
1453.51
1445.36
1431.11
1427.17
1424.07
1422.93
1423.92
1423.81
1424.96
1424.54
1425.50
1425.96
1431.45
1432.87
1432.74
1434.70
1436.58
1436.80
1436.95
1440.09
1446.88
1452.43
1460.42
1464.21
1475.37
1489.92
1506.07
1522.64
1521.06
1528.52
1530.67
1521.34
1515.57
1522.60
1528.17
1536.56
1538.06
1539.12
1539.00
1540.72
1540.89
1541.10
1540.59
1534.80
1534.81
1534.81
1533.72
1534.18
1535.03
1538.52
1537.88
1533.29
1531.06
1526.71
1526.35
1526.44
1526.64
1526.41
1522.96
1524.90
1520.06
1485.77
1458.22
1442.66
1437.99
1428.46
1411.37
1388.64
1380.92
1375.10
1370.42
1361.47
1351.20
1337.46
1322.37
1254.98
1204.62
1175.20
1164.09
1148.54
1116.70
1087.45
1091.00
1043.85
1013.43
991.41
967.15
959.94
930.47
920.74
912.13
906.80
896.42
867.59
857.92
842.58
834.96
832.83
822.36
809.71
798.40
789.77
778.38
773.55
752.09
763.46
757.98
753.99
747.84
737.98
735.85
733.05
733.92
736.35
738.79
727.51
726.02
741.37
751.07
759.96
788.20
808.33
815.48
835.57
853.91
878.60
899.39
911.11
932.57
927.44
950.87
955.59
956.82
989.68
999.91
1014.77
1007.19
1043.70
1046.01
1059.63
1076.70
1069.44
1093.17
1095.77
1135.04
1155.50
1211.56
1233.59
1247.60
1249.19
1256.79
1283.62
1269.06
1267.54
1276.60
1292.86
1298.09
1301.53
1308.62
1308.73
1316.23
1316.94
1316.70
1313.80
1312.12
1302.89
1299.85
1291.50
1291.58
1287.35
1290.27
1276.92
1255.84
1245.00
1216.24
1207.46
1214.42
1198.35
1184.53
1169.84
1154.83
1147.59
1150.37
1147.57
1148.78
1178.95
1143.56
1123.91
1117.79
1117.00
1094.85
1091.85
1085.54
1079.72
1077.31
1072.11
1066.59
1066.97
1066.97
1057.45
1051.06
1049.45
1049.85
1049.47
1054.81
1056.12
1059.35
1055.86
1057.88
1060.63
1068.91
1063.14
1069.22
1116.55
1133.49
1165.89
1167.74
1170.56
1174.31
1150.76
1161.36
1183.63
1205.11
1218.16
1233.42
1248.68
1261.16
1265.44
1295.28
1332.76
1348.30
1374.40
1401.01
1421.27
1452.32
1484.01
1497.43
1506.82
1522.75
1539.05
1558.39
1577.63
1599.54
1625.61
1646.21
1665.95
1680.80
1696.68
1707.62
1723.58
1713.86
1728.26
1750.36
1719.56
1792.91
1801.94
1821.13
1844.41
1865.14
1878.48
1907.57
1927.50
1916.56
1904.66
1933.61
1947.02
1958.45
1972.48
1992.19
2014.47
2029.02
2038.22
2023.64
2030.56
2039.51
2054.11
2048.73
2048.05
2056.03
2078.27
2048.48
2097.50
2112.14
2107.88
2114.64
2134.50
2137.70
2139.56
2153.31
2156.89
2162.33
2165.22
2169.97
2182.89
2191.01
2203.42
2220.23
2235.79
2245.10
2250.88
2258.70
2268.17
2276.25
2302.22
2312.32
2315.53
2317.78
2329.28
2334.55
2339.75
2351.33
2357.65
2374.84
2394.77
2414.91
2425.72
2437.03
2459.58
2455.16
2457.45
2461.93
2465.77
2468.88
2475.56
2478.60
2487.19
2486.09
2485.57
2484.40
2476.96
2474.79
2454.14
2442.61
2421.85
2393.69
2381.83
2377.84
2366.39
2342.01
2317.44
2295.27
2250.78
2213.56
2195.74
2186.38
2174.91
2144.81
2143.89
2115.69
2079.75
2054.27
2037.48
2032.97
2007.89
1988.21
1962.62
1954.92
1942.95
1926.94
1907.96
1862.61
1832.81
1832.22
1821.09
1788.74
1811.53
1816.92
1760.66
1779.60
1772.15
1767.20
1759.60
1755.41
1760.13
1761.45
1745.57
1720.28
1704.40
1670.91
1655.06
1640.72
1622.35
1618.38
1605.32
1619.42
1612.41
1610.37
1601.00
1589.14
1582.17
1570.33
1555.55
1546.94
1543.38
1543.86
1536.67
1534.88
1524.61
1511.73
1504.12
1495.49
1473.03
1440.37
1420.99
1398.98
1383.12
1376.77
1359.96
1331.24
1329.58
1275.67
1287.53
1257.65
1224.86
1233.18
1229.03
1230.08
1232.93
1238.27
1227.66
1219.59
1217.59
1211.77
1210.32
1210.81
1206.93
1201.78
1203.17
1201.74
1202.00
1201.95
1200.86
1201.47
1201.98
1209.26
1207.80
1209.11
1208.70
1207.82
1211.67
1219.69
1214.17
1241.88
1267.96
1285.20
1285.56
1295.70
1306.18
1319.40
1312.81
1318.90
1327.74
1333.64
1339.02
1341.45
1350.79
1360.33
1368.14
1376.59
1384.11
1394.08
1405.17
1405.33
1415.06
1417.88
1419.15
1449.04
1455.10
1462.43
1475.56
1483.62
1481.00
1483.79
1485.22
1490.25
1492.17
1493.74
1493.19
1493.62
1493.00
1492.81
1492.58
1490.66
1489.11
1485.55
1481.55
1473.02
1466.06
1465.30
1445.52
1435.96
1422.14
1416.90
1408.47
1409.30
1408.03
1406.06
1402.19
1400.17
1401.31
1400.73
1376.00
1367.00
1352.03
1344.15
1334.62
1317.19
1326.59
1322.64
1303.09
1293.73
1280.49
1261.40
1262.19
1213.40
1208.58
1218.31
1148.77
1152.59
1096.58
1090.32
1083.26
1059.16
1046.05
1020.69
990.96
964.53
958.41
925.24
902.84
888.52
864.55
843.80
831.14
814.68
793.81
776.25
753.70
736.05
731.04
728.30
725.99
724.91
720.35
719.02
712.05
708.81
707.91
709.50
710.85
713.93
720.49
725.88
725.75
731.07
740.92
746.92
758.32
759.40
757.38
767.09
773.26
780.35
782.93
796.51
798.66
811.98
823.22
827.92
830.10
835.43
884.90
853.66
947.73
922.45
966.00
1004.66
998.31
1003.73
989.77
1032.65
1050.41
1077.87
1095.30
1075.19
1118.73
1133.06
1169.41
1195.91
1230.03
1241.63
1244.83
1248.51
1261.16
1274.50
1282.96
1298.81
1354.12
1352.29
1358.88
1367.68
1342.86
1379.22
1381.23
1385.42
1385.48
1385.51
1386.90
1389.90
1359.22
1392.70
1395.00
1395.00
1396.03
1397.44
1398.60
1400.10
1401.57
1403.62
1403.62
1408.24
1410.07
1410.57
1411.36
1411.33
1409.54
1405.58
1400.96
1400.23
1399.93
1399.04
1398.87
1397.48
1398.48
1398.96
1342.78
1340.86
1405.09
1409.50
1415.85
1417.08
1422.07
1424.63
1426.38
1425.25
1428.55
1426.53
1454.22
1458.41
1471.66
1483.34
1500.86
1497.30
1499.12
1504.42
1512.16
1514.10
1512.00
1528.91
1537.38
1537.76
1539.53
1543.94
1546.52
1545.07
1560.34
1562.66
1575.97
1593.12
1616.54
1626.32
1633.80
1643.83
1644.65
1656.73
1661.80
1672.52
1681.49
1689.69
1698.56
1699.46
1739.94
1758.44
1779.90
1790.39
1786.86
1823.90
1824.35
1832.32
1852.17
1869.23
1876.27
1898.65
1906.00
1906.40
1901.45
1895.79
1889.67
1890.07
1888.87
1888.27
1872.71
1860.12
1848.37
1839.33
1808.08
1789.22
1775.98
1768.51
1716.81
1691.20
1670.54
1616.24
1609.52
1599.13
1592.58
1570.79
1570.65
1569.03
1559.94
1546.47
1417.61
1344.61
1324.28
1304.70
1281.85
1237.51
1218.58
1205.69
1183.28
1169.20
1138.39
1121.52
1103.37
1040.25
1010.89
1007.72
1015.82
1011.35
1004.23
991.64
985.69
980.22
978.91
975.05
975.05
975.43
974.33
971.85
974.68
974.89
975.83
976.74
981.75
987.40
988.97
989.94
989.58
990.24
989.97
993.12
995.24
1056.02
1090.85
1110.68
1127.04
1148.50
1170.92
1183.13
1194.42
1208.27
1222.20
1245.30
1271.81
1295.64
1307.70
1320.95
1352.18
1372.41
1378.48
1387.51
1405.76
1423.33
1428.63
1441.78
1453.71
1463.23
1478.76
1485.93
1491.79
1502.41
1507.24
1509.41
1509.77
1557.82
1514.91
1514.12
1509.18
1506.98
1499.37
1493.38
1490.48
1483.51
1471.79
1461.21
1447.52
1428.33
1416.40
1394.99
1381.77
1369.24
1357.92
1338.58
1326.45
1232.30
1220.06
1202.92
1193.75
1181.48
1163.95
1177.65
1191.16
1137.92
1122.13
1119.20
1117.93
1113.63
1104.79
1089.53
1079.78
1063.02
1054.75
1053.53
1029.59
1050.07
1029.27
1053.68
1038.93
1059.29
1058.27
1056.17
1058.39
1067.88
1067.46
1073.18
1150.33
1160.00
1180.03
1186.50
1186.46
1203.52
1219.05
1243.49
1268.57
1278.61
1298.81
1321.47
1323.32
1352.47
1363.06
1399.04
1453.02
1572.28
1567.86
1568.22
1581.23
1582.11
1601.47
1612.92
1615.93
1645.87
1703.57
1730.94
1741.31
1776.15
1804.60
1821.44
1833.38
1879.07
1907.06
1936.44
1999.24
2027.42
2052.04
2063.04
2102.66
2174.92
2204.11
2225.62
2254.10
2287.67
2276.52
2312.24
2333.17
2350.94
2372.05
2389.85
2416.40
2437.55
2453.76
2459.19
2462.09
2470.33
2500.45
2567.55
2575.60
2581.49
2626.98
2640.53
2668.08
2676.93
2708.45
2743.19
2762.69
2786.15
2804.62
2838.53
2941.73
2958.92
2959.81
2959.78
2959.72
2962.35
2973.88
2986.00
3000.84
3009.38
3018.54
3026.91
3040.54
3050.28
3062.00
3067.12
3081.29
3086.84
3088.19
3105.69
3123.92
3157.28
3167.56
3173.98
3175.56
3178.43
3196.60
3193.88
3200.04
3222.94
3212.64
3214.36
3215.12
2989.57
3210.57
3209.38
3205.00
3201.72
3198.40
3192.82
3181.39
3178.42
3175.11
3170.94
3164.97
3160.34
3156.79
3151.79
3142.45
3133.34
3098.67
3096.77
3086.02
3082.87
3077.00
3076.81
3072.32
3067.17
3051.45
3041.43
3013.77
3006.29
2998.88
2981.94
2970.98
2963.30
2950.70
2944.59
2948.03
2951.57
2929.00
2828.84
2732.34
2704.58
2684.46
2636.09
2608.10
2584.64
2544.15
2433.45
2432.04
2424.25
2418.41
2412.25
2403.28
2381.42
2348.52
2332.84
2328.45
2297.56
2297.88
2295.37
2291.76
2224.87
2242.94
2289.30
2288.22
2178.00
2145.74
2124.06
2055.52
2023.20
2007.58
2004.80
1987.00
1982.19
1969.27
1958.04
1934.65
1930.68
1915.05
1895.47
1877.41
1865.47
1849.55
1855.10
1857.17
1859.85
1857.33
1854.62
1852.84
1846.34
1841.30
1840.14
1840.12
1840.35
1848.45
1865.12
1878.39
1875.40
1862.62
1868.94
1890.84
1901.50
1918.01
1923.43
1929.28
1934.32
1948.46
1965.69
2001.67
2013.46
2016.56
2021.87
2020.77
2042.59
2048.50
2074.14
2080.21
2093.22
2100.44
2108.64
2134.29
2173.58
2187.95
2201.00
2191.97
2217.05
2227.02
2226.07
2237.99
2249.09
2263.28
2299.76
2313.98
2320.91
2333.19
2340.78
2360.50
2360.76
2359.82
2376.57
2390.74
2397.31
2413.83
2427.86
2434.88
2442.05
2454.96
2462.36
2473.37
2490.58
2498.65
2510.07
2528.16
2536.58
2539.81
2540.93
2548.38
2552.00
2558.56
2600.96
2620.89
2641.29
2663.94
2679.86
2710.90
2716.87
2723.92
2733.44
2731.44
2698.17
2714.14
2821.20
2831.75
2851.41
2878.99
2899.67
2912.82
2926.93
2957.49
2953.98
2958.60
2991.69
3033.67
3040.48
3043.34
3045.41
3053.60
3056.85
3061.70
3066.52
3089.17
3107.24
3116.49
3126.67
3140.72
3149.05
3163.78
3179.64
3181.20
3195.06
3205.16
3236.48
3246.36
3253.26
3257.70
3271.40
3273.13
3283.23
3290.27
3303.13
3310.68
3312.28
3313.17
3312.53
3312.31
3312.38
3306.37
3301.56
3296.86
3294.46
3291.97
3282.93
3280.82
3282.80
3276.92
3275.85
3274.79
3274.55
3274.74
3276.96
3279.58
3283.16
3285.05
3289.88
3295.07
3297.21
3295.27
3294.68
3290.22
3287.39
3282.98
3277.67
3271.42
3270.37
3261.94
3251.90
3247.96
3228.72
3214.69
3206.56
3200.89
3194.02
3183.29
3178.28
3174.59
3171.83
3166.53
3162.02
3158.30
3154.66
3138.07
3125.54
3121.18
3099.49
3083.49
3076.63
3081.03
3071.10
3035.66
3024.85
3038.54
3009.13
2954.45
2947.61
2930.18
2907.23
2913.45
2922.62
2902.68
2874.63
2858.67
2842.74
2809.60
2756.79
2756.86
2715.03
2686.05
2658.17
2650.78
2647.44
2635.43
2629.95
2590.45
2582.24
2563.97
2517.10
2482.20
2495.17
2488.04
2475.30
2461.32
2456.51
2427.18
2414.37
2398.28
2393.10
2382.57
2365.29
2353.45
2294.00
2280.27
2281.54
2267.38
2243.88
2229.93
2211.99
2176.83
2167.96
2160.82
2149.77
2141.88
2128.68
2115.10
2107.64
2103.35
2094.58
2064.06
2050.82
2033.14
2015.51
2008.12
2008.74
1991.08
1975.08
1967.03
1954.58
1935.50
1917.07
1927.00
1923.00
1915.57
1911.10
1912.35
1907.41
1901.57
1901.97
1894.77
1898.32
1901.65
1897.02
1898.37
1897.19
1893.50
1892.71
1896.15
1897.02
1897.20
1897.07
1896.83
1896.77
1896.72
1896.36
1898.28
1904.06
1908.32
1911.08
1911.76
1909.22
1905.20
1902.21
1899.79
1904.24
1901.20
1899.24
1899.73
1894.78
1893.11
1878.79
1872.04
1870.47
1860.40
1846.09
1834.78
1831.06
1823.89
1808.31
1785.71
1751.98
1754.35
1740.36
1715.54
1702.29
1681.88
1650.09
1630.57
1615.49
1602.09
1601.49
1594.39
1580.05
1568.35
1562.44
1562.12
1558.72
1545.71
1525.49
1513.80
1407.40
1378.33
1366.12
1349.48
1312.03
1278.30
1241.54
1229.10
1214.33
1193.67
1188.28
1195.47
1192.07
1169.83
1132.62
1124.36
1100.68
1094.17
1093.45
1093.47
1094.28
1069.50
1075.16
1075.02
1074.20
1072.43
1073.00
1071.22
1073.98
1075.82
1073.85
1076.76
1077.70
1088.21
1091.12
1092.85
1094.75
1092.44
1095.21
1095.86
1093.50
1097.75
1092.67
1109.30
1110.31
1112.07
1126.43
1129.53
1117.80
1116.36
1117.53
1166.00
1196.79
1225.30
1259.13
1275.56
1306.23
1320.01
1342.04
1386.92
1367.29
1381.05
1391.91
1416.54
1431.23
1450.06
1485.46
1519.64
1525.72
1534.08
1540.60
1555.19
1575.06
1639.38
1645.81
1649.30
1658.24
1659.64
1672.21
1682.68
1695.42
1701.02
1718.09
1740.70
1748.98
1755.11
1761.27
1784.82
1797.43
1815.90
1838.86
1855.22
1856.79
1865.84
1875.32
1891.24
1909.89
1918.38
1922.81
1929.76
1940.32
1957.09
1972.78
1990.93
2003.96
1994.00
1975.75
2004.30
2013.86
2055.32
2112.58
2118.38
2120.04
2132.31
2136.33
2135.04
2135.54
2137.97
2138.76
2141.69
2143.44
2144.19
2143.41
2140.39
2136.80
2135.83
2135.78
2133.29
2125.36
2111.09
2113.94
2105.85
2095.71
2073.95
2060.41
2049.03
2039.04
2034.85
2015.71
1981.60
1966.63
1906.49
1896.78
1881.54
1834.49
1811.14
1785.09
1784.95
1782.89
1776.83
1769.28
1758.82
1732.87
1718.95
1697.47
1698.90
1697.17
1697.20
1697.00
1471.58
1459.43
1437.42
1401.97
1388.53
1351.25
1343.52
1322.05
1318.41
1301.24
1294.99
1293.35
1272.34
1258.96
1244.27
1218.50
1204.00
1167.97
1157.72
1150.01
1138.03
1142.24
1151.96
1142.27
1137.96
1122.40
1114.75
1143.35
1108.08
1102.27
1096.79
1141.24
1094.38
1095.04
1091.12
1094.55
1094.07
1093.38
1097.76
1107.08
1114.59
1119.39
1120.66
1122.91
1123.96
1122.95
1124.25
1155.50
1170.79
1149.00
1213.86
1224.34
1264.66
1275.52
1264.19
1317.78
1325.56
1374.53
1405.90
1387.88
1441.84
1455.40
1473.48
1458.07
1494.37
1505.49
1545.11
1567.28
1575.45
1663.09
1669.10
1677.86
1699.74
1711.19
1727.61
1744.95
1753.07
1771.06
1787.69
1795.73
1822.92
1885.13
1942.01
1972.54
2011.39
2032.57
2049.52
2069.14
2106.00
2145.73
2180.91
2213.99
2234.42
2253.75
2268.02
2309.22
2342.22
2359.81
2395.40
2407.03
2416.43
2429.52
2462.60
2506.59
2529.65
2563.12
2591.33
2605.30
2611.83
2618.51
2629.98
2654.85
2666.02
2696.77
2718.65
2740.21
2757.05
2765.59
2775.99
2792.10
2804.97
2836.53
2817.90
2827.65
2835.99
2848.20
2855.87
2863.61
2863.00
2869.25
2731.95
2744.14
2869.63
2861.70
2859.71
2860.96
2854.84
2837.32
2855.50
2853.96
2852.95
2835.36
2747.70
2728.30
2702.58
2673.37
2657.39
2655.22
2632.14
2620.95
2579.34
2492.39
2487.59
2466.95
2462.74
2450.54
2453.43
2424.98
2404.63
2384.86
2356.58
2287.09
2235.78
2206.00
2169.44
2153.28
2118.99
2103.47
2090.16
2056.76
1999.87
1970.06
1930.42
1901.28
1867.23
1849.81
1833.88
1815.47
1796.39
1771.77
1708.63
1678.28
1664.22
1645.00
1640.89
1631.03
1629.49
1609.47
1620.02
1612.61
1591.51
1578.52
1559.00
1559.22
1558.42
1562.41
1564.44
1568.90
1570.89
1580.67
1583.54
1588.89
1594.56
1600.63
1602.49
1605.59
1613.12
1627.11
1639.40
1676.52
1688.07
1700.91
1712.21
1724.90
1747.01
1764.70
1782.05
1807.79
1838.97
1836.22
1843.18
1875.22
1884.49
1932.79
1943.32
1953.71
1956.54
1967.41
1978.92
1984.83
1984.55
1992.87
1985.66
2022.49
2039.53
2040.58
2052.95
2048.64
2052.87
2059.08
2064.59
2077.80
2083.82
2091.45
2104.42
2105.06
2105.79
2103.04
2101.88
2110.91
2127.18
2125.46
2124.05
2117.89
2119.00
2115.53
2110.12
2112.95
2108.61
2115.08
2105.74
2084.23
2088.50
2103.85
2102.64
2103.42
2105.18
2057.93
2107.14
2110.20
2110.75
2115.57
2121.10
2127.39
2130.06
2129.64
2132.22
2142.39
2149.36
2156.59
2163.60
2168.28
2178.69
2197.16
2202.53
2222.02
2243.78
2247.45
2259.70
2280.69
2297.64
2329.75
2335.72
2336.75
2349.95
2363.80
2385.25
2392.17
2420.83
2464.92
2476.18
2504.41
2535.99
2561.27
2568.96
2503.95
2588.68
2609.16
2619.64
2636.55
2656.41
2674.75
2684.50
2733.41
2710.07
2717.22
2723.09
2729.13
2743.59
2786.78
2795.11
2798.45
2814.72
2824.10
2842.87
2842.80
2850.68
2874.89
2868.77
2876.27
2880.00
2881.02
2886.04
2894.67
2896.12
2898.53
2899.97
2908.25
2911.76
2911.66
2857.79
2916.13
2915.40
2914.00
2916.96
2919.49
2929.37
2958.88
2973.27
2963.23
3009.27
3019.77
3021.43
3023.58
3028.12
3032.40
3040.08
3045.91
3059.00
3066.14
3068.95
3081.93
3088.53
3098.01
3112.68
3120.38
3136.29
3150.48
3162.78
3169.08
3179.09
3182.37
3182.23
3186.22
3193.69
3200.49
3204.44
3206.24
3214.83
3213.96
3222.41
3229.44
3241.06
3259.45
3275.10
3295.03
3302.53
3298.54
3306.24
3314.77
3319.95
3321.03
3325.54
3325.47
3326.48
3327.70
3326.18
3326.15
3321.98
3322.56
3318.69
3313.98
3305.43
3304.93
3304.44
3304.66
3304.88
3304.61
3307.64
3308.77
3310.52
3312.57
3316.16
3319.69
3325.27
3328.71
3330.64
3332.17
3333.06
3334.06
3334.09
3334.19
3329.59
3326.33
3325.35
3321.04
3318.91
3314.06
3313.71
3310.83
3308.39
3304.00
3301.14
3295.38
3260.41
3251.85
3244.75
3229.92
3216.59
3209.80
3209.08
3207.14
3199.52
3191.90
3190.43
3187.65
3179.37
3175.06
3163.03
3149.34
3142.06
3140.58
3141.97
3136.70
3129.16
3123.95
3120.75
3118.55
3104.07
3092.69
3089.48
3088.42
3084.95
3079.59
3070.35
3069.71
3070.38
3068.73
3068.78
3068.87
3069.41
3071.85
3074.02
3076.92
3078.25
3081.58
3086.04
3091.28
3092.97
3102.65
3100.75
3103.14
3139.73
3145.50
3148.82
3152.13
3160.12
3166.81
3170.56
3178.55
3181.07
3185.64
3187.11
3190.19
3191.45
3193.81
3201.11
3204.94
3209.40
3213.79
3223.60
3228.20
3257.14
3260.19
3264.45
3260.67
3267.30
3271.03
3268.22
3274.80
3278.04
3289.03
3289.53
3291.06
3291.43
3292.84
3292.35
3292.11
3292.47
3288.68
3290.23
3290.65
3294.40
3300.77
3300.54
3311.84
3317.55
3328.52
3336.28
3337.20
3336.96
3342.31
3352.50
3354.00
3357.01
3371.07
3374.56
3376.62
3378.10
3378.53
3377.03
3365.56
3366.04
3365.22
3364.75
3364.04
3363.80
3364.13
3363.19
3360.89
3343.11
3331.33
3325.59
3325.87
3327.29
3325.96
3325.46
3325.48
3324.63
3321.93
3320.29
3321.58
3326.83
3326.65
3329.27
3333.48
3336.32
3342.88
3343.64
3344.27
3348.08
3348.55
3350.15
3350.83
3352.16
3352.97
3354.24
3354.08
3353.21
3355.74
3356.28
3356.85
3357.21
3358.00
3357.93
3359.17
3359.78
3364.13
3365.89
3367.19
3368.81
3376.73
3379.21
3384.44
3384.41
3385.52
3386.02
3386.55
3386.32
3385.87
3386.45
3386.45
3387.74
3386.90
3387.95
3389.91
3391.95
3395.44
3396.23
3397.75
3404.31
3402.78
3404.06
3403.55
3401.74
3401.55
3399.39
3395.29
3395.15
3394.44
3393.10
3389.35
3385.76
3383.00
3384.83
3381.78
3388.08
3395.90
3395.33
3401.38
3403.92
3408.51
3411.61
3417.19
3422.75
3428.54
3436.80
3440.02
3439.22
3441.19
3442.87
3448.34
3455.33
3457.21
3457.50
3456.85
3455.86
3453.22
3447.61
3440.50
3437.37
3436.62
3434.06
3435.10
3433.19
3429.64
3424.50
3422.34
3417.35
3416.83
3416.05
3415.17
3415.42
3412.07
3414.95
3415.00
3414.52
3414.44
3414.08
3413.42
3413.92
3413.39
3413.48
3413.03
3414.07
3413.12
3402.55
3395.05
3378.62
3391.94
3390.41
3388.64
3387.69
3388.12
3381.97
3380.97
3378.96
3378.08
3377.12
3375.38
3371.97
3363.96
3367.47
3367.36
3367.97
3366.97
3365.14
3363.00
3359.88
3359.35
3358.25
3358.62
3357.81
3357.40
3358.00
3356.62
3355.42
3353.82
3351.45
3349.94
3349.12
3345.22
3344.91
3346.94
3346.08
3346.50
3346.95
3350.36
3350.88
3352.86
3355.17
3355.85
3357.14
3355.06
3355.94
3357.13
3358.59
3358.89
3357.10
3356.47
3354.55
3353.50
3351.16
3350.00
3348.52
3345.85
3346.90
3340.80
3338.40
3338.77
3339.08
3338.62
3176.50
3145.30
3136.46
3137.93
3127.84
3137.31
3149.16
3148.49
3139.45
3153.71
3138.39
3135.21
3134.32
3130.75
3129.37
3127.40
3125.19
3124.70
3125.59
3126.20
3125.02
3127.42
3129.07
3130.05
3132.57
3132.55
3139.07
3140.29
3141.65
3142.55
3143.20
3143.00
3143.50
3145.83
3152.64
3156.05
3160.54
3155.74
3157.45
3155.18
3156.76
3164.53
3192.15
3207.42
3218.02
3230.05
3234.79
3236.28
3236.97
3239.88
3255.76
3262.77
3276.86
3279.32
3306.07
3311.71
3314.40
3309.18
3309.00
3310.05
3319.37
3321.54
3323.54
3326.04
3327.67
3328.61
3328.18
3330.56
3331.62
3334.29
3336.00
3337.71
3340.29
3340.88
3342.54
3344.36
3346.95
3345.91
3342.25
3350.36
3352.41
3356.97
3357.75
3360.30
3358.03
3359.03
3358.20
3355.66
3355.42
3353.28
3353.80
3353.51
3351.13
3348.44
3344.68
3343.06
3344.43
3341.75
3343.85
3343.93
3344.88
3346.57
3349.74
3351.40
3352.77
3354.40
3354.44
3356.73
3354.56
3353.60
3353.60
3346.86
3342.94
3340.83
3337.50
3332.80
3333.75
3345.78
3349.37
3350.18
3350.73
3361.87
3365.48
3371.10
3379.56
3381.97
3385.29
3387.91
3389.12
3391.67
3397.86
3400.00
3402.33
3402.54
3402.54
3402.04
3401.57
3400.89
3402.07
3400.26
3400.12
3399.29
3399.08
3399.58
3400.23
3402.39
3403.33
3402.62
3404.37
3405.23
3405.05
3406.00
3406.00
3405.95
3404.50
3404.17
3401.71
3398.79
3397.30
3391.33
3389.77
3383.20
3386.21
3379.24
3352.14
3351.79
3354.13
3310.51
3299.61
3289.20
3286.55
3280.26
3247.88
3227.45
3204.82
3177.93
3169.97
3159.07
3137.70
3127.34
3111.43
3074.44
3044.91
3021.84
2997.60
2985.34
2979.81
2979.63
2948.33
2922.15
2899.24
2885.68
2866.53
2827.70
2807.77
2791.27
2777.30
2760.04
2750.32
2737.82
2716.20
2695.63
2684.13
2653.42
2629.17
2585.11
2540.16
2535.68
2520.62
2501.25
2494.07
2465.41
2452.84
2450.51
2447.55
2429.22
2418.49
2414.74
2414.78
2422.69
2426.24
2431.25
2436.54
2441.92
2457.41
2462.18
2459.98
2468.37
2474.06
2493.01
2503.17
2510.74
2527.46
2537.86
2543.12
2569.78
2558.84
2560.38
2511.78
2575.92
2578.90
2582.59
2598.76
2611.94
2625.80
2643.17
2652.50
2668.13
2671.07
2675.88
2680.34
2687.53
2694.62
2710.25
2718.26
2729.50
2738.84
2759.36
2763.25
2773.34
2803.71
2808.58
2812.54
2829.98
2844.69
2860.55
2872.04
2889.82
2889.28
2913.98
2923.90
2940.59
2945.90
2956.60
2970.79
2981.20
2996.23
3007.83
3018.22
3023.39
3024.29
3025.69
3026.88
3035.33
3036.59
3040.69
3037.71
3036.77
3037.03
3032.33
3029.36
3028.14
3025.87
3023.78
3022.82
3016.33
2996.89
2964.38
2939.99
2897.36
2870.97
2843.33
2800.55
2771.38
2769.24
2755.47
2754.78
2756.64
2752.82
2733.39
2729.07
2601.83
2485.37
2338.37
