2351.11
2384.11
2423.08
2430.48
2472.50
2494.08
2507.57
2533.55
2550.32
2580.15
2603.38
2625.03
2648.94
2682.53
2712.23
2726.00
2744.94
2760.99
2784.75
2803.54
2821.12
2845.11
2835.32
2848.49
2882.88
2925.93
2943.15
2970.87
2978.13
3003.85
3029.05
3047.28
3063.37
3085.97
3090.68
3114.05
3112.14
3119.52
3124.68
3135.50
3145.00
3145.00
3148.85
3152.00
3151.81
3147.50
3144.67
3140.96
3136.92
3130.95
3128.67
3119.11
3120.87
3110.79
3116.41
3046.16
3046.76
3007.42
2990.58
2974.63
2945.97
2918.17
2910.39
2886.71
2865.37
2848.38
2809.42
2784.70
2762.93
2737.77
2726.91
2693.97
2647.35
2619.53
2600.32
2573.14
2554.61
2527.63
2416.44
2358.11
2327.03
2337.59
2312.65
2304.61
2290.48
2272.70
2270.45
2251.70
2195.86
2184.54
2192.52
2136.15
2104.46
2071.66
2043.96
2015.62
2007.43
1991.42
1971.79
1899.40
1943.61
1944.82
1902.82
1887.91
1898.17
1866.23
1845.36
1837.72
1817.09
1754.28
1806.50
1796.78
1808.93
1779.20
1746.98
1719.30
1690.74
1690.62
1685.45
1677.12
1686.66
1656.05
1641.04
1614.57
1589.74
1566.15
1557.26
1545.32
1532.19
1519.17
1501.91
1494.55
1468.00
1451.97
1430.27
1405.31
1385.93
1366.07
1342.09
1324.71
1310.83
1258.47
1236.88
1227.50
1224.87
1217.49
1212.80
1192.11
1170.00
1155.00
1153.00
1134.67
1127.50
1120.50
1110.14
1101.50
1097.50
1092.00
1083.00
1073.50
1066.50
1060.50
1055.50
1054.00
1049.50
1046.74
1041.53
1038.50
1038.00
1038.00
1038.00
1038.00
1036.50
1031.96
1027.50
1013.45
1002.00
999.72
992.95
988.11
984.18
960.89
945.54
936.74
925.15
894.17
885.53
876.65
873.92
873.19
863.06
862.68
860.50
856.02
852.00
845.50
842.50
840.50
838.00
837.50
836.00
831.50
830.00
829.48
829.48
831.00
832.50
833.00
833.83
836.19
835.50
836.00
837.50
844.50
849.88
852.50
854.00
858.00
861.23
862.79
863.00
863.50
864.86
865.00
863.93
864.50
862.50
861.74
860.50
854.68
848.00
838.00
831.00
827.00
825.48
825.54
825.22
825.00
824.77
825.17
825.27
829.19
830.62
835.52
843.98
845.27
848.80
851.50
850.00
849.00
848.00
846.50
839.50
837.27
831.64
822.50
817.54
816.00
811.77
809.71
809.67
810.00
810.00
810.43
811.00
811.50
808.95
813.50
815.00
815.50
816.50
817.00
817.50
817.65
816.00
814.50
813.50
808.00
806.07
800.73
788.97
786.24
786.85
784.46
781.78
771.41
760.77
762.05
752.55
751.00
750.00
749.00
749.00
749.00
749.00
748.13
901.72
749.50
750.50
752.50
753.50
756.50
757.61
846.77
759.55
762.00
762.00
762.50
763.50
763.50
761.16
762.15
760.68
761.12
763.00
762.12
764.00
765.00
769.00
769.81
770.50
771.50
773.00
777.14
782.24
793.00
796.78
800.00
801.93
804.36
806.50
807.42
815.00
820.50
831.00
835.29
836.27
836.50
835.69
832.97
834.50
834.00
832.65
824.97
823.08
817.44
816.00
816.05
819.02
819.30
819.63
825.35
826.00
826.50
827.00
827.00
826.89
825.00
823.50
822.69
820.00
819.00
817.50
815.50
811.59
803.00
803.00
803.50
803.50
805.50
812.00
812.50
813.50
814.50
815.00
815.00
815.00
813.50
803.50
795.11
792.96
793.61
791.89
793.77
790.24
784.62
776.06
775.49
776.48
778.00
784.50
786.74
789.50
790.00
790.50
791.50
792.50
796.70
801.50
802.50
803.50
805.00
805.00
806.00
806.00
805.50
805.50
806.92
805.00
803.40
802.00
799.00
799.00
798.50
799.00
803.50
805.81
806.19
815.04
820.09
818.20
829.61
837.50
841.50
844.50
854.85
859.00
860.00
862.00
863.00
863.00
861.50
857.50
857.00
856.89
857.74
856.00
855.00
854.00
847.50
846.50
845.50
843.50
842.50
843.50
849.50
854.84
860.79
867.08
874.93
880.88
880.46
885.68
892.44
901.13
908.33
912.50
913.50
914.00
914.50
914.00
913.50
914.00
914.00
918.00
924.00
925.12
927.00
928.50
939.85
937.44
936.50
937.50
967.68
980.62
990.00
996.00
1002.66
1026.52
1038.50
1054.55
1072.00
1121.16
1099.45
1107.30
1121.00
1129.50
1140.84
1160.37
1165.00
1176.27
1191.50
1198.00
1207.50
1218.52
1236.50
1249.50
1263.00
1270.00
1283.50
1290.88
1323.08
1311.75
1331.99
1327.22
1338.50
1361.87
1376.19
1383.00
1397.14
1416.84
1433.66
1438.86
1449.97
1457.96
1463.54
1470.03
1481.18
1487.00
1499.00
1505.89
1508.66
1511.50
1515.50
1519.50
1520.00
1578.64
1519.00
1518.50
1518.00
1515.50
1511.98
1499.00
1485.50
1472.72
1503.03
1485.96
1492.44
1445.36
1421.48
1394.86
1372.54
1355.62
1335.00
1312.60
1290.50
1267.21
1247.78
1223.45
1190.47
1167.50
1149.74
1130.53
1108.62
1100.68
1055.07
1037.70
1018.45
945.50
857.34
858.18
870.65
867.72
863.11
864.87
864.83
867.47
830.45
837.30
860.46
858.94
858.50
857.00
838.97
830.11
821.00
822.16
815.88
809.84
807.50
806.00
799.40
798.00
795.50
793.88
793.50
794.00
794.50
796.95
800.00
803.00
807.50
809.50
810.00
810.50
809.93
810.92
805.00
801.50
795.79
791.00
788.00
785.17
781.72
780.26
778.53
778.02
778.30
778.00
779.27
782.00
784.68
788.83
794.50
797.50
804.00
805.50
806.00
806.50
806.50
805.50
801.50
800.50
799.00
798.00
797.00
796.00
794.33
789.59
786.90
783.00
782.00
781.50
780.50
776.50
771.00
769.39
769.42
768.50
767.92
764.70
759.85
753.50
747.00
742.50
741.00
739.50
737.50
736.00
735.50
736.00
736.00
736.50
737.50
741.00
747.00
754.09
754.00
759.50
763.00
766.30
766.79
768.58
779.50
770.50
771.00
771.00
771.21
770.69
770.00
770.00
768.87
767.37
767.00
767.00
766.00
766.00
766.00
763.50
758.02
759.00
757.29
757.59
749.69
744.84
744.00
736.75
730.73
726.21
725.19
724.00
723.50
723.50
723.87
724.90
726.00
725.00
724.00
723.50
723.50
722.41
722.00
722.68
724.36
724.57
725.00
726.50
730.14
733.50
734.00
735.00
735.50
737.00
737.50
738.00
738.50
739.30
749.00
754.29
755.60
762.82
771.29
768.90
762.20
780.01
790.90
797.50
805.00
807.00
807.00
808.00
808.00
808.00
807.00
807.00
810.50
817.50
819.00
819.82
820.41
822.00
823.18
825.94
831.56
838.50
843.00
849.00
850.00
850.50
851.00
851.00
851.00
851.60
847.26
838.00
835.17
837.97
836.79
836.27
836.14
835.50
832.50
830.50
827.50
824.95
826.00
826.00
826.00
833.50
835.82
836.62
837.12
838.06
838.80
842.68
852.29
856.00
862.50
864.00
865.50
873.00
874.50
872.00
871.50
873.16
874.10
878.55
888.30
899.00
914.50
920.00
920.50
923.72
924.30
925.59
935.48
944.76
951.00
969.96
975.50
978.50
983.91
985.11
990.64
1000.05
1005.26
1015.06
1026.48
1037.03
1042.42
1054.50
1063.00
1071.00
1077.00
1085.06
1096.00
1105.50
1112.92
1126.51
1143.00
1164.03
1184.50
1188.50
1197.02
1212.00
1224.20
1252.41
1266.38
1298.08
1319.82
1357.97
1372.00
1384.20
1397.98
1416.25
1428.61
1459.97
1473.50
1498.12
1510.95
1537.33
1562.85
1580.51
1612.00
1636.04
1664.00
1683.86
1701.41
1723.28
1748.21
1764.03
1786.89
1828.16
1874.82
1916.15
1931.00
1968.03
1992.46
2026.85
2060.37
2092.44
2114.38
2137.46
2155.00
2167.00
2181.99
2205.69
2234.44
2260.62
2297.77
2321.58
2334.95
2353.75
2356.82
2376.01
2393.41
2397.59
2405.01
2412.50
2414.00
2425.00
2428.00
2435.50
2436.50
2439.33
2434.00
2433.00
2429.50
2417.52
2411.84
2410.38
2377.61
2378.74
2401.93
2391.29
2381.00
2335.16
2290.91
2265.01
2238.00
2222.02
2206.63
2200.00
2170.61
2144.49
2122.38
2063.45
2036.09
2006.91
1984.99
1930.03
1909.87
1885.03
1850.75
1814.09
1791.31
1756.12
1715.54
1667.11
1631.71
1605.70
1579.71
1567.00
1548.53
1533.00
1513.00
1486.58
1460.00
1433.05
1404.95
1382.50
1365.70
1342.26
1327.02
1300.92
1302.70
1278.80
1262.09
1240.71
1226.65
1215.98
1193.60
1176.50
1163.49
1146.92
1131.04
1122.12
1110.16
1098.00
1092.33
1082.25
1065.59
1054.67
1034.93
1021.50
1014.00
1006.50
999.00
993.50
978.00
968.00
945.00
928.19
923.85
920.50
917.00
914.67
908.66
901.72
895.50
891.00
885.00
881.50
877.86
859.77
851.20
845.00
840.00
832.30
823.70
823.47
823.87
823.50
817.00
811.50
810.00
810.00
810.50
812.50
818.03
823.50
825.32
826.32
827.67
828.00
829.50
834.00
835.26
836.12
838.20
837.59
837.50
837.81
837.90
838.00
835.69
830.00
826.81
818.09
813.15
808.61
803.86
803.00
801.50
800.22
793.87
793.50
792.50
792.50
790.17
787.90
787.38
787.50
786.94
785.84
785.84
785.61
784.94
786.65
790.38
785.52
763.56
756.89
760.60
760.53
764.06
766.75
764.19
758.33
761.81
759.01
759.20
757.48
744.01
738.32
731.27
722.00
720.34
718.91
717.87
719.00
724.47
727.20
728.31
730.77
730.51
731.34
730.50
731.50
737.00
740.00
739.50
737.50
736.00
735.38
734.00
733.50
734.40
738.86
741.36
741.43
741.93
742.50
741.00
742.00
745.50
746.00
746.50
746.00
746.50
745.00
743.50
742.32
739.04
742.00
742.50
744.00
743.87
745.00
746.00
746.50
746.50
746.50
746.00
745.00
745.00
744.00
742.50
741.00
738.50
732.93
724.27
721.00
721.18
718.88
716.17
714.41
721.71
713.00
711.50
709.72
707.75
707.71
708.00
708.50
709.00
709.50
709.50
710.00
713.71
717.50
718.00
719.14
720.20
721.47
723.43
724.62
726.19
726.00
726.00
727.15
724.40
725.30
712.83
711.50
707.50
704.83
700.10
698.85
697.50
689.74
688.00
687.00
687.00
687.00
687.00
687.00
687.00
685.00
682.00
681.00
680.00
678.50
675.50
674.00
673.50
674.00
674.00
674.50
674.50
675.00
675.00
674.50
673.00
670.00
667.00
665.00
665.00
663.50
663.50
663.29
661.41
659.30
653.40
652.62
652.26
650.51
650.15
648.78
647.73
646.50
643.97
643.52
643.50
643.00
641.50
640.00
638.50
636.55
635.50
635.50
635.50
634.00
634.78
635.50
638.00
640.00
645.11
650.28
659.51
663.25
668.05
668.50
671.50
672.50
676.00
678.50
678.50
679.50
680.00
681.00
681.50
681.50
681.00
680.50
679.00
677.29
676.00
675.50
675.00
674.50
673.50
673.50
675.05
680.50
680.30
686.91
689.50
690.50
694.50
704.00
711.00
716.43
720.22
722.50
726.80
728.00
728.29
728.21
729.00
732.50
733.00
732.83
732.54
733.72
735.50
737.00
748.00
749.00
750.00
750.50
752.50
753.00
753.00
753.50
753.50
753.00
753.00
748.50
744.50
736.00
734.00
732.09
730.20
735.12
728.78
718.42
712.98
710.86
709.50
709.00
709.93
711.78
711.50
712.00
713.26
713.89
715.50
717.00
722.00
723.50
725.50
726.00
726.00
726.00
725.50
727.00
730.29
733.00
733.50
734.50
736.00
737.91
744.00
745.00
751.50
756.00
758.00
758.00
758.00
759.11
758.50
762.28
765.00
769.00
770.00
771.50
772.00
770.00
762.50
752.50
738.00
734.66
732.90
730.19
729.82
727.35
715.86
699.60
697.40
691.50
686.00
685.50
685.00
685.00
685.50
689.00
693.50
696.50
699.50
701.50
702.50
703.00
703.50
703.50
704.00
703.50
703.50
703.00
701.58
701.00
701.00
702.08
703.16
703.26
706.50
714.91
720.06
721.45
722.50
723.91
724.88
730.69
733.98
737.70
748.00
750.00
748.54
750.50
752.00
755.50
756.00
757.00
757.50
758.50
760.00
761.00
762.00
764.00
772.50
781.50
782.55
793.98
800.55
807.83
783.23
818.62
823.03
839.00
855.21
867.50
882.00
896.00
901.50
906.00
916.50
1040.15
931.00
939.45
944.50
951.50
957.00
969.50
977.00
984.59
988.86
991.73
1001.75
1004.00
1009.50
1011.00
1014.50
1022.00
1027.00
1028.50
1029.50
1030.50
1031.50
1032.00
1033.00
1033.50
1033.50
1036.50
1042.00
1046.50
1053.60
1060.50
1067.02
1073.58
1077.83
1085.63
1085.77
1085.43
1096.00
1098.46
1103.00
1105.50
1108.00
1108.00
1108.00
1109.00
1109.00
1109.50
1108.64
1108.50
1108.96
1112.41
1116.24
1119.00
1234.20
1249.83
1262.81
1285.69
1328.11
1354.45
1380.93
1405.34
1438.72
1471.89
1500.80
1544.06
1549.00
1582.53
1621.03
1642.02
1662.96
1705.65
1744.24
1769.66
1803.47
1843.03
1874.76
1902.89
1929.91
1958.55
1975.46
2019.47
2055.08
2062.79
2097.39
2113.64
2143.00
2182.57
2196.05
2213.10
2254.62
2322.43
2330.10
2331.59
2330.83
2333.42
2330.00
2339.50
2341.42
2349.00
2350.50
2350.00
2349.00
2344.00
2339.00
2337.50
2337.00
2337.50
2336.50
2334.00
2332.00
2327.34
2286.23
2216.73
2171.91
2136.96
2118.01
2076.59
1983.24
1916.21
1871.12
1871.29
1851.41
1824.06
1794.69
1774.46
1754.56
1713.76
1678.12
1684.65
1605.91
1569.00
1553.85
1538.00
1512.49
1480.61
1463.68
1430.60
1424.87
1407.47
1405.12
1364.46
1286.09
1252.71
1223.28
1194.57
1170.09
1146.60
1127.22
1121.86
1115.70
1090.54
1080.19
1064.23
1079.23
1037.07
1040.77
1002.77
969.00
966.10
962.35
952.00
939.50
935.59
931.50
910.00
894.58
880.61
857.67
851.50
850.00
848.00
839.23
834.17
825.26
814.00
810.50
796.56
788.50
783.10
778.50
767.00
761.65
754.56
752.50
749.00
739.00
734.85
725.30
720.50
720.81
719.00
719.00
719.07
720.09
722.41
723.65
725.00
728.50
732.00
735.00
738.75
750.50
752.50
755.00
759.50
765.00
771.50
778.00
780.00
780.50
780.87
781.93
784.00
782.04
781.00
780.50
779.76
778.00
774.46
765.50
762.50
759.50
756.00
751.83
748.50
748.00
745.00
744.50
740.50
740.00
739.00
739.00
738.50
737.50
737.50
736.50
736.00
736.00
736.00
737.50
745.11
748.00
748.50
750.20
750.50
751.00
753.00
755.50
762.00
764.00
770.40
782.00
791.00
793.83
807.62
815.74
811.66
815.64
817.46
835.22
839.50
843.19
846.21
847.00
846.50
846.50
846.50
846.50
847.50
855.50
860.50
864.50
864.50
865.50
866.00
866.81
873.00
880.93
885.27
892.50
897.00
899.44
899.68
900.19
901.67
901.72
901.00
901.26
899.15
895.39
899.26
897.50
896.50
889.00
888.50
887.41
887.50
887.00
887.00
886.50
878.50
875.00
865.50
866.21
863.29
862.65
868.25
863.57
848.58
836.05
832.00
826.00
824.00
822.50
820.00
816.00
812.50
809.50
806.50
802.00
801.50
799.50
795.00
783.50
770.00
768.17
766.91
766.91
766.00
765.50
764.50
763.00
753.44
746.00
743.00
742.00
740.50
740.00
739.50
740.00
742.50
744.50
745.50
745.50
745.00
744.50
743.50
742.50
742.50
742.85
741.50
741.00
740.00
734.50
732.00
731.50
731.00
731.00
731.00
731.00
730.00
730.00
729.00
729.00
728.50
728.50
726.50
725.00
723.50
722.50
721.50
721.00
720.50
721.00
722.50
723.00
723.50
724.50
724.79
725.00
726.00
726.50
727.67
731.35
735.50
736.74
736.50
737.00
737.50
737.50
738.00
738.00
737.50
738.00
737.00
733.50
733.00
733.00
731.50
731.50
731.50
732.00
735.50
737.50
738.50
739.00
739.27
739.00
742.21
750.00
753.50
755.00
755.50
755.50
752.24
750.66
750.66
750.47
750.73
751.00
751.50
751.50
752.50
754.00
754.61
755.67
761.32
765.84
765.50
768.50
797.69
805.00
810.00
815.28
826.26
835.06
846.98
836.36
838.53
840.45
841.60
860.02
869.50
876.33
888.80
888.50
890.00
887.87
891.00
891.50
892.00
903.56
912.00
918.13
921.23
920.00
921.50
931.00
940.50
945.35
947.37
957.50
961.50
964.50
965.50
972.00
973.00
977.50
978.00
977.00
976.50
976.50
975.50
973.50
967.00
959.00
956.50
953.39
952.26
951.00
948.50
945.90
943.50
939.50
938.50
937.50
937.00
935.00
924.50
917.71
917.32
919.91
915.19
916.01
920.63
905.06
894.94
879.48
874.62
866.00
865.00
864.00
862.00
858.50
845.78
842.58
841.84
840.62
836.33
834.68
831.00
825.50
821.17
809.50
807.48
808.00
807.00
806.50
806.50
807.00
810.00
811.50
811.50
812.00
812.00
816.00
814.79
814.98
813.31
811.50
811.00
810.50
809.50
809.00
809.00
808.50
807.50
807.00
806.50
807.00
807.00
807.00
805.50
803.00
801.50
799.50
797.42
795.42
794.50
793.27
793.00
793.00
793.00
793.00
795.50
796.00
796.59
797.00
797.00
797.00
797.00
797.00
797.00
796.00
796.50
796.00
796.50
796.50
800.00
802.50
804.97
806.62
808.48
808.00
808.50
809.50
810.00
810.00
810.00
809.50
806.00
800.50
795.50
793.50
789.50
788.50
788.00
788.00
788.50
784.06
781.49
751.34
711.44
734.37
730.17
728.77
723.95
737.19
745.60
698.74
692.07
736.57
748.50
748.50
746.75
746.27
747.16
747.60
747.50
747.50
747.00
751.12
755.20
755.23
762.57
767.32
771.43
773.46
776.00
778.26
779.00
776.44
778.74
770.19
753.72
755.00
754.10
753.86
754.30
754.57
755.35
755.12
759.86
768.50
771.00
780.23
789.99
798.92
802.76
800.01
801.73
806.00
814.86
820.00
821.50
821.50
821.50
819.15
814.00
807.57
804.50
803.00
803.91
800.77
795.73
795.00
795.50
796.00
798.50
802.50
806.00
807.50
809.34
815.86
823.84
826.90
828.00
830.09
831.24
835.00
836.85
837.22
837.50
839.03
839.50
840.50
840.50
842.00
841.50
841.50
841.50
841.50
842.00
842.50
842.50
843.46
835.66
832.29
832.00
833.78
825.20
829.25
829.00
828.51
829.00
830.50
832.51
841.29
842.50
845.25
846.34
847.00
854.00
856.50
857.50
859.00
865.80
864.09
861.00
862.00
866.43
868.63
864.50
904.00
917.38
936.10
932.67
945.43
949.61
953.15
957.92
960.21
967.43
969.48
972.50
974.00
975.00
976.50
977.50
978.00
978.50
979.27
981.50
987.23
987.65
985.93
987.77
1002.13
997.81
999.26
1018.40
1033.70
1049.00
1054.00
1054.50
1065.00
1069.00
1073.50
1075.00
1077.23
1076.00
1074.55
1075.50
1075.00
1073.50
1073.00
1069.48
1064.50
1059.50
1052.25
1046.27
1040.00
1038.50
1036.22
1035.66
1160.51
1022.54
1011.98
1013.15
1001.87
993.17
985.00
976.19
965.20
964.18
935.83
925.39
914.47
909.50
908.50
902.09
898.50
898.00
897.00
897.50
897.50
897.50
898.00
898.50
899.50
900.00
897.98
893.05
889.06
891.50
890.00
888.50
884.50
878.25
877.00
877.00
877.00
877.50
878.50
880.00
881.23
880.89
881.36
882.50
881.58
880.36
880.81
881.83
886.00
890.00
894.00
896.50
899.00
904.61
907.43
909.71
911.61
914.53
920.79
926.58
930.00
934.00
939.50
943.50
944.00
945.83
948.18
951.97
957.55
959.87
965.00
975.00
980.50
982.50
983.08
984.50
985.50
990.87
997.50
1006.12
1011.73
1014.50
1016.44
1059.08
1023.74
1028.00
1033.50
1043.77
1052.73
1058.63
1061.36
1063.50
1068.50
1072.00
1077.09
1085.85
1092.50
1096.50
1103.39
1110.76
1113.99
1115.93
1115.29
1124.58
1129.00
1142.00
1155.00
1169.87
1179.86
1192.39
1199.41
1207.00
1211.15
1211.34
1216.38
1255.38
1291.10
1338.57
1349.95
1326.00
1336.90
1381.21
1401.24
1411.80
1409.97
1440.69
1459.12
1506.56
1525.15
1534.95
1539.15
1590.52
1589.75
1613.45
1627.36
1680.92
1714.13
1708.55
1739.44
1747.61
1771.93
1817.63
1842.93
1871.30
1900.10
1936.86
1966.13
2002.69
2024.79
2049.26
2090.63
2118.12
2144.35
2180.84
2223.32
2249.40
2282.90
2307.86
2340.77
2367.20
2395.97
2418.48
2451.18
2497.49
2522.94
2533.93
2548.12
2573.02
2613.42
2699.92
2708.97
2711.50
2704.24
2701.62
2710.76
2711.20
2711.94
2714.50
2722.50
2723.70
2724.50
2723.50
2718.31
2714.33
2712.51
2716.46
2715.50
2715.73
2710.22
2709.50
2704.87
2634.89
2608.00
2590.45
2559.37
2541.62
2517.24
2495.42
2476.30
2445.13
2438.29
2410.36
2375.84
2356.45
2304.90
2286.99
2263.76
2216.75
2182.72
2158.72
2145.41
2102.63
2064.49
2048.52
2016.41
2009.46
2003.22
1953.06
1924.50
1904.23
1883.20
1848.68
1813.67
1807.42
1771.75
1737.53
1722.73
1705.74
1677.69
1664.49
1626.99
1621.18
1607.00
1589.01
1566.00
1562.95
1561.95
1498.83
1477.96
1473.24
1476.31
1474.59
1471.48
1466.00
1462.17
1457.00
1456.00
1456.00
1456.00
1456.50
1461.50
1530.57
1463.00
1463.91
1466.00
1470.50
1472.50
1475.50
1477.14
1478.00
1482.50
1489.62
1492.41
1499.52
1508.51
1518.09
1521.18
1524.66
1528.50
1537.00
1539.00
1553.00
1557.02
1567.81
1572.96
1577.18
1587.07
1588.39
1574.92
1603.28
1635.06
1619.97
1696.38
1643.66
1655.48
1664.50
1692.25
1700.54
1723.77
1753.55
1741.31
1756.35
1789.97
1854.68
1837.85
1850.01
1908.37
1984.11
2076.74
2019.02
2006.88
2023.19
2059.54
2057.59
2067.80
2085.86
2106.04
2116.18
2133.80
2147.20
2157.75
2167.02
2178.57
2212.95
2302.33
2333.55
2366.62
2379.25
2392.06
2416.59
2456.43
2474.89
2476.23
2496.26
2529.38
2562.30
2597.66
2625.50
2648.00
2673.72
2693.38
2715.81
2745.03
2770.61
2823.86
2831.92
2819.92
2827.02
2852.17
2850.01
2855.32
2866.64
2873.00
2880.50
2882.50
2883.00
2885.00
2886.50
2886.00
2885.00
2878.00
2875.50
2869.00
2868.00
2866.50
2864.45
2862.74
2859.45
2849.87
2836.91
2828.50
2826.00
2822.00
2820.50
2818.50
2816.50
2814.95
2815.00
2814.00
2810.50
2807.50
2806.00
2803.03
2802.72
2803.30
2800.38
2799.86
2798.83
2796.05
2793.45
2794.46
2799.57
2805.49
2807.30
2811.65
2811.27
2814.89
2815.69
2816.00
2818.00
2822.50
2853.40
2918.19
2888.50
2892.00
2900.50
2906.47
2920.59
2933.85
2939.33
2951.59
2969.47
2990.22
2996.40
3003.27
3005.02
3022.49
3046.77
3057.12
3100.85
3109.87
3119.68
3131.28
3141.78
3136.51
3170.89
3178.00
3188.58
3204.73
3221.85
3235.58
3238.01
3246.95
3253.00
3268.82
3277.55
3280.05
3288.32
3299.00
3298.31
3304.06
3306.20
3307.50
3312.00
3313.50
3314.00
3313.50
3311.50
3306.32
3305.24
3302.00
3297.89
3296.00
3294.00
3289.50
3283.50
3281.50
3279.50
3279.00
3279.00
3279.00
3279.00
3279.00
3279.50
3280.00
3280.00
3280.00
3280.00
3278.50
3277.50
3275.50
3274.50
3273.00
3272.24
3271.00
3270.50
3274.00
3275.50
3277.12
3278.50
3283.75
3278.50
3279.00
3282.00
3283.00
3284.50
3285.50
3286.50
3291.50
3292.75
3292.22
3293.00
3293.00
3294.00
3296.86
3301.50
3307.27
3323.43
3334.00
3334.50
3341.00
3347.70
3355.85
3365.35
3367.37
3370.53
3373.77
3377.83
3380.56
3389.57
3393.43
3403.73
3410.50
3412.50
3413.00
3414.00
3412.50
3408.00
3407.50
3405.89
3405.50
3404.50
3400.00
3395.00
3394.00
3392.00
3390.50
3389.00
3387.00
3384.50
3383.76
3382.58
3382.06
3381.00
3381.07
3381.07
3381.00
3381.00
3381.00
3381.50
3382.50
3383.00
3386.50
3388.00
3391.50
3395.00
3397.50
3400.00
3403.00
3405.34
3408.05
3409.92
3412.12
3410.47
3409.50
3401.65
3397.00
3394.00
3393.67
3393.87
3388.31
3387.96
3381.56
3377.33
3363.87
3321.01
3307.35
3296.50
3283.50
3280.22
3268.50
3266.00
3254.50
3236.00
3213.00
3184.43
3172.38
3154.81
3137.07
3120.31
3106.24
3086.49
3071.46
3046.80
3025.39
2998.22
2990.08
2974.59
2952.20
2936.74
2920.55
2897.26
2879.01
2864.97
2843.60
2826.13
2820.48
2807.00
2789.00
2774.01
2769.55
2745.11
2722.80
2684.58
2681.96
2630.56
2632.50
2624.87
2623.76
2616.81
2614.96
2596.12
2578.39
2563.31
2541.57
2530.85
2466.14
2495.80
2490.92
2487.84
2473.39
2456.27
2429.45
2428.16
2425.52
2415.38
2400.50
2393.24
2386.99
2370.69
2356.84
2341.56
2342.95
2342.25
2337.50
2335.50
2284.83
2269.82
2260.46
2316.50
2313.50
2310.50
2308.00
2306.50
2300.25
2305.05
2303.50
2301.00
2297.00
2294.00
2289.50
2287.71
2288.00
2288.00
2287.15
2286.50
2285.50
2286.00
2286.86
2289.64
2290.00
2291.00
2298.13
2244.36
2292.50
2293.00
2310.28
2309.38
2357.66
2380.14
2342.99
2397.95
2408.86
2420.34
2429.11
2434.85
2434.22
2431.03
2475.00
2485.50
2464.61
2488.04
2514.09
2514.98
2534.73
2543.76
2540.56
2553.46
2565.23
2595.38
2637.50
2668.27
2696.96
2715.87
2727.39
2740.76
2749.75
2787.60
2796.32
2818.44
2853.45
2874.24
2900.00
2934.39
2949.03
2952.12
2969.63
2973.34
2981.73
2994.06
3002.68
3018.77
3015.56
3053.48
3098.50
3136.54
3151.51
3153.50
3187.80
3215.89
3220.86
3213.44
3190.84
3207.72
3223.02
3230.33
3234.35
3238.50
3242.00
3242.50
3244.50
3244.00
3245.00
3245.00
3244.00
3240.00
3235.98
3231.00
3227.82
3225.50
3224.00
3220.31
3215.46
3212.75
3208.67
3207.82
3207.00
3207.50
3210.07
3210.50
3215.00
3216.50
3216.50
3217.00
3216.73
3215.30
3215.43
3218.50
3220.50
3213.00
3208.00
3206.00
3205.00
3108.57
3085.00
3075.50
3061.04
3042.85
3029.14
3010.02
2995.50
2979.63
2965.57
2957.78
2948.54
2940.89
2930.50
2919.84
2894.62
2868.98
2856.98
2860.56
2858.50
2853.00
2849.00
2846.50
2842.00
2838.50
2836.50
2836.50
2837.00
2839.50
2840.00
2843.00
2843.33
2840.92
2841.06
2842.47
2841.27
2856.82
2860.50
2865.22
2840.52
2840.51
2894.56
2957.67
2967.68
3001.88
3018.20
3020.25
3023.00
3027.56
3035.19
3040.98
3050.50
3056.50
3073.00
3084.84
3088.56
3089.27
3090.51
3092.00
3094.60
3097.42
3105.50
3116.50
3124.50
3125.50
3126.00
3126.00
3125.50
3122.00
3119.00
3114.50
3114.30
3115.06
3112.53
3112.02
3098.55
3094.06
3098.50
3038.38
3022.00
2996.56
2978.51
2980.30
2947.82
2936.43
2895.51
2872.26
2846.57
2835.47
2817.55
2805.30
2776.38
2748.21
2720.14
2687.25
2660.16
2624.32
2586.32
2574.88
2542.49
2520.34
2492.41
2461.90
2425.89
2404.37
2374.21
2348.17
2326.78
2298.94
2262.27
2219.51
2185.42
2143.37
2110.50
2083.68
2051.63
2021.47
2004.20
1978.75
1959.92
1922.58
1890.15
1851.57
1802.86
1789.00
1762.18
1739.50
1698.56
1725.21
1717.71
1702.80
1673.85
1649.00
1672.32
1612.00
1592.00
1580.50
1593.94
1560.53
1554.20
1554.00
1552.00
1550.00
1539.76
1536.29
1531.02
1524.50
1523.50
1523.50
1524.50
1527.50
1530.00
1535.50
1541.44
1544.94
1545.22
1541.91
1552.50
1555.00
1555.14
1554.75
1571.50
1588.39
1592.96
1598.00
1602.50
1609.80
1622.03
1665.61
1671.77
1682.09
1732.63
1711.74
1724.50
1744.68
1813.95
1786.55
1821.84
1855.53
1873.27
1895.03
1915.11
1936.20
1960.47
1986.69
2015.43
2034.81
2065.91
2093.36
2109.39
2135.24
2151.06
2158.50
2155.73
2163.00
2164.51
2166.00
2171.83
2171.89
2171.06
2174.72
2173.57
2173.00
2165.78
2163.00
2165.19
2164.60
2162.08
2160.00
2154.50
2137.65
2081.37
2035.82
2031.50
2018.93
1996.08
1987.12
1970.51
1947.47
1924.52
1899.27
1879.05
1835.52
1791.32
1764.15
1724.19
1694.55
1672.99
1618.55
1590.01
1557.00
1531.78
1488.37
1460.02
1453.66
1402.06
1376.63
1348.98
1329.12
1311.50
1314.64
1271.34
1253.85
1232.26
1212.27
1204.33
1168.18
1159.66
1197.71
1150.76
1107.50
1103.00
1074.22
1058.02
1036.13
975.00
970.50
964.51
958.23
952.50
952.56
952.50
952.00
949.53
946.00
944.00
943.50
943.88
943.78
947.93
951.00
952.08
954.79
960.47
960.50
961.85
963.08
962.17
961.80
960.50
959.50
958.52
956.58
954.92
955.97
1051.48
1040.75
965.40
955.11
957.15
953.76
962.80
1262.49
1322.34
1372.00
1391.75
1373.50
1373.50
1373.50
1393.18
1321.27
1222.73
1153.81
1161.47
1181.19
1169.67
1152.61
1165.02
1169.50
1171.50
1171.00
1184.32
1195.59
1186.00
1186.00
1261.78
1256.42
1261.00
1267.42
1271.50
1275.50
1278.50
1286.43
1294.57
1292.00
1312.38
1332.90
1373.50
1374.50
1383.04
1385.00
1385.50
1386.00
1386.50
1386.50
1386.50
1386.00
1386.00
1382.34
1381.24
1378.71
1375.98
1372.47
1369.23
1371.83
1378.18
1355.64
1298.00
1289.66
1273.95
1252.27
1234.50
1222.50
1202.61
1184.98
1168.57
1156.06
1135.97
1104.75
1076.64
1071.64
1032.87
1022.00
1007.34
984.94
975.77
979.31
957.53
958.63
960.95
980.38
944.60
894.00
889.00
887.00
884.00
881.51
869.50
859.00
848.50
842.50
831.62
817.23
807.00
802.47
794.51
789.53
784.51
781.61
775.50
754.72
751.00
750.00
745.00
742.00
739.00
738.50
738.50
740.50
746.00
748.00
752.00
756.00
758.60
760.00
760.94
766.50
770.44
774.00
778.50
779.50
780.68
780.68
780.00
779.00
773.94
768.00
764.00
760.02
759.00
755.91
748.16
734.23
726.01
720.85
704.07
688.02
685.50
682.85
680.74
676.77
673.09
671.44
670.65
671.49
672.39
672.97
673.10
672.80
672.40
674.34
674.89
675.00
672.39
673.00
670.76
665.71
663.18
665.95
669.63
674.47
680.00
682.50
684.00
684.50
685.00
684.50
683.50
682.50
682.00
681.50
676.05
672.50
671.38
668.00
667.67
668.56
670.31
673.00
681.50
686.50
687.50
689.00
690.00
691.50
692.50
693.00
693.50
693.50
693.50
693.50
692.50
691.50
690.50
691.57
713.41
715.37
711.89
717.59
717.19
714.67
697.80
727.72
737.89
750.62
765.00
765.50
765.50
765.50
765.00
764.50
764.50
756.89
755.20
743.91
735.47
728.71
739.90
749.66
740.88
729.41
743.43
711.84
690.92
692.78
711.60
714.42
723.60
716.82
715.57
715.56
714.00
709.61
704.10
695.51
681.00
678.09
679.50
674.71
671.00
667.49
660.38
652.67
644.90
639.98
636.00
635.00
634.50
635.00
635.50
636.50
637.50
637.50
637.50
636.50
635.00
634.00
633.00
632.50
629.00
627.50
626.50
625.00
625.00
625.00
629.50
634.00
635.00
639.50
649.01
657.60
659.50
660.50
661.11
668.57
674.62
676.00
678.00
678.50
678.50
678.50
678.00
676.50
673.00
669.00
668.07
665.03
664.50
662.41
662.31
663.50
663.50
664.00
664.50
666.00
668.00
672.50
678.00
679.50
681.00
682.00
683.77
683.50
683.00
682.50
680.00
673.50
673.00
672.57
673.17
671.28
670.12
663.00
661.00
660.00
660.00
661.00
661.50
666.97
672.00
675.29
680.82
695.75
678.86
683.10
700.46
705.43
737.03
751.21
757.50
759.41
762.50
763.50
763.50
764.00
761.00
759.61
760.50
760.00
761.00
762.50
761.97
765.50
766.50
767.50
769.34
773.00
773.50
774.59
775.00
775.00
775.00
781.50
785.45
789.84
800.36
807.50
810.82
811.80
815.64
828.34
835.36
839.68
846.71
851.50
855.00
835.53
855.50
851.00
848.50
847.23
832.68
846.11
845.26
841.50
838.00
831.11
823.75
817.38
815.62
815.83
817.00
816.50
816.50
816.00
816.00
815.50
815.00
814.50
813.50
813.50
813.00
811.50
801.45
799.91
790.82
784.34
790.12
788.77
788.02
784.94
780.67
768.07
757.48
752.00
726.04
751.50
753.00
754.50
757.50
763.00
767.23
768.32
771.86
774.00
779.15
781.15
794.12
799.43
799.37
798.50
798.50
800.00
800.50
804.00
809.50
814.31
820.50
823.50
824.50
826.00
827.00
828.00
831.00
833.00
850.00
861.00
865.38
869.53
868.50
869.96
864.74
869.62
876.97
885.00
893.00
895.00
896.50
897.00
898.00
899.00
900.00
903.50
909.58
911.00
913.84
918.25
920.52
946.00
935.51
944.50
944.14
951.00
955.76
956.00
959.32
960.00
963.50
966.50
969.29
969.50
970.50
970.50
970.00
966.00
959.00
957.10
956.89
956.63
956.00
955.73
956.00
956.50
957.00
957.00
957.17
957.00
957.42
957.00
957.50
958.50
959.00
960.50
961.50
963.50
969.27
972.50
975.00
981.00
982.50
983.50
987.00
989.00
993.67
991.33
999.55
997.67
994.50
995.50
1002.27
1017.53
1021.68
1032.50
1036.00
1037.80
1038.50
1043.03
1049.57
1051.00
1052.50
1056.15
1058.50
1061.00
1062.00
1063.00
1065.00
1073.00
1074.00
1075.00
1075.50
1076.50
1079.17
1081.00
1090.00
1090.50
1092.50
1093.00
1092.50
1092.50
1093.00
1092.50
1093.50
1098.50
1098.50
1098.50
1100.18
1099.00
1100.00
1100.22
1105.58
1120.10
1136.50
1144.50
1147.50
1155.72
1144.85
1196.17
1207.01
1214.50
1227.97
1234.60
1258.00
1270.17
1272.84
1304.98
1329.85
1337.38
1358.16
1384.80
1395.84
1436.00
1418.69
1453.10
1488.36
1510.82
1503.29
1526.07
1561.75
1605.98
1628.53
1652.87
1658.69
1689.01
1750.21
1754.88
1771.03
1791.58
1804.84
1830.94
1829.32
1889.85
1897.36
1934.27
1946.64
1991.14
2019.00
2055.86
2061.81
2112.43
2118.91
2149.59
2164.86
2207.61
2230.07
2249.90
2267.50
2283.05
2341.68
2368.59
2397.32
2435.27
2475.57
2484.70
2510.22
2523.50
2554.77
2602.23
2651.45
2693.99
2712.94
2716.91
2742.79
2762.30
2778.86
2823.19
2866.57
2846.17
2871.33
2869.59
2871.19
2873.65
2874.98
2881.45
2821.76
2889.00
2796.50
2888.50
2887.00
2880.00
2871.88
2854.76
2848.04
2847.60
2852.16
2876.93
2880.00
2853.32
2790.94
2769.40
2750.14
2735.00
2721.53
2679.10
2665.06
2656.53
2638.96
2610.17
2597.94
2561.90
2536.48
2512.77
2470.87
2440.88
2415.74
2397.40
2371.35
2341.94
2326.17
2309.32
2263.59
2220.10
2178.44
2142.34
2115.97
2086.50
2053.31
2009.65
1969.58
1927.33
1900.29
1838.88
1808.56
1790.76
1773.10
1779.91
1744.29
1704.15
1687.19
1663.94
1550.82
1429.86
1400.55
1411.00
1411.94
1408.35
1400.81
1399.99
1395.64
1392.22
1344.29
1343.10
1341.48
1319.65
1289.32
1278.58
1265.60
1256.00
1245.16
1232.50
1212.02
1195.66
1183.22
1169.66
1161.95
1160.36
1160.00
1150.50
1143.65
1133.00
1126.00
1124.00
1113.90
1095.64
1066.08
1055.26
1072.61
1030.03
1014.69
993.80
974.38
937.14
925.00
917.93
909.06
912.63
909.22
915.21
913.55
913.13
911.00
910.50
910.00
910.50
911.00
910.50
910.50
910.00
906.00
899.86
899.00
897.50
894.23
892.00
889.15
884.73
882.00
879.50
878.55
879.50
879.71
880.50
879.92
878.41
879.41
872.38
859.40
852.09
855.86
855.00
856.91
855.92
846.86
846.50
841.50
840.50
840.00
839.98
834.75
824.97
827.32
817.25
812.07
804.50
803.00
813.94
807.19
795.15
795.07
792.91
791.50
792.50
794.50
796.00
801.00
807.00
811.50
814.50
815.15
815.09
815.69
818.50
817.36
816.84
818.04
817.73
816.57
810.32
804.00
794.00
789.40
787.50
787.43
786.71
786.77
783.47
778.53
774.56
774.04
773.67
773.50
774.00
775.00
776.04
777.00
777.66
777.66
776.00
775.00
775.14
775.00
774.71
774.62
773.50
773.43
768.50
765.00
763.50
762.50
762.50
762.23
762.23
762.50
763.00
763.50
764.50
765.50
767.50
769.32
772.48
773.88
774.44
775.80
776.67
773.12
777.56
777.56
777.86
779.00
778.27
777.50
777.19
778.24
783.61
792.31
799.82
802.94
812.66
816.58
817.93
816.30
821.52
828.47
842.80
847.48
854.53
848.96
848.00
848.50
844.31
843.38
843.50
843.43
845.00
847.00
858.50
864.35
869.88
875.80
876.50
880.28
884.92
884.94
886.60
885.50
886.00
886.50
886.56
884.94
883.50
881.50
881.00
880.50
880.50
881.85
882.00
883.00
883.50
884.50
885.00
886.08
888.09
895.50
882.95
881.00
876.00
874.19
873.50
872.00
867.40
862.50
860.00
846.79
842.60
838.50
837.00
838.81
842.83
834.60
832.54
835.49
835.88
836.63
838.09
841.38
842.34
844.74
845.76
846.18
852.50
856.00
859.50
860.65
862.56
860.76
869.23
870.65
876.76
879.55
882.00
881.75
881.50
880.50
876.00
875.50
875.00
874.50
873.50
868.00
865.00
863.50
863.00
863.00
862.50
863.00
866.00
871.62
876.00
875.05
881.94
887.40
893.62
896.26
897.50
904.50
911.50
911.50
968.76
975.92
981.88
986.52
1007.99
1034.96
1051.44
1086.91
1089.88
1093.07
1094.13
1085.12
1086.50
1092.50
1100.50
1109.59
1113.17
1116.04
1116.95
1118.32
1119.50
1120.50
1122.00
1126.12
1135.50
1147.68
1153.00
1158.81
1159.82
1170.57
1175.17
1154.28
1165.61
1195.20
1214.00
1217.86
1244.33
1262.10
1286.50
1301.06
1309.84
1320.19
1331.93
1335.50
1348.50
1356.44
1369.00
1386.04
1405.05
1426.10
1442.06
1449.86
1461.83
1484.33
1490.76
1494.06
1509.95
1521.17
1529.00
1544.00
1552.00
1561.15
1576.03
1590.47
1598.00
1605.50
1623.11
1631.12
1661.30
1686.24
1703.71
1714.14
1737.76
1726.38
1744.50
1746.61
1788.63
1830.28
1880.82
1840.10
1847.98
1791.22
1872.39
1890.98
1897.84
1909.35
1939.67
1961.70
1991.31
2007.96
2051.72
2055.22
2101.84
2114.65
2157.22
2175.62
2231.12
2230.89
2253.00
2268.85
2285.89
2325.50
2340.01
2378.41
2415.02
2451.82
2469.64
2524.97
2545.18
2546.24
2587.31
2601.71
2629.65
2666.66
2695.09
2711.50
2743.76
2772.95
2795.14
2801.73
2808.65
2826.12
2865.76
2899.14
2942.90
2978.00
2975.97
2995.44
3029.80
3047.78
3074.45
3121.45
3136.80
3132.24
3148.67
3158.85
3169.01
3210.58
3233.83
3252.74
3266.49
3272.50
3275.00
3275.50
3278.00
3278.50
3286.65
3221.96
3291.00
3292.00
3293.00
3292.50
3292.50
3288.50
3285.00
3276.00
3262.41
3257.35
3256.14
3251.58
3246.09
3243.19
3214.42
3193.31
3176.91
3160.69
3145.32
3140.34
3132.00
3107.05
3087.01
3079.47
3072.03
3048.54
3025.51
3011.17
2998.47
2983.79
2957.48
2938.45
2921.60
2907.46
2892.31
2876.93
2858.00
2842.80
2812.90
2794.70
2764.59
2742.88
2707.83
2685.67
2667.35
2645.83
2502.53
2287.54
2406.42
2388.75
2374.51
2371.08
2337.77
2320.37
2327.18
2287.65
2266.41
2259.58
2248.43
2218.60
2210.57
2164.74
2118.93
2091.59
2056.42
2028.10
2017.31
1997.41
1992.28
1950.14
1930.20
1893.96
1858.51
1838.94
1823.44
1794.83
1783.50
1769.50
1766.49
1740.32
1705.00
1672.95
1647.17
1628.00
1606.34
1585.52
1568.76
1554.62
1552.21
1532.18
1504.31
1483.69
1467.64
1451.07
1439.05
1432.50
1423.50
1415.88
1410.83
1403.73
1400.01
1389.88
1370.00
1360.90
1351.52
1331.92
1323.03
1316.65
1312.20
1304.50
1297.17
1290.39
1266.28
1248.68
1234.71
1230.39
1229.57
1225.91
1212.12
1206.83
1201.63
1187.58
1184.50
1182.00
1180.50
1171.69
1162.00
1153.00
1135.50
1130.94
1121.81
1116.30
1115.30
1109.85
1103.86
1103.71
1100.81
1096.96
1086.33
1074.50
1064.85
1064.00
1061.50
1054.00
1049.19
1050.65
1025.80
1035.19
1032.50
1029.00
1015.91
1006.00
998.91
996.68
997.94
994.87
993.91
992.95
988.90
992.50
993.15
994.41
995.94
999.00
999.50
999.47
999.50
1000.97
1003.50
1006.83
1006.81
1008.62
1006.50
1004.50
1003.50
1002.47
1002.50
999.50
995.80
991.77
989.50
987.50
986.39
986.50
986.00
986.00
985.50
985.00
987.04
991.00
991.09
993.28
992.85
993.00
996.07
994.50
995.50
998.00
1028.32
1035.50
1040.00
1043.16
1057.92
1076.43
1068.15
1088.81
1092.26
1096.60
1102.82
1109.03
1122.00
1131.91
1145.10
1153.43
1155.00
1158.00
1160.50
1169.50
1176.14
1188.10
1195.36
1199.77
1255.92
1221.71
1431.37
1907.04
1542.10
1791.15
1702.10
1366.63
1350.87
1355.16
1363.10
1345.31
1395.78
1449.93
1445.37
1437.69
1472.27
1478.13
1501.90
1523.95
1534.62
1545.99
1567.21
1560.45
1603.35
1641.49
1661.05
1687.46
1696.23
1730.05
1740.99
1761.06
1779.14
1799.32
1833.75
1836.39
1889.44
1893.26
1924.27
1952.69
1977.05
2018.91
2037.19
2112.86
2089.68
2116.72
2141.22
2166.11
2189.43
2216.43
2244.89
2263.68
2290.68
2309.38
2322.86
2348.18
2372.11
2403.03
2422.83
2460.78
2481.32
2505.98
2512.21
2536.71
2581.02
2590.43
2645.84
2633.90
2619.35
2640.04
2655.23
2660.70
2663.81
2669.50
2671.00
2672.00
2672.00
2667.50
2658.50
2659.34
2663.00
2662.42
2656.79
2645.11
2656.00
2647.50
2509.48
2447.52
2412.40
2368.80
2329.76
2296.29
2250.28
2197.66
2163.22
2150.93
2122.26
2082.20
2052.27
2017.80
1973.37
1916.13
1891.99
1840.34
1803.84
1767.63
1762.22
1723.82
1698.16
1664.66
1636.23
1609.30
1582.22
1550.81
1509.14
1485.01
1443.39
1406.05
1390.45
1378.57
1346.05
1314.77
1288.52
1261.85
1237.58
1201.67
1173.72
1160.42
1139.32
1118.58
1106.32
1085.26
1080.73
1045.27
1029.57
1013.12
999.88
984.15
975.27
969.55
959.56
947.62
939.00
921.32
878.00
873.50
886.95
881.87
882.23
876.86
878.05
869.50
864.00
858.50
855.50
855.00
854.50
854.00
854.00
855.64
855.64
854.32
852.00
850.00
849.48
849.72
846.89
844.50
844.91
844.00
844.38
846.82
848.50
847.97
847.89
849.00
849.50
850.21
850.00
852.68
853.00
854.00
859.94
863.10
864.93
863.25
863.85
865.09
873.57
876.72
885.21
891.90
899.02
910.00
917.00
921.38
933.40
937.00
942.55
953.00
972.29
946.61
951.00
956.61
962.08
962.73
964.44
965.50
965.50
962.00
962.08
960.62
957.97
955.86
953.50
951.57
950.52
950.52
951.00
950.50
952.59
955.78
959.50
963.60
968.90
970.76
973.59
976.41
980.64
972.00
972.14
972.48
971.50
970.00
967.63
963.50
962.50
959.17
956.00
954.43
952.79
948.52
946.77
945.59
945.56
944.73
943.92
943.35
943.50
942.50
942.00
940.50
936.50
936.18
934.00
932.14
932.76
934.00
926.72
912.32
886.12
874.71
878.00
873.50
868.50
867.00
858.50
846.66
838.31
816.78
812.83
809.08
803.45
799.77
785.16
768.97
744.44
739.11
729.70
710.33
707.67
715.56
711.90
702.94
702.94
699.62
699.14
696.36
692.29
684.59
673.26
657.37
651.87
606.08
600.39
606.41
620.06
585.23
596.63
610.11
580.25
585.24
600.63
601.67
614.94
621.00
622.00
622.50
623.00
622.00
620.50
618.50
611.50
607.00
606.00
605.60
605.00
604.00
601.00
601.00
601.00
601.00
601.50
602.15
602.50
605.00
607.00
608.00
607.50
607.00
606.50
606.83
606.32
605.23
600.29
598.54
598.09
598.06
597.03
597.06
595.50
606.57
613.50
616.93
618.21
624.65
631.96
634.61
638.93
641.42
645.18
658.00
658.00
658.50
658.62
657.94
654.43
651.50
649.69
648.50
647.50
646.64
644.73
644.00
639.00
637.00
635.50
634.50
634.22
634.73
640.50
647.50
652.05
651.33
653.22
654.00
657.55
666.17
668.00
668.50
669.34
667.48
665.00
663.50
662.72
662.72
662.50
664.55
664.67
669.50
677.00
682.00
682.89
685.00
686.00
687.11
688.77
690.00
690.00
690.00
688.50
687.00
683.00
682.00
681.50
681.50
681.00
683.50
689.50
693.07
694.70
696.60
697.33
698.35
700.00
700.14
700.14
699.79
699.74
700.28
703.19
705.04
704.29
707.50
711.00
712.85
717.50
723.98
733.00
734.62
739.83
741.21
741.21
739.50
737.50
737.00
736.50
736.50
736.50
737.50
741.50
742.50
747.51
743.50
743.50
747.18
748.00
749.50
761.00
761.50
762.05
762.16
761.58
761.58
759.50
767.12
770.00
760.00
764.27
787.13
797.15
808.00
824.17
828.50
866.89
836.00
838.00
841.50
850.00
854.00
856.50
865.50
872.00
874.17
888.47
901.60
899.58
900.00
896.89
901.29
912.54
919.83
926.40
946.71
962.47
970.53
980.17
985.69
986.32
984.47
986.00
990.85
996.68
1004.94
1012.50
1018.55
1020.70
1020.00
1021.00
1024.00
1025.00
1029.50
1032.50
1036.00
1037.00
1037.50
1038.50
1039.50
1040.00
1037.50
1034.00
1032.00
1030.00
1030.00
1029.00
1026.40
1024.68
1022.66
1022.66
1018.65
1022.86
1026.20
1028.74
1028.00
1031.35
1034.00
1039.00
1051.06
1061.74
1066.24
1067.60
1062.32
1063.08
1075.36
1077.17
1079.00
1079.24
1080.00
1087.27
1093.38
1090.21
1119.41
1128.70
1136.86
1141.04
1146.25
1166.16
1187.95
1210.68
1208.81
1225.54
1231.23
1235.61
1238.50
1240.11
1246.05
1252.77
1258.58
1260.59
1263.00
1266.50
1267.50
1268.00
1268.50
1267.50
1261.00
1256.00
1252.00
1246.55
1239.93
1233.36
1227.92
1223.72
1216.11
1201.51
1190.07
1183.94
1179.78
1174.11
1162.46
1151.86
1136.50
1127.00
1119.96
1107.37
1093.95
1087.50
1079.43
1073.00
1060.62
1058.50
1044.18
1022.95
1021.64
990.14
961.04
976.09
930.48
959.76
960.96
930.78
1036.88
1243.57
1146.92
917.74
869.64
860.82
909.49
891.69
890.15
862.44
825.87
819.11
839.38
805.01
788.46
808.50
773.70
773.00
760.44
754.49
815.83
744.00
740.00
731.05
724.00
722.78
721.00
714.00
705.50
696.50
692.72
689.50
684.31
678.50
678.47
674.28
672.07
670.62
671.85
674.50
677.50
681.50
682.50
684.50
684.50
686.00
688.50
697.07
712.12
718.24
717.25
721.27
724.82
726.43
731.53
737.00
742.54
756.67
773.50
776.50
780.00
779.50
791.65
801.00
807.50
780.74
807.58
816.39
834.16
845.75
855.56
863.24
877.50
884.00
886.03
893.58
905.00
911.00
919.50
922.23
941.29
954.05
955.17
957.76
970.06
975.00
998.62
1009.49
1030.35
1047.00
1054.54
1061.50
1072.99
1098.32
1110.48
1128.03
1151.42
1161.52
1191.89
1198.96
1219.43
1266.32
1241.37
1250.31
1272.33
1267.76
1273.43
1282.50
1291.50
1297.50
1305.50
1307.22
1308.83
1310.64
1313.08
1312.14
1314.41
1317.79
1315.59
1314.50
1314.00
1306.65
1303.47
1301.43
1299.95
1297.00
1293.00
1291.50
1290.00
1246.44
1171.50
1168.00
1166.50
1166.00
1166.00
1166.00
1165.50
1166.03
1162.50
1153.83
1152.50
1151.50
1151.00
1151.00
1150.50
1151.50
1152.00
1152.00
1152.50
1152.00
1153.00
1097.68
1152.00
1152.00
1149.81
1147.05
1148.00
1147.50
1147.00
1146.50
1154.50
1155.00
1154.25
1153.76
1154.64
1152.31
1154.45
1154.00
1154.00
1154.50
1155.00
1157.33
1173.50
1177.50
1178.00
1179.00
1208.93
1225.02
1234.50
1237.98
1246.50
1253.00
1258.73
1290.16
1280.46
1301.64
1319.70
1336.00
1348.03
1356.64
1362.50
1370.50
1380.25
1395.66
1413.93
1452.43
1462.00
1481.00
1507.10
1515.66
1537.37
1562.56
1596.85
1595.50
1609.06
1623.39
1643.21
1656.25
1687.35
1710.22
1728.03
1746.27
1757.95
1775.78
1816.83
1846.05
1852.50
1866.87
1878.50
1883.36
1931.48
1972.03
2004.50
2021.00
2014.72
2015.02
2028.55
2038.50
2047.00
2103.58
2054.00
2054.50
2053.50
2051.00
2046.50
2044.98
2035.29
2037.33
2046.00
2023.67
2003.27
1971.81
1946.55
1923.14
1914.65
1904.61
1897.75
1895.49
1888.13
1867.92
1843.08
1830.32
1804.40
1808.63
1794.10
1793.82
1790.61
1770.74
1760.05
1721.07
1731.51
1715.94
1653.01
1639.00
1633.50
1620.50
1610.54
1609.13
1607.12
1603.52
1597.52
1581.78
1566.50
1554.22
1534.85
1530.00
1528.76
1530.41
1525.92
1514.39
1509.15
1497.73
1486.10
1480.76
1471.50
1438.00
1468.50
1460.57
1458.00
1453.00
1444.00
1434.60
1431.96
1413.10
1411.42
1409.58
1407.69
1409.99
1436.78
1396.94
1410.86
1367.85
1353.50
1343.17
1341.00
1339.00
1334.00
1327.00
1324.21
1313.14
1307.00
1298.00
1285.50
1281.00
1274.24
1267.50
1252.00
1228.64
1217.50
1208.00
1203.00
1198.50
1193.00
1191.00
1181.00
1171.17
1158.31
1146.47
1132.44
1122.50
1120.50
1114.50
1100.18
1092.27
1083.65
1082.06
1078.63
1078.09
1066.21
1061.03
1059.50
1054.38
1049.00
1047.00
1047.00
1205.24
1048.00
1049.00
1049.50
1050.00
1049.00
1048.00
1042.50
1034.96
1016.63
1009.00
1007.12
1007.40
1006.75
1003.90
1000.00
996.00
985.73
982.50
980.50
981.00
983.00
985.50
987.00
988.00
990.00
991.33
1004.40
1016.55
1032.58
1044.58
1048.35
1046.07
1048.18
1049.00
1051.50
1058.00
1062.50
1064.00
1065.50
1065.20
1064.39
1066.00
1067.21
1067.68
1068.04
1069.65
1071.11
1072.96
1071.00
1074.26
1079.50
1079.50
1080.00
1079.00
1079.00
1079.00
1079.50
1079.50
1080.00
1081.00
1081.00
1081.50
1081.50
1081.50
1081.50
1081.50
1081.50
1082.00
1089.00
1088.63
1089.19
1090.62
1090.00
1089.50
1090.50
1095.29
1103.33
1109.82
1119.00
1124.43
1130.27
1136.08
1139.90
1142.53
1151.50
1153.97
1157.50
1161.00
1173.50
1182.08
1186.34
1195.00
1197.85
1206.14
1208.50
1214.50
1216.00
1224.45
1227.50
1238.00
1252.50
1258.50
1264.24
1273.00
1279.00
1281.82
1284.00
1286.41
1289.95
1305.50
1311.33
1311.00
1311.00
1311.00
1310.50
1311.20
1310.00
1310.00
1310.00
1311.00
1315.50
1317.26
1319.78
1327.33
1333.00
1337.20
1344.14
1344.97
1374.38
1395.00
1406.58
1412.72
1446.29
1442.62
1495.87
1457.79
1466.94
1484.17
1488.30
1498.50
1539.67
1519.00
1526.50
1532.50
1544.50
1552.00
1556.00
1557.50
1561.50
1569.47
1576.00
1581.00
1586.55
1599.00
1615.12
1670.13
1646.00
1655.54
1669.50
1689.34
1702.77
1716.19
1727.49
1730.31
1745.97
1763.44
1775.46
1790.60
1803.42
1857.68
1884.98
1856.00
1866.34
1867.00
1871.58
1875.85
1903.51
1919.83
1925.46
1944.28
1967.51
1986.17
1987.00
1998.33
2002.25
2007.02
2005.22
2009.11
2022.22
2026.16
2037.07
2041.00
2043.00
2045.50
2051.50
2056.00
2056.50
2059.93
2063.04
2062.48
2063.65
2064.82
2064.96
2063.23
2061.50
2058.68
2058.50
2058.00
2057.00
2053.59
2052.50
2050.00
2044.50
2036.50
2025.50
2020.14
2019.22
2018.75
2016.50
2017.45
2020.65
2018.16
2004.27
2000.30
1991.52
1985.00
1984.00
1981.50
1980.50
1975.76
1972.81
1966.19
1956.93
1954.86
1943.77
1939.07
1940.26
1940.12
1933.62
1930.39
1920.84
1917.50
1917.50
1918.00
1919.00
1920.50
1928.50
1935.25
1947.75
1956.60
1955.64
1957.21
1958.54
1962.77
1966.70
1972.50
1972.00
1972.00
1972.00
1972.50
1973.00
1977.50
1978.50
1980.50
1983.50
1987.43
1999.08
2005.47
2007.92
2014.96
2017.00
2017.00
2014.88
2010.24
2004.34
2001.81
2002.91
2002.50
1997.63
1995.42
1993.58
1986.28
1975.50
1919.00
1911.59
1902.55
1885.92
1867.66
1867.77
1840.00
1826.31
1814.17
1784.61
1680.06
1611.90
1610.99
1602.07
1602.21
1567.58
1558.76
1545.50
1544.42
1508.75
1508.52
1505.44
1506.71
1493.08
1469.02
1451.39
1431.47
1393.56
1384.30
1360.02
1342.00
1340.69
1340.06
1308.99
1303.50
1281.09
1257.49
1231.76
1262.78
1204.63
1200.54
1190.17
1182.25
1173.18
1169.08
1157.51
1149.00
1144.50
1142.00
1136.00
1128.50
1119.00
1110.26
1106.78
1102.50
1099.50
1097.12
1095.50
1095.00
1094.50
1094.00
1095.00
1096.50
1096.00
1095.50
1097.50
1100.64
1107.84
1117.69
1132.10
1180.80
1167.89
1181.00
1187.50
1233.91
1201.50
1240.78
1399.83
1233.50
1242.00
1251.00
1267.50
1282.00
1289.66
1301.40
1313.08
1315.94
1323.18
1336.00
1341.00
1343.00
1353.50
1359.00
1361.00
1364.00
1366.27
1369.00
1372.50
1373.50
1376.20
1384.50
1387.00
1397.00
1402.57
1407.83
1415.29
1425.61
1431.36
1443.17
1447.07
1451.19
1456.88
1460.16
1462.93
1467.50
1476.50
1478.00
1486.83
1487.50
1489.00
1490.00
1490.50
1491.00
1492.00
1500.00
1502.50
1503.00
1503.40
1504.22
1503.00
1504.00
1535.98
1546.44
1598.36
1631.94
1619.74
1634.77
1660.20
1669.96
1686.64
1695.65
1733.84
1733.02
1749.68
1775.19
1795.35
1798.33
1826.79
1841.50
1856.00
1866.78
1878.20
1898.02
1916.99
1934.75
1934.00
1942.42
1949.14
1959.00
1964.97
2027.28
2034.24
2036.43
2035.01
2037.67
2050.28
2079.88
2093.85
2118.31
2136.22
2159.07
2199.04
2224.86
2258.21
2264.22
2284.63
2308.36
2326.14
2357.61
2391.42
2424.76
2432.90
2481.47
2495.87
2511.41
2543.85
2536.45
2534.84
2600.81
2636.92
2657.06
2692.27
2702.98
2720.56
2773.43
2803.91
2817.17
2839.30
2852.02
2879.50
2902.96
2932.09
2952.68
2975.08
3015.62
3024.77
3039.50
3048.50
3060.76
3068.49
3091.96
3106.00
3120.57
3110.41
3163.36
3169.45
3178.71
3180.72
3185.98
3194.89
3213.66
3229.08
3238.50
3245.23
3258.10
3260.27
3263.65
3263.67
3266.80
3276.41
3280.00
3287.50
3297.00
3300.61
3310.66
3313.18
3313.00
3314.33
3317.09
3327.04
3342.17
3354.50
3364.28
3371.38
3372.50
3372.50
3373.34
3374.13
3374.38
3373.52
3372.55
3372.25
3373.94
3374.81
3377.63
3377.50
3380.50
3383.50
3387.00
3388.50
3389.50
3400.18
3402.72
3407.45
3413.00
3417.00
3420.13
3434.50
3437.00
3438.64
3440.53
3443.50
3445.00
3445.50
3446.50
3447.50
3448.00
3448.50
3449.00
3449.00
3449.50
3450.54
3451.59
3451.00
3453.50
3455.00
3460.40
3464.00
3472.00
3473.50
3475.00
3475.00
3478.00
3480.00
3481.00
3481.50
3492.56
3496.48
3498.72
3496.79
3498.31
3499.28
3500.28
3499.86
3498.17
3493.22
3491.79
3491.84
3492.34
3492.24
3493.13
3493.75
3495.14
3496.51
3496.30
3498.48
3505.85
3511.28
3515.50
3518.50
3520.00
3522.00
3523.00
3523.50
3525.00
3525.50
3526.00
3526.50
3526.00
3526.50
3526.50
3526.00
3526.50
3526.00
3526.50
3525.00
3517.00
3517.50
3511.60
3509.76
3507.93
3509.40
3505.29
3504.24
3504.87
3504.62
3504.50
3506.13
3506.47
3509.15
3514.00
3512.73
3514.15
3517.45
3515.20
3514.09
3507.54
3506.31
3501.30
3500.23
3499.20
3497.29
3497.72
3497.87
3498.10
3500.61
3503.56
3510.00
3514.50
3515.00
3515.42
3516.50
3517.00
3516.44
3518.00
3520.00
3524.00
3526.50
3533.23
3534.50
3538.27
3539.98
3537.33
3536.54
3538.36
3547.28
3551.22
3555.68
3554.95
3560.40
3559.85
3556.88
3555.00
3550.36
3547.54
3544.00
3542.83
3540.14
3539.28
3539.30
3539.50
3539.50
3540.00
3541.00
3544.50
3545.00
3545.83
3546.00
3546.00
3545.50
3542.00
3538.00
3537.00
3535.50
3535.00
3535.00
3534.50
3534.00
3533.50
3532.50
3530.50
3523.50
3519.50
3518.00
3518.50
3520.11
3518.87
3519.32
3516.00
3510.46
3509.50
3509.00
3508.50
3507.40
3506.90
3506.50
3508.00
3508.00
3507.32
3509.00
3509.50
3510.00
3509.50
3508.50
3507.45
3508.00
3506.00
3506.00
3506.50
3510.50
3511.00
3514.00
3514.00
3514.00
3514.47
3516.00
3516.00
3518.56
3525.50
3527.50
3528.00
3529.00
3530.00
3530.00
3530.00
3529.50
3529.00
3528.00
3526.00
3518.50
3517.00
3511.19
3506.46
3496.13
3474.14
3488.15
3488.82
3486.40
3476.07
3466.50
3463.88
3458.00
3456.00
3455.50
3455.00
3455.00
3459.00
3465.02
3465.52
3466.02
3468.00
3474.35
3482.41
3485.06
3495.32
3507.53
3511.78
3515.50
3515.50
3515.00
3514.50
3514.00
3515.00
3515.50
3514.97
3514.50
3514.95
3515.00
3515.00
3515.00
3511.04
3506.08
3497.80
3488.85
3483.76
3482.08
3482.08
3480.30
3481.68
3481.83
3484.47
3482.93
3489.44
3496.16
3500.64
3502.45
3505.18
3510.47
3512.45
3516.12
3518.50
3522.95
3527.00
3528.00
3528.50
3529.00
3529.50
3530.00
3530.00
3530.00
3530.00
3526.00
3529.00
3528.50
3527.00
3525.50
3524.00
3523.50
3519.50
3513.18
3513.29
3511.12
3510.29
3508.00
3508.00
3507.50
3506.50
3507.50
3510.50
3510.50
3507.60
3511.00
3513.00
3516.00
3522.24
3520.92
3527.00
3527.00
3526.50
3525.58
3525.50
3521.40
3519.00
3519.00
3517.80
3517.59
3515.06
3507.50
3506.00
3507.00
3508.00
3507.00
3508.50
3508.50
3506.50
3505.50
3508.93
3506.75
3501.90
3499.90
3498.96
3497.34
3484.11
3477.04
3473.68
3470.57
3188.09
2963.28
3461.00
3460.50
3192.89
2644.33
2004.60
1314.77
1247.09
1872.08
2007.21
2010.19
2011.02
2010.84
2010.18
1983.09
1974.18
2013.28
2010.86
2011.23
2009.13
2008.46
2005.73
2011.25
2011.67
2406.50
2011.15
2013.07
2008.84
2007.90
2009.33
2013.06
2014.02
2012.26
2011.39
2010.45
2011.86
2008.18
2016.95
2012.07
2012.27
2011.79
2013.48
2015.16
2012.33
2014.21
2014.69
2014.52
2011.43
2009.37
2011.22
2013.21
2011.38
2009.97
2009.50
2009.50
2008.67
2013.12
2009.50
2009.50
2009.50
2013.27
2016.09
2047.13
2009.50
2010.44
2015.74
2014.53
2013.58
2013.68
2013.21
2069.86
2011.96
2025.25
2015.16
2014.79
2011.58
2008.99
2011.01
2012.90
2009.80
1842.80
2010.38
2121.24
2012.90
2012.06
2012.53
2010.95
2033.58
1859.58
2072.05
2056.41
2017.73
2012.54
2011.22
2009.90
2011.31
2010.95
2008.86
2009.50
2013.74
2013.74
2084.63
2152.12
2013.18
2011.21
2025.47
2087.60
2047.42
2141.10
2025.06
2014.69
2015.63
2013.26
2014.32
2015.37
2017.59
2018.66
2014.03
2252.27
2161.37
2091.48
2229.75
3530.00
3530.00
3530.50
3530.50
3530.50
3530.50
3530.50
3530.50
3530.50
3530.50
3529.50
3529.50
3527.50
3517.00
3513.45
3506.12
3497.53
3489.73
3480.70
3487.23
3479.45
3487.89
3473.43
3477.83
3477.68
3475.37
3471.25
3466.80
3457.20
3452.50
3449.97
3450.50
3449.50
3449.14
3447.95
3446.59
3446.83
3446.52
3447.61
3446.50
3451.50
3460.95
3466.50
3472.62
3481.18
3490.40
3493.96
3498.33
3500.70
3496.00
3510.38
3513.68
3522.50
3528.50
3532.00
3533.00
3538.50
3545.00
3547.00
3549.50
3551.50
3552.00
3552.83
3552.79
3553.26
3553.89
3553.79
3552.64
3551.37
3549.50
3547.58
3547.00
3544.00
3534.00
3528.00
3521.24
3513.05
3514.13
3514.00
3508.11
3502.69
3498.58
3490.67
3483.85
3478.83
3474.05
3471.86
3470.61
3469.58
3467.50
3466.00
3465.50
3465.50
3465.50
3468.53
3470.50
3473.00
3473.50
3475.00
3475.00
3475.00
3475.00
3474.53
3473.50
3472.96
3475.85
3484.32
3489.44
3490.60
3490.24
3493.79
3496.31
3511.91
3512.50
3510.50
3511.93
3514.00
3515.50
3520.42
3513.90
3515.90
3516.74
3517.46
3514.03
3505.66
3505.05
3504.21
3503.13
3502.52
3501.95
3494.65
3493.29
3494.85
3495.89
3484.57
3498.66
3507.10
3514.16
3513.59
3515.46
3515.46
3515.71
3520.09
3515.00
3513.50
3513.00
3513.42
3514.00
3513.55
3511.59
3511.12
3510.11
3510.03
3512.14
3517.55
3519.24
3518.12
3520.34
3521.11
3520.70
3520.09
3519.32
3520.50
3520.37
3520.00
3513.62
3505.03
3497.81
3495.03
3481.36
3468.48
3459.23
3458.52
3458.45
3457.64
3449.97
3451.00
3449.50
3449.50
3449.03
3450.50
3453.00
3453.50
3458.50
3461.00
3461.50
3462.00
3461.50
3462.00
3462.00
3462.00
3462.50
3463.00
3462.50
3462.50
3462.50
3462.00
3463.00
3463.00
3464.00
3464.00
3465.00
3467.00
3470.00
3475.64
3485.37
3499.83
3502.88
3507.56
3517.56
3521.23
3524.19
3530.72
3530.59
3540.48
3546.00
3549.50
3552.00
3555.50
3557.00
3556.44
3557.23
3556.81
3555.84
3552.50
3551.00
3547.90
3547.06
3544.00
3537.00
3529.18
3529.00
3527.61
3522.00
3519.00
3518.50
3514.50
3513.00
3500.33
3485.91
3482.83
3482.18
3480.77
3481.51
3477.24
3477.15
3476.03
3473.83
3472.00
3472.00
3471.50
3472.00
3472.00
3472.50
3473.00
3473.50
3474.00
3474.00
3474.50
3475.00
3474.50
3475.00
3475.00
3476.50
3477.50
3478.69
3479.50
3486.35
3494.79
3497.62
3503.36
3505.61
3507.13
3509.05
3513.09
3515.76
3521.00
3529.56
3535.00
3542.50
3543.70
3545.50
3546.18
3546.69
3550.00
3553.00
3559.78
3567.86
3572.00
3573.50
3575.00
3575.00
3574.50
3560.00
3554.93
3552.00
3549.04
3546.00
3544.00
3532.40
3532.50
3531.00
3515.50
3510.23
3503.43
3499.08
3496.47
3496.65
3496.40
3504.24
3505.78
3509.65
3515.77
3521.56
3522.77
3528.34
3530.00
3530.34
3529.97
3534.36
3538.00
3537.32
3529.50
3530.47
3530.00
3527.96
3516.72
3513.50
3508.00
3504.00
3502.50
3487.96
3484.05
3485.43
3485.83
3482.60
3493.36
3501.49
3503.49
3505.89
3511.24
3500.38
3498.40
3501.91
3516.58
3536.28
3541.15
3549.26
3547.83
3545.30
3549.57
3543.40
3539.85
3534.50
3530.84
3530.19
3524.19
3519.97
3519.23
3514.77
3507.15
3502.44
3498.63
3494.64
3489.07
3486.00
3491.95
3500.27
3505.12
3506.60
3508.16
3505.12
3504.48
3503.74
3493.05
3489.27
3488.74
3490.63
3482.98
3481.71
3476.68
3475.87
3471.21
3468.00
3466.50
3468.79
3473.04
3476.40
3483.54
3490.42
3494.10
3495.80
3495.77
3499.29
3504.06
3517.42
3519.00
3523.50
3525.00
3526.00
3526.50
3527.00
3528.50
3530.50
3531.50
3532.00
3531.50
3532.00
3526.00
3525.50
3524.50
3522.75
3520.00
3518.50
3518.28
3515.47
3514.47
3512.97
3512.47
3514.00
3514.50
3515.00
3514.47
3514.50
3515.00
3515.50
3515.50
3513.51
3502.50
3500.51
3499.69
3494.78
3497.11
3493.41
3485.53
3482.51
3480.55
3478.72
3477.50
3480.37
3475.00
3486.98
3488.27
3489.19
3494.76
3502.29
3505.04
3506.73
3505.32
3504.04
3497.00
3501.60
3499.62
3496.20
3490.94
3489.50
3484.50
3480.50
3480.50
3479.50
3477.00
3476.00
3474.50
3473.50
3473.00
3473.10
3473.00
3474.00
3475.50
3476.00
3476.50
3478.00
3479.00
3479.00
3480.00
3482.00
3489.20
3497.53
3499.50
3503.58
3504.53
3507.97
3512.91
3513.39
3514.50
3517.78
3524.54
3532.00
3536.50
3538.00
3540.66
3542.34
3543.61
3545.30
3546.30
3546.07
3548.28
3546.26
3544.50
3542.00
3532.51
3527.50
3527.11
3523.13
3519.50
3513.80
3497.95
3494.73
3491.70
3487.69
3474.80
3469.00
3463.96
3460.00
3452.00
3450.85
3447.50
3444.00
3443.43
3439.55
3434.50
3433.50
3430.50
3429.00
3428.50
3428.00
3428.00
3428.50
3428.00
3427.00
3422.86
3414.00
3411.50
3410.00
3404.45
3406.02
3405.83
3403.67
3384.23
3374.34
3376.34
3360.00
3358.00
3352.00
3344.50
3337.43
3324.05
3301.48
3276.00
3272.11
3265.20
3266.65
3241.90
3224.70
3209.32
3166.61
3117.75
3062.26
3028.02
2986.49
2916.80
2840.75
2720.18
2614.34
2494.57
2361.46
2221.44
2061.85
1867.60
1713.93
763.50
749.50
749.50
749.50
749.00
748.50
748.00
747.00
746.50
740.50
739.00
738.50
738.00
739.00
740.00
740.37
744.61
741.00
741.50
740.00
739.42
739.00
739.00
739.00
739.50
739.50
741.00
742.52
752.57
763.92
769.70
778.22
778.90
780.03
780.00
784.14
785.44
783.50
784.42
783.67
781.33
777.91
772.50
771.50
770.50
769.50
768.50
768.00
766.50
760.86
753.09
757.00
757.26
757.50
757.00
756.50
755.00
754.50
751.50
749.27
750.38
749.41
750.42
749.09
747.50
744.17
728.31
681.53
667.81
647.98
626.50
618.50
616.00
615.00
613.50
608.00
601.50
596.50
574.61
561.06
541.23
508.34
505.50
505.00
507.50
507.47
507.57
505.56
503.23
501.90
497.00
495.25
496.00
494.00
489.50
488.50
487.00
483.73
479.00
472.50
471.00
470.50
471.00
471.40
474.66
477.50
479.03
479.00
479.50
482.11
487.50
495.94
498.00
499.50
499.50
498.28
497.50
494.00
492.50
487.00
486.00
487.31
485.69
486.79
492.50
477.00
471.86
475.76
478.00
477.46
477.01
474.94
464.58
451.82
450.96
451.50
449.00
447.44
439.80
430.71
418.10
409.64
409.50
409.50
408.00
407.27
406.50
405.10
406.00
407.50
409.50
410.00
410.51
417.00
425.00
427.00
433.50
435.50
438.50
442.00
445.50
448.50
458.00
462.50
464.50
465.00
468.50
472.00
477.50
486.50
493.50
496.50
497.50
499.00
501.00
504.50
509.50
517.50
520.93
521.50
520.00
519.00
518.00
510.50
501.50
498.00
494.50
492.80
491.25
491.00
491.00
489.00
472.38
465.50
463.50
460.50
458.50
457.34
451.66
448.50
447.00
446.50
446.00
446.75
446.00
447.00
447.50
449.00
453.50
457.00
459.50
462.00
462.50
462.50
461.00
455.50
450.00
447.50
447.50
446.84
446.50
446.00
446.00
446.00
447.00
449.00
452.73
453.75
453.57
454.66
456.83
463.71
466.44
467.98
469.50
469.50
470.00
471.00
473.56
475.53
477.72
478.50
479.33
486.28
490.64
492.00
495.00
496.00
497.50
503.50
507.50
509.00
510.00
508.50
510.00
522.34
524.83
530.94
540.30
539.68
540.42
542.05
546.50
545.50
543.79
543.00
543.00
543.00
544.58
550.88
551.03
552.06
552.15
551.97
552.50
553.50
556.00
560.50
565.50
569.00
571.00
572.00
572.00
573.00
575.50
584.49
589.27
593.84
595.22
596.17
606.44
611.92
620.55
637.00
662.51
669.17
671.65
673.13
678.91
688.04
688.30
701.09
710.57
794.10
718.00
722.00
726.26
731.08
737.80
755.51
764.47
773.89
772.32
774.53
779.16
803.69
812.00
822.41
833.17
834.63
837.00
837.50
838.00
839.50
839.50
840.00
841.00
844.45
846.66
847.68
850.00
855.76
857.43
861.54
861.50
864.00
873.55
874.10
875.50
875.00
872.71
873.50
869.50
867.50
866.57
865.55
863.00
861.00
857.00
856.00
856.00
857.50
862.50
864.00
862.72
862.76
862.25
871.00
879.50
891.13
909.50
910.02
913.51
916.00
919.50
924.55
937.50
955.17
961.60
969.33
978.74
971.07
965.89
977.98
989.06
997.06
1000.42
1002.00
1002.50
1002.67
1002.17
1003.50
1003.00
1003.50
1004.00
1005.95
1007.95
1010.02
1014.00
1019.00
1018.50
1020.00
1021.00
1023.02
1024.57
1022.98
1019.50
1015.00
1016.49
1011.61
999.87
995.00
987.50
986.00
981.52
975.34
948.17
957.55
932.10
921.27
911.00
905.80
897.00
886.00
879.00
876.00
868.00
866.31
849.44
831.39
832.24
835.36
831.87
783.56
758.71
744.18
717.31
700.75
691.57
680.50
671.02
653.29
630.76
608.50
593.12
560.19
560.91
576.10
573.29
564.08
565.46
560.37
556.59
549.52
546.00
545.50
544.50
542.50
541.00
540.05
538.86
538.00
538.00
536.50
535.50
534.00
533.40
533.38
533.00
532.00
527.00
524.29
525.34
522.46
521.35
526.97
528.00
529.00
530.00
534.00
540.50
543.00
543.65
544.70
544.50
546.00
547.50
550.50
552.50
554.00
554.00
553.50
554.50
554.50
554.50
554.93
562.05
561.79
562.00
562.50
562.62
565.00
568.00
574.50
609.65
634.01
638.50
639.82
641.69
642.03
642.15
644.58
650.72
665.19
693.96
707.03
716.50
723.62
730.21
736.31
741.38
745.26
749.50
758.07
786.00
800.75
813.93
831.88
840.91
852.73
859.07
872.62
877.54
882.82
899.39
919.45
934.49
948.53
974.17
992.38
1001.00
1008.26
1018.49
1037.67
1026.73
1030.00
1043.50
1064.50
1072.00
1074.00
1075.00
1075.50
1076.50
1077.50
1080.68
1094.34
1099.00
1101.00
1102.50
1103.00
1103.00
1102.50
1103.00
1103.89
1093.97
1092.50
1080.54
1069.97
1073.76
1068.04
1059.36
1058.23
1040.28
1052.45
1017.50
1010.00
997.00
979.89
963.00
954.00
950.00
947.00
947.19
944.04
941.62
938.24
936.00
935.47
936.00
936.50
938.79
939.73
942.66
943.17
947.07
952.56
954.00
958.00
971.00
974.95
984.00
989.54
992.83
992.85
997.05
998.39
976.97
963.49
987.23
981.68
980.14
982.19
982.88
980.11
982.12
995.21
1028.70
1026.90
1059.28
1072.61
1070.07
1087.05
1096.00
1112.10
1125.51
1138.08
1151.60
1168.50
1183.58
1213.35
1238.54
1240.74
1264.49
1279.80
1304.70
1324.56
1368.12
1365.04
1372.22
1407.59
1424.34
1462.23
1485.93
1502.15
1533.52
1571.08
1594.08
1626.49
1647.05
1672.92
1677.94
1707.22
1731.30
1747.14
1766.84
1782.14
1812.89
1822.80
1836.46
1856.10
1852.80
1858.41
1871.15
1875.90
1882.00
1886.50
1890.50
1895.50
1903.00
1910.50
1911.50
1912.32
1913.48
1913.79
1913.79
1914.45
1913.73
1901.53
1888.56
1886.48
1888.07
1879.18
1872.63
1852.35
1869.12
1819.46
1801.92
1789.00
1773.36
1763.69
1744.26
1730.36
1718.20
1700.45
1678.92
1670.44
1662.06
1648.94
1626.77
1603.34
1608.36
1614.68
1575.50
1571.50
1570.98
1555.02
1531.34
1512.94
1491.72
1475.36
1465.76
1458.18
1440.32
1424.62
1415.04
1404.33
1384.27
1365.23
1345.16
1337.99
1332.61
1324.47
1297.12
1284.54
1258.68
1247.96
1239.76
1244.42
1245.90
1244.10
1245.48
1240.76
1234.84
1228.00
1227.00
1226.00
1224.50
1223.50
1223.00
1222.00
1213.74
1211.44
1211.02
1207.74
1175.51
1161.24
1175.48
1201.61
1130.24
1116.69
1106.62
1096.00
1077.50
1071.50
1065.00
1052.00
1033.00
1025.00
1018.50
1014.81
1004.42
992.87
985.50
976.19
963.60
948.89
937.50
917.55
909.57
895.37
886.30
875.60
864.00
853.64
852.40
844.11
824.93
814.64
804.55
800.50
797.54
791.50
788.50
787.00
779.12
770.21
763.83
761.60
758.89
751.89
748.15
748.50
744.96
744.41
742.74
736.30
729.00
726.39
729.73
724.45
718.67
722.15
736.77
739.22
740.50
749.26
752.39
748.22
751.50
754.15
778.70
795.61
804.00
809.50
814.50
817.00
822.00
829.00
832.28
843.06
848.06
853.55
852.50
854.50
856.50
862.00
871.50
874.00
881.00
886.19
889.50
891.00
891.52
891.50
891.21
890.93
966.71
952.27
884.00
882.50
881.60
877.18
874.00
871.50
866.98
851.87
845.71
839.22
836.96
834.81
834.47
831.27
828.45
826.40
825.26
824.88
825.42
829.03
837.50
842.61
843.83
846.17
851.76
859.41
868.00
867.00
872.52
886.72
898.24
905.41
918.75
913.45
929.07
952.62
952.45
957.87
966.94
1063.17
1008.32
1027.01
1040.17
1043.14
1043.32
1043.23
1044.49
1126.65
1063.89
1071.52
1088.65
1095.73
1104.00
1103.12
1104.82
1118.53
1119.98
1124.42
1130.54
1134.69
1144.77
1149.75
1155.73
1163.88
1171.00
1174.94
1178.75
1180.08
1189.08
1196.55
1203.64
1206.91
1211.40
1219.55
1221.19
1221.59
1223.00
1228.03
1241.00
1244.00
1245.50
1246.00
1247.00
1247.50
1249.00
1249.00
1257.00
1267.18
1275.00
1277.66
1294.27
1317.00
1356.38
1325.10
1330.29
1368.19
1421.65
1402.78
1438.87
1423.13
1461.20
1488.77
1479.82
1491.77
1523.20
1540.92
1552.00
1561.81
1575.13
1589.10
1599.42
1657.43
1632.31
1631.00
1668.86
1649.58
1656.25
1647.04
1638.12
1691.20
1699.88
1712.92
1723.81
1728.50
1727.76
1730.50
1738.00
1741.45
1744.50
1752.50
1753.50
1757.00
1762.19
1761.64
1769.02
1781.67
1775.37
1782.77
1789.36
1819.52
1848.96
1856.57
1854.71
1856.62
1864.88
1871.52
1869.50
1870.20
1874.50
1876.50
1876.53
1875.50
1869.86
1868.00
1860.03
1856.19
1848.47
1853.69
1837.44
1839.02
1828.17
1820.27
1812.41
1806.00
1805.22
1796.00
1785.62
1773.63
1767.58
1764.42
1758.95
1766.40
1763.86
1761.18
1754.49
1747.14
1746.50
1743.43
1744.00
1743.50
1742.50
1741.50
1741.00
1741.00
1743.00
1746.50
1747.50
1753.00
1751.55
1757.50
1759.00
1759.50
1759.50
1760.00
1761.50
1762.00
1763.28
1764.50
1770.35
1774.00
1777.50
1779.04
1781.78
1782.50
1784.92
1791.25
1798.13
1802.50
1807.00
1810.96
1814.00
1818.50
1821.11
1825.81
1827.65
1836.48
1847.25
1847.81
1849.73
1852.14
1852.42
1851.91
1850.73
1844.00
1838.49
1837.37
1836.28
1835.18
1832.09
1825.88
1824.85
1824.00
1820.11
1758.88
1736.67
1716.84
1715.88
1691.01
1655.19
1639.59
1619.77
1591.12
1496.64
1402.99
1414.19
1383.36
1380.75
1377.87
1371.75
1364.16
1361.73
1350.14
1312.06
1309.03
1301.25
1289.79
1271.82
1240.45
1231.82
1226.80
1223.51
1209.39
1188.31
1170.06
1165.50
1149.66
1134.07
1114.00
1104.62
1085.40
1067.84
1077.50
1064.50
1060.60
1055.57
1042.74
1038.50
1036.50
1029.79
1020.00
1000.20
988.20
983.00
979.00
970.50
970.00
969.22
968.48
962.00
956.69
954.59
951.00
950.50
951.50
927.48
959.50
961.50
965.50
969.50
970.79
979.11
997.11
1003.20
1014.32
1022.42
1024.67
1028.10
1033.50
1044.00
1014.06
1058.52
1061.10
1064.21
1066.51
1069.93
1073.21
1081.00
1084.00
1089.97
1092.83
1099.68
1107.08
1107.48
1115.57
1161.92
1138.50
1145.17
1135.73
1158.21
1215.97
1201.50
1211.17
1218.61
1226.27
1240.11
1269.08
1272.96
1276.86
1279.62
1280.66
1278.77
1287.50
1292.00
1293.00
1293.50
1293.50
1294.00
1294.50
1297.00
1298.36
1302.68
1304.89
1310.00
1313.89
1315.49
1317.00
1318.50
1323.73
1326.52
1334.26
1344.67
1359.87
1402.43
1369.41
1407.29
1395.69
1394.97
1409.30
1467.66
1477.29
1463.03
1519.37
1501.30
1512.06
1540.07
1556.27
1570.11
1597.08
1589.78
1591.00
1605.98
1622.00
1639.50
1652.18
1647.36
1723.94
1728.80
1742.44
1767.44
1803.20
1801.27
1793.65
1813.98
1835.63
1921.47
1892.42
1910.45
1948.74
1956.62
1963.00
1983.76
2010.44
2026.28
2039.57
2069.05
2096.71
2119.37
2137.07
2152.39
2174.92
2180.67
2207.33
2246.84
2259.67
2284.84
2308.44
2334.59
2355.00
2372.17
2385.74
2411.90
2426.44
2463.14
2494.45
2531.78
2534.09
2569.88
2592.03
2622.95
2652.92
2670.87
2686.95
2714.75
2736.88
2744.99
2787.52
2825.67
2849.96
2846.43
2868.62
2885.87
2909.51
2918.61
2938.54
2950.91
2987.89
3016.77
3030.72
3046.57
3072.69
3133.77
3143.54
3153.20
3142.82
3149.43
3153.00
3161.17
3174.50
3184.70
3137.86
3158.25
3173.81
3230.50
3232.00
3232.00
3233.62
3249.00
3255.34
3268.13
3278.50
3293.88
3301.50
3306.27
3314.06
3327.06
3380.55
3390.46
3395.80
3402.06
3404.50
3403.41
3406.00
3405.50
3406.00
3407.58
3408.00
3408.50
3408.50
3408.00
3405.50
3404.00
3396.00
3387.50
3380.25
3382.85
3382.31
3380.90
3381.06
3380.45
3379.83
3377.05
3377.94
3383.80
3391.92
3394.04
3392.97
3395.05
3395.97
3395.28
3403.29
3394.75
3394.19
3394.26
3390.25
3378.84
3369.36
3362.61
3360.00
3359.25
3356.81
3352.00
3346.32
3341.11
3336.00
3328.11
3317.96
3317.09
3316.21
3315.16
3315.50
3310.85
3310.04
3310.00
3310.00
3307.50
3306.00
3305.50
3300.50
3295.50
3292.00
3286.50
3281.21
3273.34
3268.29
3260.33
3283.00
3266.86
3225.47
3237.85
3200.91
3189.64
3164.82
3150.41
3144.19
3134.02
3108.53
3091.58
3081.15
3076.72
3069.10
3060.56
3059.85
3029.65
3008.47
3007.13
2977.32
2964.61
2984.54
2982.00
2976.22
2975.50
2975.50
2969.89
2954.82
2950.50
2945.00
2935.90
2923.90
2912.25
2913.73
2899.53
2900.00
2891.80
2865.50
2844.84
2803.27
2756.94
2753.00
2751.79
2749.75
2751.49
2752.24
2751.07
2749.80
2742.50
2737.86
2737.90
2737.64
2737.44
2738.28
2738.41
2736.50
2736.00
2736.90
2735.50
2735.00
2730.48
2725.00
2720.00
2718.07
2712.77
2711.89
2710.00
2712.50
2709.50
2704.00
2694.00
2689.20
2688.86
2670.86
2655.53
2646.96
2647.85
2654.44
2604.48
2587.17
2562.70
2527.34
2500.28
2466.81
2446.18
2428.64
2393.75
2374.03
2338.89
2314.97
2285.57
2267.34
2240.15
2222.88
2189.08
2158.14
2121.36
2085.10
2066.80
2026.65
1999.34
1970.90
1955.29
1921.21
1893.41
1855.46
1824.75
1808.50
1780.51
1755.45
1714.14
1687.36
1677.44
1659.39
1623.84
1593.60
1560.50
1552.19
1508.04
1487.81
1445.50
1433.30
1415.98
1404.70
1391.87
1376.06
1349.80
1330.47
1309.22
1293.30
1277.49
1266.09
1249.95
1238.85
1226.77
1211.05
1197.28
1187.97
1180.00
1169.03
1165.00
1163.50
1151.35
1135.54
1123.58
1122.87
1120.91
1112.62
1112.00
1109.00
1104.00
1099.00
1095.98
1091.33
1117.95
1073.91
1067.16
1059.66
1035.50
1041.35
1039.50
1032.11
1026.12
1022.82
1016.80
1008.20
1007.00
1004.78
1004.00
1003.00
1001.50
999.64
1000.00
991.20
991.31
961.36
979.78
969.64
965.65
971.79
979.76
970.96
975.10
957.80
931.05
926.50
925.00
922.50
921.50
917.00
910.50
909.00
908.00
906.50
906.50
906.50
910.95
913.95
917.46
918.50
921.00
920.00
921.60
927.00
932.26
940.84
945.00
945.50
946.00
946.00
946.00
945.82
947.97
956.00
959.44
960.26
963.43
963.00
971.58
973.39
972.50
974.00
973.50
973.32
971.79
968.41
955.50
952.50
961.17
952.73
949.44
941.96
934.26
934.14
930.19
924.50
924.50
923.50
923.50
923.50
923.50
923.18
924.17
925.15
921.12
919.93
918.65
918.81
918.41
917.50
918.50
919.50
919.93
921.00
922.88
928.37
932.50
933.50
935.50
936.50
938.00
939.00
941.50
942.50
944.00
945.50
946.50
946.50
900.78
898.53
947.50
947.50
946.50
944.50
944.00
944.00
941.30
938.50
937.50
937.00
937.00
937.00
937.50
938.50
938.97
940.26
941.69
944.44
946.32
947.82
949.00
952.15
956.82
956.28
972.00
986.48
966.72
962.35
980.51
996.50
1005.41
1022.61
1029.00
1037.00
1043.00
1044.50
1012.71
1018.03
1016.82
1037.16
1058.00
1057.89
1041.18
1066.17
1075.49
1087.82
1091.00
1097.66
1103.50
1105.00
1106.00
1107.00
1110.50
1128.00
1141.57
1157.95
1167.29
1169.02
1171.78
1176.18
1190.10
1203.88
1233.61
1267.36
1278.66
1304.89
1312.00
1305.64
1331.25
1333.63
1351.22
1360.16
1398.75
1422.13
1453.48
1479.92
1546.05
1495.15
1547.16
1577.77
1596.95
1606.83
1624.91
1684.91
1703.51
1723.57
1754.34
1775.15
1811.37
1852.91
1863.98
1871.87
1890.26
1911.72
1938.67
1979.31
2000.70
2014.95
2056.54
2039.76
2023.82
2108.58
2169.36
2166.04
2263.89
2282.78
2295.43
2324.14
2372.14
2376.31
2382.93
2410.30
2428.52
2452.36
2485.02
2521.92
2541.50
2577.16
2577.99
2593.80
2613.84
2589.03
2597.84
2636.59
2641.52
2649.78
2656.02
2659.50
2662.00
2663.75
2664.22
2607.55
2645.50
2642.96
2611.36
2644.00
2639.04
2586.94
2630.37
2618.11
2585.52
2475.83
2442.44
2415.73
2379.73
2348.90
2313.53
2288.78
2233.23
2203.12
2170.15
2122.37
2108.35
2074.62
2061.56
2027.29
2004.03
1977.09
1939.41
1901.68
1873.11
1839.61
1812.97
1800.28
1796.22
1772.68
1726.79
1694.77
1665.48
1648.34
1613.61
1593.40
1572.54
1548.21
1516.47
1493.99
1487.15
1461.54
1450.26
1425.91
1419.00
1389.30
1365.43
1325.89
1307.95
1302.83
1301.86
1301.50
1300.43
1301.58
1301.66
1299.00
1292.04
1291.04
1291.04
1291.00
1291.50
1292.00
1292.00
1291.50
1291.50
1291.00
1291.00
1290.50
1290.00
1290.00
1290.00
1289.00
1288.50
1288.50
1289.00
1290.50
1293.70
1291.00
1294.64
1294.67
1292.50
1293.00
1300.05
1310.00
1334.20
1358.52
1372.73
1376.18
1383.68
1390.23
1375.28
1402.00
1405.57
1415.71
1435.37
1440.50
1447.00
1454.22
1463.00
1467.00
1471.50
1478.00
1479.00
1431.25
1481.50
1484.50
1487.50
1495.00
1503.00
1506.00
1508.93
1521.95
1529.22
1542.18
1540.18
1547.73
1551.08
1568.90
1647.47
1652.71
1650.10
1665.84
1652.56
1655.81
1688.86
1689.36
1711.41
1744.99
1756.69
1762.10
1774.05
1807.26
1816.79
1844.79
1862.15
1877.56
1877.47
1897.00
1913.50
1916.35
1932.77
1951.38
1974.14
1972.27
2016.61
2024.08
2030.59
2076.74
2056.94
2076.53
2094.93
