2009.50
2009.82
2017.94
2073.93
2240.45
2498.16
2392.00
1382.08
1784.18
1539.79
1017.17
1661.98
1796.00
1975.53
1923.78
1489.77
998.50
2043.52
1864.21
1829.82
1708.00
1555.98
1978.12
2527.23
2251.88
2638.66
2236.70
2199.04
2588.95
3114.88
143.00
3157.84
3127.89
3351.90
3014.00
2804.22
2539.79
2173.34
2993.00
1933.69
1577.76
3061.71
1659.04
1706.86
1795.32
3978.50
1837.91
1897.27
1798.69
2616.00
1840.60
1563.52
1872.57
2305.58
1964.85
1925.22
2145.84
2007.79
1877.57
2008.15
2039.53
1998.82
1993.32
2062.62
2090.46
1966.54
1994.59
2042.48
2080.22
2000.30
2026.65
2023.06
1991.18
2009.12
2010.69
2007.85
2005.83
2061.78
2010.64
2006.23
1976.56
1980.81
2005.86
2535.04
1993.63
2005.38
1999.43
2003.50
2010.04
2008.85
2004.46
2044.05
2008.42
2003.06
2013.11
2000.89
1857.89
2003.31
2070.56
1981.64
2097.38
2052.69
2003.05
2010.92
2052.73
2004.98
2008.01
2004.37
2044.52
2054.78
2004.68
2006.72
1997.70
2073.27
2164.51
1999.90
2008.14
2006.95
1998.31
2004.90
2006.88
2072.82
2039.18
1987.78
2008.68
2000.98
2229.87
1984.73
2007.64
2005.08
2006.21
2002.24
2042.65
2046.31
2009.08
2164.04
2029.67
2073.71
1978.21
1834.50
2003.46
1993.44
2004.34
1996.28
2123.99
1800.91
2160.91
2199.79
2137.91
2168.69
2092.76
2050.97
2015.89
2028.28
2039.75
1978.42
1834.20
1950.36
1927.61
2410.79
2062.46
2006.20
2009.39
2211.77
2354.22
2012.28
1907.94
2007.46
2010.04
1963.07
2079.21
2003.39
2004.16
2009.05
2007.07
2001.10
1959.42
2018.45
2033.85
2062.55
1978.05
2005.98
2004.69
2034.42
2052.97
2121.15
2009.02
1982.54
2139.43
2266.74
2189.20
2147.06
1888.92
2066.37
1953.24
2058.34
2098.81
2075.02
2057.11
2009.65
2078.71
2040.71
2013.73
2104.01
1866.78
1982.66
2101.75
1961.55
1787.94
1952.44
1938.04
1941.45
2177.70
2069.72
2379.97
1932.57
2006.76
2029.45
2641.25
2234.45
1851.78
2025.75
2004.97
1970.82
2113.90
1973.94
1998.86
2181.32
1970.71
2005.34
1964.10
2106.35
2209.95
2554.08
2639.48
2027.50
2090.51
2150.16
1994.75
1766.50
1887.85
2001.46
2042.31
1839.00
2135.12
1839.00
1839.00
2062.14
2061.50
1659.80
1725.97
1178.00
2259.75
1660.53
1655.86
1770.00
3535.50
2007.95
2012.29
2007.03
2014.60
2012.08
2004.95
2013.37
2026.17
1674.14
1836.75
3125.00
2445.72
1999.26
2101.38
2171.89
2016.39
2122.58
1277.83
2279.32
2019.16
1682.23
1996.79
2684.75
2932.00
2016.08
2170.71
2071.57
1997.49
2013.89
2125.91
2120.46
2100.05
1965.59
2015.33
2016.60
2046.80
2047.13
2129.45
2516.05
2744.50
2155.97
379.50
2284.38
1860.43
1861.15
2225.88
1501.75
1811.57
1915.25
371.50
1794.02
1255.29
2045.20
1358.16
1561.53
2032.71
938.30
1104.16
901.92
1281.38
1217.22
1668.25
2033.39
2036.31
2033.44
2108.29
2306.26
2033.96
2048.16
2778.21
2125.25
2363.64
2025.01
2862.25
2033.90
2018.66
2023.04
2030.90
2181.46
2711.81
2399.06
2026.94
2046.22
2031.54
1802.48
2026.68
2015.89
1902.63
2013.28
2052.38
1964.92
1798.83
1704.09
1945.78
1958.35
1970.22
2016.06
2009.65
2011.49
2012.96
2018.65
2019.80
1999.89
2013.79
2010.82
2009.00
2012.04
2011.90
2008.66
2004.07
2006.43
2003.28
1989.43
1864.60
1858.98
1917.20
1849.89
1927.76
2061.62
1909.70
1787.70
2002.51
2006.65
2003.59
1795.37
1915.49
1952.69
1920.96
1843.24
2002.27
2010.13
2009.86
2007.53
2009.65
2002.31
1904.95
2025.31
2033.46
1957.82
1991.03
1925.49
2074.01
1943.34
1921.99
2008.74
2008.32
2007.82
1989.04
1976.68
1998.66
2008.14
2003.18
2007.96
1986.12
2006.34
2306.70
2150.91
1998.97
2011.74
2195.75
1957.14
2004.52
2254.41
1963.31
1991.41
2013.14
2012.90
2079.13
2122.88
2028.05
2073.96
1995.15
1997.41
1918.46
1964.43
2061.53
1959.05
2014.91
2063.07
1929.22
2121.36
2292.57
2181.91
2161.82
1955.55
2005.36
2084.95
1949.43
1965.76
1992.09
2008.00
2402.38
2085.31
1982.54
2008.70
1963.33
1965.26
1958.61
2007.75
2003.59
1963.34
2008.37
2010.97
2008.30
2273.11
2088.49
1947.55
2499.30
2002.67
2006.18
2170.54
1999.81
2175.18
2165.53
2471.90
2348.11
1971.18
2322.33
2018.91
1908.69
2185.03
2080.19
1926.47
1977.92
1997.79
2005.00
2002.81
2008.25
1920.51
2002.42
2009.03
2004.72
1982.61
2300.71
2118.60
2155.59
2138.25
2122.99
2004.12
2050.13
2008.12
2009.63
2010.24
1968.20
1935.17
2003.25
1968.36
2299.35
2234.14
2065.87
143.00
974.80
143.00
2009.08
2006.58
2000.94
2009.28
2012.09
2008.40
1984.59
2859.25
2667.25
2028.47
2007.86
2007.62
2008.61
2006.79
2117.25
2050.78
2006.59
2002.66
1989.50
2090.88
2243.41
1613.89
2003.88
2004.88
2005.00
2007.33
1958.46
2007.28
2006.27
2008.80
1997.32
2011.84
1974.64
2003.77
2151.10
2222.20
2301.56
2033.74
1991.82
2155.40
2823.12
1950.11
1955.00
2276.11
2034.56
2207.28
2008.93
2256.02
2000.78
2000.51
1999.46
2455.47
1977.68
1964.95
2117.95
2132.67
1879.38
2302.71
2464.07
1944.91
2238.63
2039.73
2363.36
2475.36
1898.67
2938.10
2528.01
1947.52
2004.33
1991.25
2086.85
2035.61
2003.68
1992.65
2367.72
1946.84
2070.71
1885.41
1987.40
1908.74
2392.58
2089.89
2053.19
2003.16
2009.87
1939.33
2081.47
2006.11
2004.83
1944.18
1954.63
2006.30
2004.85
2009.12
2007.07
1759.52
2008.11
2139.60
2008.47
2007.42
1627.74
1083.42
1040.83
1992.08
2006.16
1537.56
1822.78
1967.50
1992.30
2072.25
2226.60
2010.29
2011.80
2007.28
2451.04
2921.04
2128.52
1523.88
2942.63
3339.78
3020.53
2264.80
2799.75
2469.63
2044.09
2006.33
2048.41
2048.14
1994.71
2006.71
2006.53
1989.60
141.50
1812.77
1827.69
1873.86
2025.06
2017.00
2002.03
2198.05
2121.02
1974.77
2138.26
2102.18
142.00
2139.09
2058.56
2056.82
2062.21
2061.03
1982.67
1999.41
1965.91
142.00
143.75
1941.43
2012.04
2041.37
1959.11
2005.66
2008.67
2007.26
1985.56
2009.08
2010.03
2011.35
2083.19
2006.81
1981.12
2008.65
2011.68
2141.43
2289.31
2008.22
2010.51
2012.30
2007.69
2003.34
2128.80
2159.22
1974.34
1971.56
2006.21
2137.40
2013.29
2000.41
2180.14
1982.05
2159.01
2062.34
2003.74
2155.43
2157.97
2005.39
2233.98
2220.24
2012.53
2159.36
1742.08
2010.60
2090.59
2004.61
2007.81
2185.25
1957.55
2082.30
2174.17
2184.18
2017.99
2171.98
2535.96
2008.31
2006.04
2007.73
2007.51
2005.71
2240.67
2186.00
1454.50
2019.55
3528.50
2750.50
2182.45
2012.50
2006.54
2007.10
1971.23
1997.94
2006.07
2008.46
2009.97
2007.51
2007.09
142.50
2009.20
2001.59
1590.57
2010.27
2012.05
1809.11
2009.00
2008.33
2164.21
2009.86
2240.34
2232.93
2029.94
2231.37
2225.05
2215.89
2240.37
2161.29
2039.82
2128.00
1838.00
1838.00
2017.47
2139.59
2091.52
2181.64
2213.63
2109.68
2203.09
2438.71
1747.83
2094.91
2162.66
2170.11
2165.59
2216.23
2010.97
2006.95
2162.05
2109.58
2148.89
2091.27
2007.24
2016.01
2211.19
2037.78
1943.78
1860.91
2085.68
2256.43
2020.46
142.50
2103.28
2227.12
2009.67
2010.85
2218.61
1271.00
1479.25
2221.46
2057.09
2181.57
2206.41
2166.32
1574.91
2323.00
1669.17
1766.13
2334.50
2270.40
1838.00
2018.69
2094.28
2131.66
2191.23
2124.25
1954.46
2160.99
1574.44
1900.71
1838.00
1631.38
1753.64
1472.27
2040.04
2259.20
2307.13
2015.75
2050.75
2191.52
2205.70
1901.97
1999.77
1992.24
2014.38
2008.39
1998.51
2013.07
2012.69
2010.77
2148.75
1996.50
2009.01
1706.11
142.50
2594.32
2211.52
2148.42
2002.64
1996.72
2103.97
2014.90
2084.88
2090.74
1499.20
2361.04
2048.91
2052.78
2210.86
2145.79
2238.43
1980.17
3533.50
1840.88
1985.22
2268.64
2012.21
2246.91
2135.49
2128.68
2015.10
2249.89
1957.79
1544.57
1987.70
142.50
1918.62
2104.55
2074.27
1856.26
1895.62
1928.98
142.50
2295.72
2005.89
2003.95
2040.65
2004.85
2009.65
2027.08
2261.55
2003.65
2001.36
2010.06
2013.21
2013.17
2213.05
2293.82
790.83
142.00
141.50
1771.56
1992.06
860.62
1983.83
896.13
654.93
1970.05
1981.78
1985.56
1221.55
2014.03
2009.65
2007.09
2020.90
2069.56
2289.25
2490.36
2673.03
2771.04
3149.26
3269.43
2700.62
3469.00
3469.00
3469.50
3469.50
3469.50
3470.00
3470.00
3470.50
3470.50
3472.69
3474.50
3475.50
3476.50
3477.50
3479.50
3484.50
3488.50
3491.00
3492.67
3498.29
3500.22
3512.75
3519.96
3527.25
3543.70
3544.41
3547.27
3548.40
3548.71
3549.64
3551.73
3551.73
3550.98
3552.23
3550.30
3553.15
3555.94
3548.33
3546.65
3545.23
3545.38
3542.48
3542.16
3544.39
3544.41
3541.36
3535.03
3535.44
3533.17
3524.13
3525.05
3525.20
3525.67
3526.03
3526.12
3525.50
3526.11
3527.47
3528.25
3525.64
3521.44
3518.49
3518.75
3517.35
3515.98
3515.23
3508.51
3501.82
3500.50
3499.45
3499.50
3502.50
3507.00
3508.04
3512.50
3512.50
3514.15
3513.00
3515.79
3515.23
3514.50
3514.00
3516.00
3519.08
3521.36
3521.94
3514.39
3506.68
3504.76
3502.00
3502.36
3501.43
3501.11
3504.69
3508.72
3509.63
3516.59
3524.23
3529.57
3531.38
3530.10
3530.45
3530.45
3530.45
3532.31
3533.00
3540.82
3546.90
3553.11
3559.72
3565.00
3567.35
3569.94
3549.68
3575.68
3582.00
3591.84
3597.50
3599.00
3601.00
3597.68
3585.00
3576.50
3570.00
3568.49
3568.58
3568.78
3567.27
3565.21
3560.48
3551.50
3544.51
3540.60
3541.55
3543.21
3541.31
3542.75
3543.06
3546.48
3544.97
3547.47
3548.00
3547.87
3554.00
3557.08
3560.50
3561.00
3561.50
3562.00
3555.48
3555.00
3554.50
3550.72
3551.35
3551.53
3550.47
3543.55
3541.89
3542.82
3546.17
3546.11
3546.07
3545.65
3546.50
3546.50
3545.48
3545.87
3545.27
3546.50
3542.07
3532.26
3530.60
3529.67
3529.05
3528.90
3529.18
3529.91
3530.29
3529.68
3531.00
3534.50
3536.47
3537.76
3540.77
3541.18
3545.37
3546.50
3545.61
3545.61
3547.50
3547.00
3546.50
3546.00
3546.50
3546.50
3543.04
3535.77
3523.47
3519.63
3519.30
3516.67
3501.29
3496.00
3495.00
3495.00
3495.00
3496.00
3496.50
3496.58
3500.25
3509.00
3511.41
3515.33
3521.09
3531.50
3534.84
3541.30
3545.00
3545.00
3543.67
3544.50
3544.00
3539.35
3531.37
3527.06
3523.50
3516.25
3508.00
3506.00
3500.50
3499.00
3494.50
3492.60
3489.00
3489.00
3483.91
3470.27
3468.75
3466.00
3462.45
3461.97
3462.00
3462.29
3464.00
3469.50
3474.50
3476.50
3479.00
3482.50
3485.38
3492.95
3497.52
3501.50
3504.70
3509.50
3384.20
3519.75
3523.52
3523.93
3521.42
3523.50
3528.75
3523.05
3525.50
3519.28
3512.81
3510.23
3507.94
3507.17
3506.86
3498.50
3498.50
3499.00
3498.00
3493.54
3492.50
3494.50
3494.50
3495.00
3490.10
3482.55
3485.12
3469.21
3457.14
3447.50
3443.00
3437.45
3416.48
3400.58
3386.30
3364.71
3347.34
3332.97
3310.07
3138.77
2521.42
1565.25
1670.54
1926.46
1550.08
1590.94
1594.14
1549.18
1548.32
1530.35
1482.00
1488.00
1488.50
1490.00
1491.00
1491.00
1491.00
1490.50
1488.50
1486.00
1485.50
1485.00
1484.50
1485.00
1484.50
1487.00
1492.50
1495.79
1495.00
1497.50
1499.50
1503.50
1510.50
1512.31
1514.50
1518.87
1525.00
1525.50
1526.50
1527.00
1527.00
1527.50
1527.50
1527.50
1527.00
1527.00
1527.50
1528.50
1530.50
1532.00
1533.27
1533.50
1533.50
1534.50
1535.50
1539.00
1539.50
1540.00
1540.50
1540.50
1535.50
1531.52
1532.50
1531.50
1529.50
1521.50
1517.00
1512.00
1508.00
1499.00
1494.14
1492.81
1492.80
1493.00
1493.00
1493.50
1497.23
1500.31
1502.95
1504.00
1505.50
1509.00
1512.00
1515.00
1522.50
1534.50
1535.50
1535.50
1535.50
1537.00
1536.00
1533.50
1531.07
1529.14
1520.11
1518.67
1515.65
1513.25
1506.50
1496.05
1495.78
1494.24
1493.50
1492.50
1492.50
1492.50
1492.50
1492.50
1492.50
1493.00
1492.50
1490.50
1489.00
1488.00
1487.50
1487.50
1488.00
1495.00
1496.50
1497.50
1497.50
1497.00
1495.87
1483.96
1489.28
1485.90
1484.77
1488.30
1488.99
1487.80
1487.34
1488.00
1485.28
1492.59
1493.50
1494.00
1494.98
1496.51
1498.80
1503.00
1512.50
1515.50
1518.50
1525.00
1526.50
1527.19
1528.07
1529.14
1527.72
1527.39
1531.31
1534.00
1534.50
1534.50
1534.50
1534.50
1533.93
1533.50
1534.00
1537.50
1537.50
1537.18
1537.50
1538.00
1538.00
1538.00
1538.00
1538.00
1537.00
1535.50
1533.00
1531.00
1525.95
1519.50
1516.52
1515.27
1516.50
1515.85
1517.85
1517.28
1518.86
1476.24
1477.44
1519.50
1521.00
1523.50
1524.07
1525.00
1524.50
1524.50
1522.93
1524.00
1531.00
1571.92
1586.89
1593.61
1608.96
1615.50
1621.90
1624.88
1624.69
1628.50
1631.00
1634.00
1635.50
1637.50
1638.50
1638.50
1638.00
1637.50
1637.50
1636.74
1608.55
1647.50
1655.37
1661.20
1663.79
1662.87
1662.58
1656.50
1670.47
1683.50
1691.41
1692.00
1692.50
1692.50
1694.20
1693.81
1695.50
1695.83
1700.50
1621.95
1700.00
1699.50
1699.00
1698.50
1698.00
1600.56
1697.50
1696.50
1691.48
1686.14
1686.47
1684.71
1678.21
1670.22
1667.58
1665.47
1662.00
1649.57
1637.50
1631.22
1627.88
1623.56
1618.74
1615.76
1613.52
1613.50
1613.00
1613.00
1613.00
1614.00
1615.00
1618.41
1618.18
1618.50
1616.50
1615.00
1607.88
1606.32
1604.22
1604.15
1611.12
1576.40
1551.09
1539.43
1537.04
1525.73
1520.95
1515.50
1509.50
1501.00
1496.52
1490.78
1487.00
1484.00
1483.00
1482.50
1481.48
1482.00
1484.50
1486.50
1488.35
1489.00
1490.50
1489.92
1495.00
1498.50
1500.00
1500.50
1507.00
1508.00
1508.50
1509.00
1509.50
1510.00
1510.50
1510.50
1510.33
1511.50
1510.50
1510.00
1510.00
1510.50
1509.50
1508.00
1507.50
1509.50
1507.38
1499.75
1499.25
1497.34
1495.83
1491.00
1490.00
1488.50
1487.00
1486.06
1479.50
1474.50
1472.50
1471.00
1470.00
1468.50
1468.00
1468.00
1468.00
1468.00
1469.50
1470.00
1471.00
1472.00
1474.00
1481.00
1483.00
1485.50
1488.50
1489.00
1489.50
1489.57
1490.00
1490.00
1483.50
1483.50
1482.50
1479.50
1478.00
1476.32
1476.00
1473.50
1471.00
1468.00
1464.50
1462.50
1461.78
1458.00
1457.50
1457.00
1456.50
1457.00
1457.50
1457.50
1458.32
1458.36
1459.50
1461.00
1462.50
1464.37
1468.00
1468.50
1469.00
1468.00
1465.00
1463.00
1462.50
1460.50
1460.50
1461.00
1461.00
1461.50
1461.50
1461.50
1461.75
1463.00
1467.09
1472.50
1480.00
1483.38
1483.15
1482.10
1483.12
1487.51
1490.90
1497.46
1502.33
1501.77
1502.17
1502.14
1500.08
1498.42
1498.50
1497.50
1497.00
1493.75
1492.50
1487.32
1484.00
1479.50
1478.42
1477.00
1471.47
1465.50
1461.00
1455.50
1454.50
1454.00
1453.50
1452.50
1453.74
1452.00
1452.00
1453.91
1453.50
1454.50
1455.00
1457.00
1459.44
1464.00
1466.50
1467.00
1468.00
1468.50
1469.00
1470.00
1471.00
1474.17
1478.00
1478.00
1477.08
1471.00
1467.04
1463.50
1462.59
1463.54
1454.00
1444.41
1440.44
1437.33
1436.00
1433.50
1433.42
1432.50
1433.00
1434.00
1439.81
1445.22
1451.09
1453.00
1455.50
1456.50
1457.50
1458.00
1459.00
1459.00
1459.50
1458.50
1458.50
1456.00
1455.00
1455.50
1455.50
1456.96
1459.00
1463.00
1471.00
1475.00
1476.00
1476.00
1470.88
1468.00
1462.00
1461.79
1460.96
1460.50
1459.50
1459.11
1455.75
1445.69
1443.51
1443.50
1443.00
1445.50
1452.00
1457.17
1459.38
1466.00
1468.59
1470.09
1469.50
1473.11
1485.80
1489.50
1490.50
1490.00
1488.50
1485.50
1483.50
1481.50
1480.50
1479.50
1478.00
1476.00
1473.00
1471.50
1470.50
1469.50
1463.50
1463.00
1462.50
1461.97
1462.50
1463.00
1467.00
1473.50
1478.43
1483.50
1483.88
1485.27
1486.15
1490.75
1498.90
1503.50
1507.00
1508.50
1508.50
1506.00
1504.00
1503.00
1502.16
1500.48
1495.48
1494.50
1492.50
1492.00
1493.06
1516.33
1524.59
1529.40
1534.60
1535.59
1537.76
1540.35
1540.39
1553.19
1569.96
1578.35
1588.50
1597.55
1595.65
1600.28
1608.92
1602.11
1609.00
1614.00
1618.50
1624.81
1626.50
1628.50
1629.00
1632.00
1633.50
1637.50
1648.72
1659.50
1661.50
1662.83
1663.88
1666.00
1671.24
1674.22
1681.77
1684.18
1689.17
1686.50
1687.00
1687.00
1687.00
1681.00
1680.50
1660.56
1662.20
1661.68
1657.56
1660.72
1667.15
1661.56
1666.60
1647.66
1624.11
1628.00
1629.97
1632.27
1633.64
1636.50
1638.00
1639.00
1640.00
1640.00
1635.50
1616.59
1602.00
1589.00
1587.07
1583.79
1581.55
1571.95
1566.09
1549.51
1544.58
1539.58
1536.00
1538.56
1539.48
1540.55
1546.37
1548.50
1548.50
1549.00
1557.00
1563.00
1563.50
1563.50
1563.00
1558.00
1554.00
1551.00
1545.00
1541.00
1534.50
1528.17
1519.99
1517.73
1514.50
1507.50
1506.00
1504.00
1500.50
1499.50
1499.00
1499.00
1500.00
1503.00
1505.50
1509.00
1510.50
1512.00
1512.50
1513.50
1515.00
1517.00
1518.00
1518.00
1517.50
1517.00
1517.00
1517.00
1517.00
1517.00
1518.00
1524.50
1528.00
1531.00
1535.50
1538.00
1539.47
1545.60
1552.50
1559.50
1567.73
1569.00
1569.50
1569.00
1566.00
1563.50
1563.00
1562.50
1561.50
1561.00
1560.50
1555.00
1546.18
1538.21
1522.00
1518.38
1514.00
1511.50
1509.50
1508.50
1507.50
1505.00
1504.50
1503.50
1503.00
1503.50
1504.00
1505.00
1509.27
1519.53
1527.95
1530.00
1538.50
1540.50
1541.50
1543.50
1542.85
1548.28
1560.08
1566.56
1570.96
1569.35
1569.50
1569.50
1570.88
1569.89
1569.88
1566.45
1564.24
1561.21
1559.76
1559.53
1558.92
1559.50
1559.45
1564.26
1568.00
1568.50
1566.35
1570.00
1576.00
1578.50
1585.00
1594.50
1602.50
1604.00
1605.00
1605.72
1606.00
1606.00
1605.50
1606.00
1605.50
1605.50
1605.00
1605.00
1605.00
1604.50
1604.50
1605.00
1605.00
1604.50
1604.00
1603.50
1602.50
1602.00
1601.12
1591.81
1586.50
1583.00
1581.50
1578.00
1575.97
1571.00
1569.50
1568.00
1567.50
1567.50
1568.00
1575.00
1577.50
1579.69
1580.82
1582.39
1582.78
1584.42
1586.33
1585.50
1586.00
1585.00
1580.00
1575.96
1574.50
1566.50
1561.68
1564.37
1564.00
1564.50
1564.79
1566.00
1567.00
1570.07
1576.06
1580.05
1589.22
1599.00
1599.03
1603.16
1604.50
1606.06
1608.41
1615.00
1632.00
1634.50
1638.00
1639.00
1641.50
1646.50
1648.95
1656.03
1668.00
1671.91
1673.93
1674.50
1676.00
1677.00
1684.00
1685.50
1686.50
1689.50
1693.00
1693.50
1694.50
1695.00
1696.50
1697.00
1698.00
1700.00
1702.50
1705.00
1705.50
1706.50
1707.00
1707.00
1709.50
1710.00
1711.00
1711.50
1712.88
1712.50
1713.50
1715.00
1721.00
1727.50
1735.21
1739.37
1751.92
1757.00
1758.50
1761.81
1763.07
1765.86
1771.00
1776.00
1777.00
1778.50
1778.50
1778.50
1778.50
1779.61
1782.23
1781.71
1784.00
1784.50
1783.91
1788.37
1796.00
1756.42
1798.50
1799.50
1802.17
1805.74
1811.96
1812.68
1805.10
1805.62
1806.20
1812.83
1824.63
1843.19
1848.42
1856.00
1860.66
1861.50
1863.50
1866.50
1874.96
1878.75
1884.00
1970.10
1891.00
1899.53
1900.98
1903.19
1909.55
1916.00
1917.06
1919.27
1928.54
1941.00
1947.50
1964.50
1973.00
1979.06
1985.50
1987.50
1990.50
1994.00
2001.14
2010.00
2019.80
2028.76
2033.00
1974.19
1936.05
2041.50
2050.17
2062.00
2073.00
2083.50
2091.00
2096.52
2103.00
2107.63
2112.00
2120.97
2125.50
2149.90
2165.50
2176.50
2191.00
2200.00
2186.27
2211.00
2213.00
2215.14
2233.53
2251.32
2265.88
2286.00
2304.28
2319.77
2316.46
2327.94
2345.16
2355.41
2374.50
2389.36
2409.50
2397.50
2408.23
2395.12
2410.91
2416.43
2475.00
2462.25
2482.87
2520.00
2526.50
2486.21
2540.50
2555.00
2535.35
2579.84
2598.67
2625.05
2638.78
2646.43
2652.00
2659.12
2669.50
2685.53
2694.00
2712.58
2727.01
2748.00
2755.50
2761.50
2768.50
2784.07
2801.01
2812.94
2827.00
2853.50
2866.50
2876.60
2866.62
2880.25
2915.01
2940.78
2954.00
2976.50
2996.00
3011.00
3023.29
3040.70
3049.05
3073.86
3086.50
3105.34
3120.23
3144.76
3153.11
3161.48
3167.50
3176.74
3188.00
3199.00
3162.66
3215.50
3224.71
3239.00
3250.45
3260.50
3272.00
3280.50
3285.06
3290.50
3295.50
3300.00
3309.35
3323.46
3334.77
3356.08
3371.93
3378.00
3383.94
3386.89
3385.00
3390.92
3392.50
3394.62
3397.50
3402.06
3403.85
3404.67
3405.88
3406.00
3408.89
3412.76
3415.52
3416.77
3420.00
3423.00
3424.50
3431.82
3426.50
3426.50
3426.00
3426.50
3423.50
3411.50
3404.51
3399.33
3393.00
3383.54
3377.04
3369.36
3362.15
3358.80
3347.89
3339.00
3338.00
3337.00
3335.50
3332.50
3331.00
3329.50
3327.87
3323.55
3322.55
3312.50
3281.65
3226.16
3229.36
3233.29
3222.88
3220.49
3226.04
3245.06
3259.43
3224.92
3194.40
3190.00
3184.50
3175.50
3163.00
3149.09
3140.71
3129.00
3117.23
3095.47
3078.61
3061.81
3043.14
3023.80
3012.00
2999.00
2992.72
2975.44
2958.86
2948.67
2905.62
2910.15
2890.32
2877.02
2864.62
2852.50
2836.96
2811.07
2793.19
2753.42
2735.91
2746.12
2740.00
2731.37
2711.20
2688.24
2669.70
2651.80
2644.13
2635.91
2617.27
2599.60
2585.04
2572.78
2547.02
2537.27
2526.41
2519.83
2511.40
2498.00
2485.28
2461.00
2452.00
2443.00
2436.50
2424.68
2401.39
2392.79
2383.00
2376.50
2365.50
2356.28
2351.25
2336.53
2322.00
2302.50
2298.50
2285.50
2256.74
2259.03
2235.75
2211.01
2194.16
2174.50
2155.03
2147.47
2140.50
2130.52
2121.09
2100.00
2089.01
2073.47
2061.50
2054.79
2040.50
2037.00
2075.14
1965.45
2020.59
2008.00
2004.00
2002.50
2001.50
2000.50
1997.86
1988.50
1982.41
1967.97
1957.50
1937.53
1924.55
1904.42
1910.27
1896.72
1877.94
1876.19
1852.54
1871.14
1867.00
1856.44
1847.50
1845.56
1845.00
1844.50
1844.00
1843.00
1841.00
1838.50
1836.00
1832.50
1825.00
1810.00
1808.50
1798.00
1793.29
1781.40
1774.13
1769.23
1760.00
1763.68
1759.10
1753.50
1747.50
1740.00
1737.50
1734.50
1733.00
1732.00
1723.33
1710.32
1704.33
1700.00
1699.67
1696.31
1694.08
1693.28
1689.01
1674.24
1670.00
1669.00
1669.00
1669.50
1670.00
1671.00
1672.41
1675.50
1676.50
1677.00
1676.50
1675.00
1673.00
1672.00
1671.00
1670.00
1668.00
1656.00
1651.50
1646.00
1643.00
1647.80
1645.75
1644.00
1641.48
1637.15
1687.56
1625.50
1623.95
1623.00
1622.00
1622.00
1621.00
1621.50
1622.50
1625.90
1633.53
1641.00
1647.50
1649.27
1651.42
1652.09
1653.00
1656.00
1660.50
1664.00
1670.50
1671.00
1671.50
1671.50
1672.00
1672.00
1670.50
1669.50
1665.30
1661.86
1663.50
1663.28
1663.00
1661.00
1659.50
1658.00
1659.38
1660.50
1661.50
1661.75
1675.82
1686.11
1689.24
1691.45
1699.12
1707.83
1725.95
1732.92
1737.45
1742.78
1746.22
1748.30
1751.37
1752.00
1757.51
1759.31
1758.33
1761.00
1757.48
1757.00
1749.76
1743.50
1742.74
1742.00
1741.50
1741.50
1741.00
1741.00
1741.00
1741.00
1741.50
1742.00
1744.62
1743.95
1741.50
1744.59
1744.88
1752.50
1753.83
1753.50
1759.50
1757.25
1757.40
1757.00
1764.37
1766.62
1816.38
1827.17
1832.50
1835.00
1857.15
1894.88
1862.76
1893.84
1892.51
1920.00
1926.00
1931.00
1921.83
1944.05
1959.95
1980.50
1984.12
1993.09
1997.11
2030.66
2039.13
2108.99
2051.63
2058.20
2056.50
2059.50
2082.36
2089.72
2107.36
2086.50
2104.50
2121.61
2138.63
2151.91
2151.00
2157.51
2171.47
2178.65
2179.00
2188.39
2200.15
2204.50
2205.50
2206.50
2206.50
2205.50
2204.50
2201.00
2193.31
2183.06
2175.00
2170.50
2166.90
2159.81
2156.49
2150.75
2141.33
2131.50
2110.52
2099.00
2087.86
2059.00
2052.51
2040.01
2028.60
2021.80
2012.12
1996.45
1982.74
1961.96
1939.40
1931.28
1923.35
1913.50
1929.63
1927.14
1900.00
1896.00
1891.00
1884.24
1894.23
1850.94
1844.53
1823.38
1802.43
1818.74
1804.81
1801.16
1801.71
1794.50
1786.82
1782.63
1784.31
1784.00
1783.40
1784.00
1785.50
1786.50
1787.00
1787.47
1793.96
1799.00
1801.00
1801.00
1801.37
1801.00
1800.50
1800.09
1798.50
1798.00
1798.00
1799.00
1800.97
1804.62
1803.38
1806.11
1811.10
1809.08
1809.09
1807.50
1813.35
1848.05
1862.50
1868.00
1877.38
1883.18
1893.22
1899.34
1876.58
1903.00
1903.19
1904.00
1905.00
1910.48
1924.57
1937.02
1955.49
1990.15
1994.44
1974.82
1994.13
2015.34
2027.57
2039.85
2059.95
2061.45
2018.56
2066.48
2145.72
2151.74
2159.98
2238.19
2210.25
2200.62
2210.96
2217.50
2217.52
2236.79
2257.06
2278.76
2303.30
2317.00
2345.50
2362.61
2378.50
2425.58
2419.24
2451.68
2460.02
2483.25
2526.20
2527.27
2537.00
2553.00
2579.23
2593.40
2610.49
2639.52
2665.00
2688.50
2712.89
2738.56
2740.54
2758.48
2779.48
2823.28
2849.55
2881.82
2917.73
2951.19
2975.07
2992.50
3025.41
3023.98
3044.45
3066.15
3084.91
3108.83
3123.87
3133.96
3139.89
3156.78
3155.00
3160.71
3160.56
3160.55
3160.79
3162.08
3156.83
3157.38
3163.20
3199.54
3223.50
3233.50
3234.00
3232.50
3226.00
3219.67
3208.00
3204.23
3193.88
3191.44
3172.19
3147.95
3133.98
3098.27
3068.45
3046.37
3013.50
2989.40
2969.69
2950.00
2928.51
2898.08
2862.58
2821.52
2772.61
2735.38
2703.72
2668.03
2648.28
2623.15
2608.68
2579.22
2561.65
2522.12
2489.60
2465.50
2431.40
2417.58
2391.52
2374.30
2358.85
2348.02
2327.83
2312.85
2296.36
2272.00
2255.60
2242.00
2219.06
2202.50
2184.00
2173.22
2163.24
2141.52
2126.50
2119.50
2116.50
2099.81
2098.36
2087.50
2081.12
2076.00
2066.50
2042.40
2030.00
2027.50
2025.26
1997.36
1968.95
2014.00
2005.03
1993.47
1986.50
1968.41
1959.50
1951.00
1939.17
1930.91
1921.89
1926.00
1920.00
1916.22
1913.50
1912.50
1909.50
1907.00
1906.00
1906.00
1907.50
1910.11
1909.75
1910.50
1912.00
1912.29
1918.60
1936.47
1950.72
1965.17
1973.30
1974.07
1974.73
1974.50
1976.92
1987.50
1990.00
1991.00
1991.00
1991.50
1991.00
1991.00
1990.00
1988.50
1987.00
1986.00
1985.50
1985.50
1985.00
1985.00
1984.00
1983.50
1983.00
1982.50
1982.00
1981.00
1981.50
1983.50
1985.50
1988.00
1989.50
1991.00
1992.00
1992.50
1993.00
1993.00
1993.00
1990.50
1990.00
1990.50
1990.90
1990.00
1989.50
1987.50
1986.43
1981.50
1933.00
1919.56
1906.50
1901.00
1895.00
1888.53
1883.18
1877.00
1871.50
1855.24
1843.50
1827.33
1814.00
1806.84
1806.23
1804.12
1802.50
1801.00
1793.50
1780.50
1775.42
1760.00
1754.00
1753.46
1745.81
1744.00
1742.50
1735.17
1728.00
1722.00
1718.50
1716.00
1708.00
1701.00
1692.40
1686.50
1685.77
1684.50
1684.18
1683.50
1682.00
1676.00
1667.65
1659.50
1655.50
1652.00
1651.00
1651.00
1647.00
1642.02
1629.04
1616.33
1614.50
1613.00
1611.00
1603.28
1599.05
1594.00
1581.97
1555.71
1558.85
1558.35
1556.50
1553.50
1550.50
1542.50
1541.50
1537.50
1536.00
1535.00
1524.00
1511.63
1511.00
1510.46
1508.00
1510.00
1509.00
1505.50
1492.97
1489.08
1492.20
1489.93
1495.43
1500.21
1506.85
1504.45
1504.24
1507.00
1506.50
1510.50
1517.47
1525.84
1532.00
1535.50
1536.00
1537.00
1538.00
1541.30
1548.00
1552.00
1553.00
1553.00
1553.00
1554.00
1554.50
1556.00
1558.50
1559.50
1560.00
1561.00
1561.00
1562.00
1563.42
1565.00
1566.50
1567.00
1567.50
1568.00
1568.41
1568.00
1568.50
1568.50
1568.00
1563.41
1559.62
1557.08
1555.00
1554.00
1554.00
1554.00
1554.00
1554.00
1553.50
1550.00
1550.00
1549.50
1548.50
1546.00
1544.83
1540.91
1533.14
1524.00
1518.67
1516.64
1519.24
1525.59
1529.50
1530.50
1522.40
1528.40
1534.00
1533.15
1534.70
1537.97
1540.31
1545.10
1549.00
1553.00
1557.00
1559.00
1560.00
1562.00
1566.00
1567.50
1572.00
1575.50
1576.50
1578.50
1644.53
1643.90
1590.27
1599.64
1603.17
1604.58
1606.50
1606.64
1608.25
1609.83
1611.35
1614.44
1621.00
1621.00
1616.50
1615.61
1615.00
1614.00
1614.00
1612.50
1611.50
1609.72
1604.50
1597.00
1595.50
1595.00
1595.00
1595.00
1595.00
1594.50
1593.50
1592.50
1592.00
1592.00
1592.50
1638.46
1590.50
1590.00
1589.00
1588.50
1589.00
1589.50
1592.00
1592.50
1596.00
1597.81
1595.19
1612.75
1627.19
1632.85
1632.37
1624.81
1642.25
1647.86
1660.00
1668.50
1682.50
1691.50
1697.06
1698.00
1703.00
1712.12
1715.41
1726.97
1730.90
1737.50
1738.00
1739.00
1744.74
1743.50
1744.50
1744.50
1745.00
1745.00
1746.00
1755.05
1756.00
1757.00
1757.50
1759.00
1759.76
1760.00
1763.33
1764.50
1766.50
1766.50
1767.12
1766.38
1766.03
1765.48
1765.00
1765.29
1766.10
1770.64
1771.31
1771.50
1772.00
1768.77
1775.68
1783.00
1807.57
1815.84
1825.60
1842.03
1853.00
1903.57
1898.89
1936.22
1931.09
1923.52
1932.43
1931.15
1967.36
1986.78
1999.18
2007.11
2015.29
2022.08
2037.66
2044.67
2057.06
2064.23
2083.50
2093.42
2101.00
2107.02
2121.81
2130.50
2137.50
2157.28
2189.07
2210.50
2238.84
2239.69
2242.50
2249.89
2262.89
2268.42
2279.11
2305.50
2320.12
2329.42
2349.84
2362.93
2405.65
2408.77
2403.79
2429.64
2438.57
2454.87
2443.90
2390.82
2422.56
2505.16
2546.22
2608.78
2633.03
2625.64
2660.70
2661.05
2713.35
2723.84
2716.93
2743.76
2758.14
2771.34
2771.57
2815.90
2837.07
2832.00
2844.93
2792.18
2821.26
2834.34
2852.56
2909.21
2895.09
2939.87
2944.64
2963.00
2965.71
3004.18
3009.00
3030.94
3043.69
3061.40
3066.32
3076.39
3092.08
3098.00
3110.92
3126.44
3137.44
3149.39
3166.88
3175.36
3175.00
3178.06
3178.00
3179.00
3185.50
3195.90
3191.00
3195.00
3195.00
3194.00
3188.50
3188.50
3188.00
3187.00
3185.00
3182.00
3179.50
3173.50
3176.02
3162.32
3150.77
3143.48
3135.53
3131.91
3144.23
3118.40
3072.61
3053.03
3045.17
3042.19
3033.62
3021.04
3005.53
2961.54
2941.27
2923.00
2874.84
2868.18
2856.33
2846.17
2825.40
2782.13
2758.67
2717.27
2687.00
2646.15
2625.25
2606.00
2563.06
2549.37
2522.32
2497.15
2464.55
2436.95
2404.00
2382.22
2363.06
2345.00
2319.65
2281.31
2253.06
2239.69
2207.17
2212.31
2199.61
2189.15
2181.48
2160.72
2133.15
2109.50
2100.00
2088.96
2081.00
2076.00
2069.72
2059.50
2051.50
2036.17
2006.51
1992.75
1986.00
1982.00
1979.84
1972.27
1957.24
1943.43
1932.48
1917.98
1895.50
1890.25
1886.25
1884.50
1870.98
1864.07
1857.68
1847.50
1831.96
1822.99
1820.00
1819.00
1816.90
1805.64
1785.30
1776.50
1775.00
1769.67
1760.79
1756.41
1752.34
1754.64
1738.57
1731.50
1722.45
1714.31
1710.67
1710.50
1709.50
1707.50
1703.00
1695.00
1690.00
1684.75
1681.88
1676.50
1674.50
1672.00
1666.43
1665.50
1663.00
1656.00
1654.50
1654.00
1653.50
1653.50
1653.00
1647.00
1643.00
1641.50
1638.50
1636.50
1635.00
1627.00
1622.50
1614.13
1605.10
1602.50
1601.50
1600.50
1599.50
1599.00
1599.00
1600.00
1600.50
1602.00
1605.50
1607.50
1609.00
1609.00
1609.00
1608.00
1606.29
1604.18
1599.68
1598.75
1598.15
1594.50
1584.50
1580.37
1578.50
1576.75
1576.32
1570.21
1566.50
1564.50
1562.00
1556.50
1554.50
1554.14
1552.50
1549.00
1548.50
1547.44
1546.50
1542.50
1540.50
1538.50
1537.00
1529.00
1528.00
1527.00
1526.00
1526.00
1526.00
1525.50
1521.50
1516.33
1515.20
1512.22
1502.90
1501.65
1498.64
1494.00
1486.31
1483.87
1475.00
1474.00
1472.00
1466.50
1465.50
1465.00
1464.50
1464.00
1464.00
1464.00
1464.50
1466.50
1470.00
1473.00
1474.57
1478.50
1485.36
1493.04
1498.00
1499.50
1504.00
1504.50
1506.02
1507.07
1509.54
1503.00
1500.50
1497.50
1492.95
1491.00
1490.00
1484.14
1482.22
1471.00
1469.50
1469.00
1469.50
1470.00
1471.50
1473.50
1474.00
1476.50
1477.50
1478.50
1478.50
1481.00
1480.00
1476.50
1474.50
1473.37
1471.08
1466.13
1458.53
1454.00
1452.37
1451.50
1445.16
1439.83
1437.58
1433.00
1430.24
1429.37
1427.74
1428.14
1428.00
1425.66
1425.25
1425.10
1427.00
1435.15
1439.62
1441.00
1442.00
1443.67
1445.27
1449.00
1459.50
1465.50
1473.50
1476.50
1477.00
1477.50
1478.00
1476.50
1475.00
1474.50
1472.00
1465.00
1458.69
1452.00
1450.00
1446.50
1442.50
1439.09
1437.67
1436.00
1435.50
1435.00
1435.59
1438.50
1441.50
1443.00
1445.74
1449.00
1450.00
1453.95
1457.50
1459.50
1460.00
1460.50
1462.00
1465.05
1473.06
1474.44
1475.57
1480.24
1487.35
1488.91
1494.18
1508.92
1484.35
1516.50
1518.00
1518.00
1518.00
1516.50
1515.50
1515.00
1515.50
1511.00
1509.00
1507.00
1506.00
1506.50
1507.00
1515.00
1520.00
1523.22
1531.65
1532.70
1533.19
1533.02
1539.22
1542.50
1545.00
1546.50
1546.50
1547.50
1554.83
1564.20
1561.23
1568.68
1577.46
1584.48
1597.71
1605.59
1619.09
1622.63
1635.00
1642.85
1644.58
1645.00
1647.50
1653.00
1655.50
1656.50
1659.50
1661.00
1662.50
1663.00
1663.50
1665.67
1669.00
1671.00
1673.50
1676.00
1677.50
1678.50
1680.00
1687.69
1684.50
1691.17
1696.00
1697.00
1697.00
1697.50
1690.83
1682.00
1677.48
1672.50
1668.50
1667.00
1665.50
1664.00
1659.82
1656.50
1649.19
1641.00
1639.50
1638.50
1635.00
1632.50
1626.94
1624.78
1622.63
1618.96
1614.61
1610.47
1607.94
1602.91
1591.50
1584.50
1577.00
1573.56
1573.32
1564.84
1553.48
1519.15
1498.81
1493.44
1488.54
1486.12
1489.78
1495.58
1502.26
1536.10
1573.82
1587.89
1595.56
1606.65
1610.45
1611.24
1614.46
1617.36
1620.32
1611.90
1617.93
1623.56
1626.40
1628.50
1630.50
1636.00
1642.50
1646.50
1647.50
1729.52
1851.39
1656.00
1665.67
1671.52
1680.82
1686.00
1688.58
1689.90
1688.86
1694.50
1708.00
1722.00
1737.50
1754.00
1745.78
1772.50
1795.04
1782.50
1789.17
1793.96
1820.50
1838.53
1845.50
1859.06
1868.50
1878.89
1886.96
1911.52
1936.61
1954.00
1971.33
1988.98
1997.02
2018.00
2026.28
2049.19
2069.05
2094.84
2120.00
2134.29
2118.98
2154.47
2186.08
2214.62
2226.22
2251.41
2266.17
2292.12
2319.93
2323.67
2333.61
2347.86
2368.51
2400.28
2403.79
2438.85
2455.35
2473.24
2492.00
2505.50
2518.54
2534.97
2551.85
2571.23
2586.75
2600.36
2587.12
2596.98
2627.54
2629.56
2604.70
2642.28
2645.42
2648.00
2647.43
2634.18
2627.43
2612.52
2604.99
2593.11
2567.03
2581.66
2581.31
2557.33
2533.06
2506.00
2480.99
2476.80
2460.00
2441.88
2422.78
2408.00
2385.45
2361.61
2340.88
2323.46
2287.16
2278.47
2246.85
2222.96
2199.72
2172.83
2145.86
2119.74
2111.38
2099.40
2075.67
2048.67
2031.25
2011.60
1997.00
1977.50
1953.78
1930.43
1921.70
1906.76
1892.97
1888.62
1880.54
1871.00
1862.50
1860.15
1841.00
1823.50
1816.39
1810.29
1808.77
1805.13
1800.41
1790.58
1782.50
1777.00
1767.15
1758.50
1757.00
1755.00
1751.10
1717.58
1723.15
1707.28
1695.43
1690.27
1688.47
1691.50
1688.00
1682.50
1673.74
1666.45
1660.98
1660.39
1655.50
1660.00
1662.50
1668.61
1666.00
1663.37
1667.52
1667.52
1663.21
1661.91
1661.00
1658.50
1656.50
1649.08
1641.73
1636.70
1626.86
1629.02
1603.02
1588.56
1576.57
1567.07
1556.43
1546.61
1546.50
1541.00
1539.00
1536.00
1534.50
1533.50
1533.50
1535.50
1538.50
1541.00
1541.36
1542.10
1543.00
1543.90
1547.98
1553.12
1554.50
1554.50
1554.00
1554.00
1554.00
1553.93
1554.38
1559.76
1562.89
1564.29
1562.90
1565.50
1567.78
1573.50
1577.42
1582.13
1588.50
1592.00
1593.00
1594.50
1603.41
1610.80
1618.43
1620.50
1624.44
1632.76
1632.00
1630.00
1633.50
1640.50
1642.00
1644.00
1644.00
1644.50
1648.00
1652.06
1659.00
1665.94
1668.50
1673.90
1675.47
1677.00
1680.50
1684.74
1685.49
1684.50
1684.78
1683.00
1681.50
1682.48
1683.89
1680.75
1679.50
1678.50
1677.00
1677.54
1678.12
1680.43
1683.91
1686.50
1689.00
1689.50
1693.50
1695.00
1698.50
1703.00
1706.00
1705.00
1705.00
1707.50
1706.00
1706.00
1706.00
1705.50
1701.50
1697.00
1696.50
1696.80
1697.00
1693.67
1687.50
1680.50
1680.50
1680.11
1682.92
1684.00
1688.50
1688.50
1688.50
1689.00
1690.00
1695.50
1696.00
1696.00
1698.00
1751.50
1765.46
1768.22
1769.50
1779.00
1784.82
1797.24
1803.05
1810.50
1818.00
1821.00
1821.50
1826.57
1843.04
1851.37
1856.94
1866.57
1875.20
1881.00
1920.82
1898.00
1914.41
1926.50
1936.91
1944.00
1951.00
1956.50
1960.50
1986.56
1970.50
1982.00
1988.50
2002.22
2022.67
2011.86
2033.44
2078.50
2064.99
2094.18
2074.72
2106.18
2122.20
2126.73
2144.55
2167.69
2165.09
2191.02
2221.89
2245.34
2260.75
2291.49
2303.49
2309.99
2334.04
2353.27
2393.34
2418.73
2436.78
2486.03
2491.51
2511.80
2536.37
2543.19
2567.09
2587.95
2601.35
2623.59
2604.99
2661.87
2694.34
2679.07
2682.63
2712.48
2718.51
2693.55
2764.03
2829.37
2823.92
2842.78
2860.01
2865.70
2878.41
2891.61
2920.16
2929.89
2947.22
2964.39
2978.14
2980.31
2993.07
3002.54
3013.75
3031.55
3040.62
3054.57
3056.69
3064.00
3064.50
3064.50
3065.00
3070.50
3074.50
3080.00
3084.50
3090.00
3096.70
3098.77
3104.08
3101.35
3098.66
3099.37
3098.00
3097.14
3093.72
3093.50
3086.31
3082.80
3075.72
3065.64
3046.43
3049.81
3032.47
3026.54
3012.11
2989.76
2963.58
2942.70
2930.12
2899.05
2883.70
2871.15
2860.41
2837.33
2815.95
2800.58
2757.41
2745.07
2700.90
2680.41
2643.06
2622.64
2606.45
2590.00
2570.50
2558.47
2530.40
2498.90
2458.06
2426.39
2408.02
2376.02
2348.54
2321.14
2312.23
2273.07
2255.55
2249.96
2199.55
2190.61
2171.50
2156.39
2136.80
2109.74
2064.83
2011.96
1995.90
1987.79
1975.45
1968.01
1967.12
1963.59
1971.52
1988.57
1971.50
1972.00
1969.54
1956.74
1943.50
1932.50
1927.50
1917.50
1907.50
1902.49
1902.51
1899.21
1884.89
1873.22
1850.43
1833.00
1823.00
1818.63
1811.87
1804.50
1792.32
1786.95
1764.50
1748.59
1742.14
1730.77
1724.89
1720.20
1718.96
1715.36
1711.30
1705.00
1700.83
1696.91
1689.92
1675.01
1670.82
1670.75
1665.54
1659.63
1653.00
1643.00
1641.92
1640.38
1631.57
1631.00
1631.00
1631.50
1631.50
1633.00
1634.00
1634.50
1635.50
1635.00
1634.50
1633.50
1633.00
1632.50
1630.50
1629.50
1629.00
1629.50
1630.50
1631.50
1632.50
1633.00
1637.53
1642.77
1651.50
1653.41
1658.30
1662.14
1659.54
1662.33
1666.84
1668.93
1668.92
1668.15
1667.12
1667.69
1666.68
1671.13
1673.60
1678.06
1689.12
1688.16
1698.40
1711.48
1715.68
1707.13
1737.00
1733.90
1743.85
1783.00
1798.79
1807.47
1811.00
1815.50
1821.50
1825.00
1905.82
1848.00
1858.00
1864.50
1870.00
1871.50
1874.62
1879.80
1862.40
1896.00
1903.94
1913.50
1918.50
1920.77
1922.15
1925.88
1932.31
1958.02
1967.24
1975.09
1996.29
1985.34
2022.83
2028.29
2031.58
2037.40
2006.82
2009.05
2049.18
2058.74
2105.98
2138.70
2083.38
2086.01
2109.31
2102.75
2109.23
2118.47
2130.99
2147.69
2161.57
2175.79
2187.51
2198.32
2208.50
2216.50
2231.01
2242.92
2253.00
2253.71
2273.64
2315.83
2324.62
2330.24
2336.98
2344.92
2361.62
2371.74
2374.80
2386.19
2397.96
2404.50
2363.67
2416.85
2417.73
2426.90
2415.00
2415.00
2414.50
2411.00
2407.50
2396.77
2383.00
2379.00
2371.59
2364.58
2352.37
2338.99
2329.05
2319.28
2305.08
2280.50
2257.99
2236.16
2228.24
2212.80
2189.86
2169.91
2141.98
2136.50
2123.53
2085.63
2063.46
2033.03
2013.36
1970.79
1950.84
1921.89
1892.23
1880.09
1866.30
1851.76
1829.99
1813.62
1794.04
1783.55
1743.03
1740.00
1725.28
1711.50
1701.50
1692.50
1687.00
1682.50
1676.41
1667.40
1653.22
1643.16
1638.18
1629.50
1623.00
1620.48
1617.00
1609.50
1599.13
1587.50
1577.19
1559.50
1557.00
1554.50
1553.00
1546.50
1536.00
1520.10
1509.87
1497.38
1480.83
1476.04
1472.81
1468.28
1462.91
1460.58
1452.20
1443.14
1433.67
1426.38
1423.51
1417.78
1412.50
1404.62
1397.25
1388.50
1384.00
1380.07
1373.14
1371.84
1369.85
1360.72
1356.07
1353.50
1352.00
1351.00
1350.50
1353.00
1353.00
1355.00
1355.00
1355.50
1352.00
1348.00
1345.96
1344.50
1344.50
1345.43
1344.22
1342.36
1338.70
1333.00
1427.78
1334.00
1334.50
1338.00
1340.50
1346.00
1353.20
1368.17
1382.76
1388.23
1391.35
1395.10
1400.90
1402.86
1408.51
1413.50
1425.00
1433.50
1436.50
1437.50
1440.50
1445.50
1450.78
1451.62
1457.50
1461.50
1463.98
1470.00
1473.50
1476.50
1482.50
1485.00
1486.50
1488.00
1489.00
1488.50
1485.39
1480.98
1479.50
1471.50
1469.36
1467.56
1462.52
1457.53
1452.00
1449.00
1447.00
1446.50
1447.00
1448.01
1448.81
1447.00
1450.00
1452.50
1452.00
1452.50
1452.50
1451.50
1445.00
1441.16
1434.25
1429.95
1436.43
1424.07
1420.40
1414.29
1413.00
1412.50
1413.00
1412.18
1413.40
1416.50
1417.50
1419.00
1418.69
1419.88
1419.63
1419.27
1417.50
1415.00
1412.80
1410.00
1404.00
1402.50
1399.00
1397.50
1397.21
1396.89
1395.89
1395.00
1394.00
1390.50
1387.82
1386.14
1388.00
1388.50
1377.78
1375.69
1385.74
1373.88
1368.36
1348.67
1342.00
1339.50
1337.50
1332.50
1333.00
1334.00
1333.97
1335.09
1343.50
1346.98
1350.00
1353.50
1355.00
1355.50
1355.00
1354.50
1350.47
1345.00
1344.73
1344.72
1345.00
1343.57
1338.07
1333.00
1331.00
1329.00
1328.50
1327.50
1327.00
1327.50
1328.00
1328.00
1328.50
1329.00
1329.00
1330.00
1331.00
1332.50
1332.50
1333.50
1333.50
1332.50
1332.00
1331.50
1331.50
1331.50
1331.00
1330.50
1330.00
1329.50
1329.50
1329.50
1329.00
1330.00
1330.00
1330.50
1330.50
1331.00
1330.50
1326.50
1319.04
1317.00
1317.50
1317.50
1316.50
1316.31
1315.71
1312.00
1309.50
1307.28
1307.00
1304.50
1300.56
1297.74
1296.46
1294.30
1298.22
1292.53
1290.50
1289.50
1289.00
1292.53
1300.48
1298.00
1299.00
1298.50
1299.84
1300.00
1300.00
1299.50
1299.00
1298.00
1300.15
1313.93
1315.76
1315.69
1315.36
1315.11
1314.50
1314.07
1313.50
1313.00
1313.00
1316.61
1322.07
1327.63
1329.15
1330.95
1331.84
1334.00
1338.88
1342.00
1343.50
1344.00
1343.00
1343.00
1340.50
1338.50
1336.50
1334.00
1333.50
1333.00
1333.33
1332.50
1331.86
1330.50
1328.00
1327.50
1327.00
1326.50
1326.50
1322.50
1321.50
1323.59
1322.61
1322.19
1322.32
1323.35
1329.43
1334.50
1338.00
1337.50
1339.00
1341.70
1346.50
1348.50
1350.00
1352.00
1352.00
1351.50
1349.00
1344.50
1338.50
1336.00
1330.50
1330.93
1328.85
1323.82
1318.86
1312.44
1307.27
1302.82
1298.00
1292.50
1291.50
1290.00
1289.50
1289.00
1287.00
1286.50
1286.50
1287.00
1287.50
1288.50
1290.00
1291.50
1292.00
1291.00
1287.00
1285.00
1284.61
1282.00
1277.50
1272.50
1268.50
1264.50
1255.14
1245.06
1243.50
1242.00
1241.00
1238.50
1237.00
1237.00
1237.58
1242.00
1244.77
1245.33
1246.17
1249.07
1248.50
1256.58
1263.50
1272.50
1280.50
1284.50
1291.50
1298.00
1298.16
1301.00
1305.00
1315.57
1319.29
1320.50
1323.00
1330.48
1334.00
1336.50
1337.50
1337.50
1337.50
1337.00
1334.50
1329.50
1327.09
1324.50
1323.00
1313.38
1306.50
1304.00
1300.85
1294.59
1286.54
1284.50
1283.50
1282.00
1279.50
1276.00
1275.50
1276.00
1276.50
1278.50
1282.50
1287.00
1292.14
1296.18
1300.92
1302.50
1304.50
1308.38
1313.67
1318.50
1323.50
1329.47
1331.50
1339.00
1341.50
1343.00
1347.00
1348.50
1349.00
1349.74
1348.50
1348.00
1346.00
1340.50
1338.50
1337.76
1334.00
1329.50
1324.50
1322.50
1320.50
1319.50
1319.50
1319.50
1320.00
1319.81
1319.50
1320.00
1319.50
1319.50
1319.00
1318.14
1317.03
1316.17
1315.00
1314.00
1314.00
1314.00
1314.00
1314.50
1315.89
1314.94
1309.50
1307.50
1302.96
1299.90
1293.81
1287.03
1287.98
1289.48
1281.85
1273.32
1270.00
1271.90
1277.83
1284.18
1295.20
1301.58
1296.29
1301.09
1301.24
1305.68
1312.33
1316.92
1317.87
1317.87
1318.00
1318.00
1318.41
1318.18
1318.50
1319.00
1319.50
1320.50
1321.00
1323.00
1325.00
1329.00
1332.00
1332.50
1332.50
1333.50
1336.00
1337.50
1340.50
1346.00
1347.74
1349.50
1350.00
1354.00
1356.00
1358.82
1360.28
1363.50
1367.00
1371.00
1373.00
1374.12
1374.00
1374.50
1379.11
1374.50
1374.50
1372.13
1369.00
1366.27
1361.79
1359.97
1362.33
1359.55
1357.78
1357.09
1356.00
1353.00
1352.50
1353.00
1353.50
1354.50
1355.00
1355.00
1355.00
1355.50
1358.00
1359.50
1360.50
1362.00
1363.00
1363.00
1363.41
1364.28
1364.81
1365.37
1366.00
1365.50
1363.50
1358.45
1357.71
1358.00
1357.50
1355.70
1355.16
1357.00
1357.00
1357.05
1360.00
1366.50
1371.00
1374.60
1377.45
1378.00
1387.11
1392.23
1398.46
1398.80
1415.00
1419.94
1425.50
1433.50
1436.50
1437.50
1439.50
1445.00
1448.00
1448.50
1449.00
1449.50
1450.50
1451.50
1455.00
1460.50
1470.50
1473.00
1421.88
1474.00
1475.73
1475.85
1474.82
1480.25
1486.96
1496.65
1498.76
1510.67
1502.62
1500.00
1501.86
1501.50
1509.07
1543.82
1583.39
1568.42
1593.00
1586.94
1615.10
1603.47
1630.00
1639.50
1649.50
1610.10
1639.06
1639.40
1661.97
1665.23
1683.84
1712.50
1708.41
1737.50
1724.15
1766.84
1770.44
1784.50
1801.85
1812.23
1809.11
1845.50
1861.93
1895.91
1873.00
1903.55
1908.13
1934.03
1965.42
1993.00
1986.13
2007.99
1997.83
2033.74
2031.32
2052.72
2081.32
2132.77
2133.47
2183.86
2190.77
2215.02
2230.96
2259.63
2275.99
2310.46
2364.64
2362.13
2377.09
2363.64
2374.44
2373.77
2376.00
2382.00
2389.50
2391.00
2392.50
2393.50
2394.00
2394.50
2393.00
2392.50
2391.50
2386.50
2384.41
2384.50
2382.44
2379.84
2375.84
2374.00
2365.36
2366.48
2298.45
2290.58
2240.59
2222.49
2204.95
2184.16
2165.16
2143.56
2117.34
2103.31
2085.51
2081.09
2070.87
2061.00
2042.06
2019.27
1985.81
1959.46
1928.00
1920.00
1918.50
1917.00
1908.00
1905.00
1898.07
1884.50
1872.50
1853.00
1843.50
1839.00
1834.00
1832.00
1831.00
1829.00
1827.00
1825.00
1823.50
1822.50
1822.00
1823.50
1826.50
1827.50
1831.00
1834.50
1839.50
1843.50
1852.52
1854.07
1842.19
1851.58
1847.36
1839.51
1847.55
1845.46
1844.22
1846.26
1843.86
1897.15
1944.09
1940.64
1946.90
1953.77
1961.43
1956.16
2010.68
2008.67
2018.18
2049.97
2045.44
2053.23
2077.27
2098.91
2104.25
2131.80
2151.00
2165.50
2161.21
2202.06
2218.69
2280.92
2278.37
2281.02
2284.11
2287.76
2295.64
2295.33
2300.14
2304.00
2308.50
2309.00
2308.34
2304.14
2302.33
2299.78
2299.50
2295.70
2298.17
2295.67
2294.68
2299.50
2241.44
2192.76
2195.77
2168.00
2151.50
2125.55
2100.77
2067.21
2039.78
2033.34
1993.79
1959.98
1931.43
1889.93
1884.73
1855.70
1838.93
1825.70
1809.21
1796.84
1780.09
1763.36
1730.89
1722.94
1698.48
1691.14
1675.05
1657.77
1647.55
1643.07
1638.76
1630.00
1627.00
1623.50
1619.00
1612.00
1604.60
1603.00
1602.00
1601.00
1601.00
1601.00
1602.50
1603.50
1606.00
1609.09
1616.17
1620.28
1624.08
1630.65
1638.51
1623.03
1649.25
1652.24
1612.66
1669.00
1676.00
1661.83
1671.63
1705.50
1708.00
1708.80
1661.05
1714.69
1650.09
1733.22
1741.47
1748.21
1759.94
1764.50
1770.00
1775.00
1805.79
1781.50
1784.99
1800.00
1841.05
1813.50
1822.50
1831.50
1841.50
1845.18
1853.75
1867.95
1884.66
1897.64
1914.16
1925.68
1934.46
1962.43
1971.22
1980.50
1994.74
2012.50
2025.50
2039.00
2055.50
2069.00
2087.00
2103.05
2121.50
2142.53
2155.42
2169.19
2190.65
2196.81
2220.57
2254.09
2281.60
2319.79
2324.07
2340.22
2364.15
2382.09
2404.87
2430.81
2455.86
2472.92
2494.29
2505.84
2519.24
2546.67
2565.21
2582.75
2598.43
2616.50
2624.50
2641.82
2659.38
2692.00
2686.22
2682.60
2681.50
2689.00
2695.00
2701.00
2711.00
2720.90
2723.50
2723.82
2725.00
2724.85
2722.97
2723.73
2723.68
2709.94
2694.90
2683.92
2679.42
2667.48
2669.78
2707.60
2702.50
2615.20
2571.78
2533.72
2501.55
2485.62
2465.02
2431.68
2404.83
2369.19
2348.50
2332.93
2303.00
2273.41
2234.88
2208.75
2170.74
2159.86
2129.56
2118.99
2100.50
2073.61
2068.08
2049.11
2018.42
2000.81
1986.00
1979.54
1973.00
1964.14
1957.99
1947.26
1934.26
1928.50
1911.50
1891.88
1871.00
1866.13
1861.00
1854.71
1843.78
1834.79
1823.26
1809.19
1808.06
1788.73
1785.00
1782.50
1729.09
1772.00
1766.50
1766.44
1767.44
1775.50
1781.16
1786.50
1794.59
1799.22
1799.91
1796.55
1803.68
1810.00
1815.48
1827.50
1832.92
1773.77
1847.00
1851.00
1854.00
1856.00
1857.50
1860.50
1869.00
1871.50
1873.50
1877.00
1884.00
1900.94
1906.63
1899.29
1905.74
1909.44
1917.00
1921.50
1923.48
1926.50
1927.92
1931.00
1932.00
1932.50
1932.00
1924.00
1915.05
1915.50
1914.50
1912.00
1910.36
1909.50
1905.00
1899.50
1898.50
1898.00
1898.50
1899.00
1899.50
1899.95
1900.54
1901.00
1901.00
1902.00
1904.09
1906.00
1907.00
1907.50
1908.00
1907.00
1906.00
1906.11
1905.60
1904.94
1905.00
1905.50
1906.62
1908.29
1910.00
1910.37
1910.04
1914.02
1915.23
1923.77
1926.46
1931.00
1951.29
1962.04
1969.45
1975.50
1989.00
1995.00
1997.35
1998.86
2004.50
2012.00
2025.88
2035.32
2036.85
2044.50
2045.50
2049.00
2051.50
2057.00
2057.50
2060.50
2067.78
2068.57
2059.50
2079.38
2080.03
2108.10
2136.16
2145.97
2143.00
2153.10
2161.00
2170.00
2181.00
2193.85
2199.00
2205.48
2213.50
2224.00
2251.07
2241.50
2258.98
2274.32
2323.57
2307.50
2315.71
2329.58
2341.16
2356.72
2375.80
2382.35
2398.84
2410.39
2425.81
2440.31
2461.54
2479.50
2502.79
2511.48
2521.50
2533.44
2543.56
2549.92
2560.00
2575.52
2592.53
2614.03
2627.00
2634.00
2645.00
2656.49
2661.02
2658.12
2691.30
2719.45
2731.87
2749.00
2729.01
2771.00
2790.01
2807.56
2837.39
2860.56
2875.00
2893.83
2904.73
2924.70
2941.63
2957.73
2977.42
2992.00
3011.40
3035.34
3056.50
3069.09
3082.86
3101.50
3114.50
3121.39
3128.56
3130.50
3140.50
3147.00
3163.00
3172.50
3184.06
3203.50
3213.83
3215.50
3218.00
3221.95
3224.48
3228.53
3232.34
3238.50
3251.00
3258.50
3265.00
3267.50
3270.00
3278.50
3287.50
3294.00
3304.00
3311.12
3318.47
3316.50
3321.31
3322.81
3326.50
3333.50
3338.50
3344.50
3345.00
3345.50
3345.00
3344.50
3339.43
3334.97
3331.85
3331.85
3331.46
3331.21
3331.77
3331.77
3334.45
3338.26
3341.37
3343.41
3348.63
3362.05
3359.52
3362.31
3361.99
3361.70
3362.51
3358.67
3367.36
3368.37
3373.86
3392.82
3416.83
3424.00
3429.21
3430.25
3430.65
3431.12
3430.75
3430.00
3428.00
3427.50
3423.50
3422.00
3420.00
3416.50
3408.00
3405.50
3405.00
3404.50
3403.00
3400.00
3393.54
3383.00
3376.07
3372.12
3369.00
3368.00
3367.50
3366.00
3364.50
3362.50
3362.50
3362.50
3362.50
3362.50
3362.50
3363.00
3362.50
3359.00
3358.00
3357.00
3356.50
3355.00
3350.67
3341.50
3337.00
3331.22
3331.70
3331.36
3336.00
3324.17
3320.54
3313.38
3294.83
3284.50
3280.50
3273.28
3261.91
3259.29
3254.00
3245.58
3229.48
3202.99
3187.63
3178.97
3163.00
3140.22
3132.00
3122.51
3110.57
3098.86
3080.36
3063.01
3055.20
3041.94
3024.06
3019.50
3009.54
2988.91
2977.98
2962.58
2954.93
2949.42
2943.50
2936.58
2929.50
2920.42
2902.03
2888.14
2862.86
2840.50
2824.48
2805.50
2794.00
2781.69
2775.80
2759.54
2746.05
2727.00
2703.07
2672.54
2648.59
2624.19
2593.09
2580.57
2564.77
2554.69
2540.70
2523.21
2502.63
2491.96
2477.57
2450.50
2419.47
2396.50
2379.00
2360.30
2343.78
2335.37
2330.14
2320.94
2312.12
2296.26
2307.53
2273.05
2257.19
2239.41
2228.45
2201.64
2190.97
2186.50
2184.20
2185.09
2181.00
2167.30
2149.90
2123.28
2090.00
2070.47
2064.00
2058.62
2056.88
2053.64
2050.74
2037.66
2024.03
1999.15
1990.75
1984.50
1980.00
1978.50
1965.22
1943.29
1947.78
1938.00
1939.50
1941.89
1936.71
1929.81
1929.95
1922.00
1921.50
1919.50
1919.00
1918.50
1917.00
1914.50
1912.50
1905.00
1901.55
1902.42
1901.03
1900.50
1899.62
1898.97
1898.06
1897.00
1896.50
1894.00
1893.50
1892.23
1891.34
1881.73
1876.84
1872.37
1867.68
1862.08
1855.06
1852.00
1850.36
1849.87
1848.81
1847.30
1848.43
1850.42
1858.06
1862.00
1866.50
1868.00
1869.50
1870.50
1872.00
1877.00
1882.50
1887.50
1893.64
1896.00
1896.50
1897.50
1898.00
1898.00
1892.50
1886.16
1884.32
1883.48
1883.69
1885.77
1879.61
1886.05
1890.64
1891.19
1894.00
1898.50
1901.36
1903.60
1907.00
1914.50
1922.80
1974.65
1984.00
1992.00
2008.48
2018.00
2028.64
2040.04
2046.36
2051.52
2063.00
2068.50
2082.00
2089.45
2096.56
2105.00
2115.60
2128.20
2136.00
2143.50
2161.00
2172.45
2210.12
2222.50
2222.65
2221.00
2229.50
2238.02
2240.50
2241.36
2245.86
2249.30
2252.40
2255.15
2255.50
2256.50
2256.83
2257.00
2256.19
2256.00
2255.19
2255.66
2254.88
2253.00
2251.50
2239.19
2235.08
2231.51
2234.75
2213.15
2213.59
2204.98
2181.51
2170.80
2134.14
2121.62
2104.76
2090.93
2075.17
2058.08
2048.28
2034.69
2020.00
2000.00
1984.94
1975.32
1971.54
1965.58
1956.43
1951.24
1947.00
1939.15
1920.67
1906.00
1899.64
1898.11
1895.35
1887.49
1879.50
1879.00
1875.73
1871.09
1869.00
1868.50
1867.50
1865.00
1858.50
1851.50
1849.50
1847.50
1846.50
1845.00
1844.50
1845.00
1845.00
1846.00
1846.50
1847.50
1853.50
1861.50
1867.00
1874.50
1878.00
1878.44
1880.29
1881.59
1880.93
1889.61
1940.16
1850.24
1911.00
1914.06
1921.36
1926.00
1928.00
1930.00
1930.64
1934.57
1938.07
1942.36
1950.85
1959.00
1968.56
1975.36
2001.26
1993.52
1996.79
2003.97
2008.50
2020.80
2028.66
2038.08
2050.50
2059.00
2070.00
2082.00
2086.00
2094.61
2100.50
2104.64
2114.00
2122.17
2134.23
2153.26
2163.89
2164.50
2184.59
2205.03
2214.10
2224.54
2242.20
2260.20
2279.69
2288.88
2310.19
2319.54
2326.84
2330.42
2336.50
2388.02
2365.00
2387.13
2394.73
2425.15
2432.86
2420.50
2426.37
2431.46
2461.24
2471.38
2493.62
2513.31
2518.88
2535.12
2514.92
2551.79
2573.37
2605.61
2625.86
2657.71
2691.18
2706.03
2715.75
2726.46
2747.90
2774.45
2775.32
2809.17
2817.30
2835.10
2865.95
2880.56
2893.84
2908.38
2922.61
2937.84
2953.69
2962.28
2972.50
2986.34
3002.58
3021.42
3035.74
3050.00
3062.63
3073.50
3086.35
3094.10
3109.68
3127.78
3148.77
3159.89
3170.65
3189.00
3194.74
3206.78
3214.12
3224.34
3239.78
3241.25
3252.94
3258.74
3267.00
3275.00
3285.00
3288.50
3288.00
3290.50
3291.50
3295.00
3299.50
3307.00
3309.76
3316.39
3319.30
3331.10
3335.10
3334.66
3327.68
3326.67
3325.56
3323.42
3324.54
3325.47
3325.10
3323.25
3322.07
3325.50
3350.22
3366.53
3369.72
3372.77
3363.66
3362.42
3361.00
3360.00
3357.50
3357.00
3357.50
3363.20
3357.50
3357.00
3356.50
3354.00
3350.34
3349.69
3348.50
3348.00
3346.50
3340.00
3333.89
3330.50
3330.00
3329.00
3329.07
3329.00
3330.50
3332.50
3333.50
3334.50
3336.39
3338.00
3337.47
3337.94
3338.00
3337.50
3332.50
3332.89
3332.82
3332.51
3330.67
3332.00
3332.27
3329.18
3300.12
3271.51
3256.30
3248.22
3239.56
3221.00
3202.70
3196.71
3186.12
3173.72
3160.26
3144.45
3126.92
3097.57
3103.57
3103.14
3075.00
3056.22
3047.51
3036.97
3011.95
2988.58
2973.29
2945.62
2931.99
2920.50
2903.50
2891.00
2877.17
2868.65
2855.00
2827.50
2803.03
2777.50
2762.49
2748.50
2739.50
2722.46
2713.50
2708.75
2693.81
2674.42
2652.27
2631.62
2617.45
2610.95
2586.76
2570.00
2561.00
2545.60
2533.02
2525.42
2518.00
2500.58
2487.06
2467.00
2455.97
2443.06
2425.00
2405.50
2387.89
2376.91
2373.57
2375.38
2357.05
2347.90
2337.41
2322.26
2299.00
2271.50
2251.14
2239.85
2231.07
2208.12
2183.82
2167.18
2159.95
2159.62
2125.45
2113.31
2093.19
2074.84
2054.58
2036.55
2025.63
2012.40
1988.85
1970.46
1956.11
1928.72
1915.98
1899.50
1887.30
1880.08
1871.95
1867.14
1859.17
1856.06
1840.00
1825.50
1813.00
1807.00
1802.00
1795.00
1785.50
1782.00
1775.48
1769.82
1755.00
1744.00
1734.00
1727.71
1725.60
1722.04
1712.00
1703.66
1694.50
1680.50
1667.78
1664.40
1663.50
1662.00
1661.00
1660.00
1657.00
1654.29
1651.00
1647.50
1646.50
1645.00
1644.00
1642.50
1640.50
1638.50
1638.00
1637.50
1635.00
1629.50
1619.14
1604.50
1587.00
1585.97
1584.94
1583.27
1583.00
1582.50
1561.35
1549.81
1560.82
1534.10
1529.50
1524.27
1521.28
1526.25
1524.92
1523.47
1524.00
1587.54
1515.00
1513.00
1510.50
1510.50
1511.00
1511.00
1510.50
1508.00
1508.00
1511.50
1515.60
1520.00
1521.00
1521.50
1521.30
1521.30
1523.26
1524.50
1531.00
1536.50
1537.88
1538.50
1537.50
1536.50
1534.50
1527.87
1524.75
1524.24
1524.50
1524.00
1521.50
1517.50
1518.00
1516.57
1511.50
1506.50
1505.00
1504.50
1501.00
1501.00
1501.00
1500.50
1500.00
1500.00
1499.50
1497.89
1494.00
1485.50
1481.59
1478.00
1474.50
1475.47
1484.62
1472.45
1460.74
1458.07
1449.00
1447.00
1446.00
1446.00
1446.50
1450.00
1453.50
1457.00
1459.00
1468.00
1474.95
1469.25
1490.95
1479.95
1465.40
1503.31
1510.00
1512.50
1520.00
1534.50
1543.00
1561.00
1572.07
1584.50
1593.50
1613.56
1631.78
1633.57
1604.47
1610.50
1615.76
1622.95
1640.00
1644.00
1652.50
1654.50
1658.00
1666.50
1675.79
1679.44
1693.26
1698.93
1708.17
1714.44
1718.13
1724.73
1741.50
1759.50
1777.31
1794.35
1811.00
1847.15
1861.20
1838.50
1843.84
1852.74
1870.25
1899.01
1904.64
1913.84
1927.11
1936.00
1948.98
1968.10
1954.69
1961.97
1974.76
1981.29
1985.50
1985.50
1990.61
1993.50
1993.50
1993.50
1994.00
1993.50
1993.50
1993.50
1993.00
1992.50
1990.00
1987.00
1982.50
1978.00
1976.50
1975.50
1975.00
1974.00
1973.00
1967.50
1955.00
1945.54
1941.17
1938.64
1931.69
1931.50
1930.12
1925.50
1919.50
1907.50
1904.19
1899.50
1893.00
1888.90
1880.90
1879.65
1878.64
1875.76
1876.31
1873.76
1872.94
1874.50
1879.33
1882.39
1888.00
1893.00
1903.14
1911.50
1916.00
1918.54
1922.08
1921.50
1924.13
1923.66
1934.67
1960.12
1975.00
1984.50
2002.58
2035.62
2014.50
2026.85
2031.59
2064.86
2062.33
2071.29
2076.01
2082.00
2089.15
2107.38
2116.56
2130.98
2139.50
2143.50
2151.18
2155.34
2157.53
2159.90
2159.00
2166.00
2176.03
2175.50
2173.00
2169.00
2167.00
2166.50
2165.50
2161.50
2159.50
2158.00
2156.50
2155.50
2152.50
2148.72
2141.30
2140.74
2139.03
2129.50
2131.30
2143.50
2142.50
2118.76
2141.89
2070.50
2063.00
2047.75
2034.42
2015.20
1999.66
1985.88
1973.21
1954.68
1933.60
1927.03
1910.17
1878.91
1865.49
1843.10
1828.07
1820.88
1809.61
1799.99
1787.50
1786.01
1759.22
1745.36
1746.62
1726.43
1758.29
1758.62
1756.48
1743.87
1743.42
1751.07
1754.44
1757.00
1756.50
1756.50
1756.50
1756.50
1755.50
1754.50
1749.50
1745.50
1745.00
1744.00
1743.50
1742.50
1742.00
1738.50
1737.50
1741.00
1743.13
1747.02
1747.75
1752.38
1746.89
1739.55
1739.50
1785.81
1809.26
1842.36
1880.88
1861.07
1875.42
1887.00
1901.28
1907.00
1914.00
1939.66
1970.70
1969.50
2023.31
2015.00
2057.70
2039.89
2045.01
2051.50
2061.00
2069.98
2100.80
2093.00
2108.97
2124.00
2143.01
2182.66
2184.56
2199.49
2217.50
2225.03
2245.35
2254.50
2258.71
2282.07
2300.32
2320.53
2345.43
2366.92
2390.47
2418.13
2456.45
2462.93
2483.74
2500.67
2524.91
2542.29
2564.12
2587.62
2590.75
2649.18
2677.46
2705.09
2716.21
2733.82
2748.11
2767.43
2790.36
2813.00
2807.26
2833.55
2842.63
2891.18
2920.66
2941.25
2956.00
2977.00
2997.72
3014.99
3035.03
3059.33
3069.45
3084.59
3098.71
3109.15
3116.11
3131.00
3146.62
3143.32
3149.50
3159.50
3168.00
3171.00
3173.50
3175.50
3176.00
3177.00
3178.00
3182.91
3176.50
3175.90
3168.00
3164.50
3162.00
3162.34
3152.89
3142.37
3140.13
3131.12
3126.00
3121.50
3116.50
3111.00
3106.00
3098.00
3075.57
3059.95
3048.50
3037.94
3027.44
3012.50
3002.27
2988.34
2967.02
2931.37
2879.00
2862.77
2837.47
2810.31
2790.98
2764.95
2735.47
2721.65
2685.72
2650.82
2617.00
2587.11
2554.89
2526.79
2501.71
2489.58
2483.51
2448.53
2421.20
2392.41
2377.72
2363.66
2352.62
2328.38
2311.50
2287.00
2256.00
2237.48
2212.63
2188.13
2175.65
2159.13
2142.10
2137.92
2125.72
2110.44
2097.54
2094.87
2088.50
2081.00
2078.50
2077.50
2075.00
2074.50
2074.60
2071.45
2063.00
2061.00
2059.00
2056.50
2056.00
2054.50
2054.00
2052.50
2049.10
2043.50
2043.00
2042.50
2041.50
2037.50
2036.50
2035.50
2035.50
2034.50
2030.50
2025.41
2015.17
2004.17
1996.92
2001.05
1989.63
2009.00
1973.47
1967.07
1965.00
1950.48
1945.39
1925.83
1915.00
1913.81
1911.61
1906.33
1897.00
1892.50
1873.50
1856.38
1834.02
1824.12
1808.00
1805.00
1797.47
1792.70
1785.50
1775.99
1755.78
1724.95
1709.91
1693.00
1688.00
1686.50
1682.50
1676.00
1668.44
1652.52
1630.50
1621.28
1611.50
1609.50
1604.00
1599.00
1590.00
1583.50
1570.10
1552.49
1543.00
1535.97
1534.45
1527.69
1526.62
1524.53
1518.98
1512.38
1500.56
1496.50
1492.00
1490.50
1489.50
1488.50
1489.00
1489.00
1489.50
1490.00
1490.00
1482.47
1475.40
1464.74
1460.00
1446.85
1442.19
1439.93
1439.50
1437.00
1428.00
1417.00
1402.13
1394.81
1389.50
1388.00
1387.50
1387.50
1388.50
1390.00
1392.00
1392.50
1393.09
1395.00
1401.07
1404.11
1406.00
1406.50
1406.50
1406.50
1406.50
1404.50
1398.00
1389.00
1388.50
1388.00
1388.00
1388.50
1388.50
1389.00
1389.00
1389.50
1389.00
1388.50
1388.00
1384.50
1379.75
1371.64
1370.73
1366.89
1350.65
1347.68
1348.14
1333.45
1326.84
1322.51
1324.50
1316.50
1315.00
1313.50
1313.00
1313.00
1319.00
1321.50
1323.00
1325.00
1326.13
1325.50
1327.28
1333.44
1335.00
1337.71
1337.33
1338.00
1338.00
1337.50
1337.50
1338.00
1338.00
1340.00
1343.00
1348.50
1350.00
1351.00
1351.00
1351.50
1352.00
1356.00
1358.00
1359.11
1365.45
1365.00
1366.00
1367.00
1373.05
1373.56
1376.92
1380.19
1380.00
1380.89
1381.41
1381.78
1381.00
1378.50
1378.00
1377.00
1376.95
1377.49
1374.89
1373.38
1372.70
1369.50
1367.00
1365.50
1365.14
1366.48
1361.44
1360.40
1359.08
1357.50
1350.60
1347.00
1344.00
1343.00
1343.00
1342.00
1342.00
1340.50
1340.00
1341.50
1342.50
1343.50
1346.00
1346.00
1346.50
1345.00
1344.00
1338.56
1333.50
1332.94
1332.87
1331.65
1329.21
1333.00
1332.50
1332.50
1332.50
1334.00
1335.50
1339.00
1340.50
1341.19
1342.32
1341.15
1337.03
1333.37
1333.11
1332.00
1328.15
1324.50
1322.97
1321.00
1320.00
1320.00
1321.00
1323.50
1325.24
1326.46
1329.19
1329.91
1334.50
1337.63
1339.36
1352.24
1358.72
1362.50
1364.56
1365.06
1367.00
1374.00
1376.50
1379.88
1385.50
1389.00
1392.00
1394.00
1395.70
1358.73
1351.16
1367.34
1365.67
1366.99
1365.17
1369.47
1360.63
1356.43
1371.00
1386.55
1392.50
1403.00
1413.50
1421.00
1423.00
1424.50
1427.00
1429.88
1436.50
1445.00
1454.50
1464.00
1465.75
1466.39
1468.00
1467.71
1467.06
1466.09
1464.77
1468.00
1469.50
1474.50
1476.41
1476.47
1477.50
1480.63
1484.64
1495.52
1507.83
1531.50
1537.50
1544.92
1549.50
1556.50
1563.50
1575.50
1578.00
1585.00
1592.00
1595.00
1597.00
1599.50
1601.46
1603.50
1605.50
1609.50
1616.50
1623.50
1629.82
1629.82
1643.43
1648.33
1659.02
1671.82
1688.50
1708.51
1727.01
1742.00
1749.68
1774.00
1800.32
1799.86
1812.07
1826.80
1835.50
1858.92
1877.95
1891.50
1896.60
1913.01
1926.07
1944.50
1951.16
1981.98
2000.68
2008.58
2027.08
2058.23
2076.05
2097.53
2109.92
2140.34
2149.61
2194.57
2199.97
2216.50
2240.99
2258.26
2283.00
2299.46
2328.88
2345.46
2362.65
2399.86
2425.21
2443.49
2469.50
2488.50
2499.81
2525.96
2546.07
2567.61
2595.50
2622.02
2643.86
2643.99
2678.94
2695.00
2727.88
2732.64
2743.00
2760.57
2782.96
2804.50
2821.53
2826.00
2843.50
2853.21
2864.00
2873.15
2893.02
2903.22
2918.02
2921.33
2928.00
2931.00
2937.00
2941.50
2945.50
2948.50
2950.33
2953.83
2956.28
2957.57
2958.11
2957.73
2956.15
2949.00
2946.50
2944.00
2937.84
2940.00
2947.75
2950.00
2943.76
2921.88
2861.55
2870.00
2855.25
2833.79
2806.18
2771.28
2771.95
2749.31
2728.71
2708.86
2686.42
2678.61
2656.90
2611.40
2569.79
2528.53
2500.04
2460.41
2431.48
2400.33
2385.25
2357.04
2319.48
2287.16
2254.01
2219.21
2184.40
2163.62
2143.87
2120.96
2106.59
2092.00
2059.29
2038.42
2013.74
1992.00
1971.50
1961.00
1957.57
1951.50
1950.00
1942.50
1927.17
1898.63
1881.50
1860.52
1851.32
1842.50
1829.00
1826.50
1813.50
1787.69
1768.89
1774.51
1755.03
1746.51
1737.74
1732.60
1728.27
1719.45
1717.50
1715.50
1712.18
1708.43
1706.40
1705.58
1706.34
1706.50
1704.89
1705.80
1705.19
1705.25
1707.67
1715.30
1718.33
1722.67
1724.00
1727.22
1723.50
1722.50
1725.39
1746.67
1758.00
1763.50
1766.50
1783.50
1791.50
1802.00
1809.50
1813.00
1826.00
1835.00
1843.50
1850.00
1855.50
1851.73
1879.50
1887.50
1901.50
1912.50
1931.12
1936.80
1947.38
1957.00
1963.27
1973.92
2002.94
2009.25
2030.43
2040.12
2060.32
2067.14
2079.17
2079.18
2096.65
2133.61
2146.45
2148.31
2150.85
2161.00
2165.00
2167.00
2167.71
2169.50
2176.17
2182.50
2184.00
2184.48
2184.50
2181.29
2181.50
2180.50
2179.50
2171.22
2167.50
2164.50
2163.37
2160.50
2157.50
2151.50
2150.57
2149.30
2145.00
2135.97
2141.50
2139.11
2092.31
2072.96
2060.91
2023.63
2010.65
1993.05
1980.45
1988.02
1979.79
1974.37
1971.00
1967.50
1962.00
1955.13
1950.00
1946.21
1946.12
1944.72
1946.43
1949.50
1956.00
1959.29
1962.00
1964.00
1965.50
1968.54
1972.00
1977.50
1981.00
1985.00
1988.00
1989.00
1989.00
1986.86
1993.44
1990.00
1997.57
2030.40
2043.74
2056.00
2065.00
2072.50
2089.64
2112.50
2123.05
2134.50
2147.46
2159.20
2177.77
2199.03
2217.72
2263.07
2256.58
2252.54
2265.03
2260.60
2272.40
2279.50
2287.00
2288.00
2288.50
2288.00
2286.50
2286.00
2285.50
2284.50
2282.41
2277.52
2273.62
2276.66
2280.35
2277.81
2279.39
2278.92
2272.18
2218.43
2194.45
2183.00
2174.51
2171.15
2159.47
2119.34
2098.13
2081.00
2063.68
2043.53
2021.79
2001.39
1995.45
1962.93
1943.18
1916.59
1899.10
1886.44
1851.24
1800.01
1776.39
1751.23
1726.31
1699.05
1685.64
1668.99
1652.50
1620.60
1588.49
1566.36
1554.74
1535.13
1525.50
1513.52
1503.48
1497.68
1489.15
1480.78
1471.33
1463.43
1452.31
1442.00
1435.50
1431.50
1422.50
1412.50
1406.50
1400.00
1397.46
1394.92
1391.42
1386.03
1381.26
1376.83
1368.60
1367.00
1366.23
1369.00
1368.50
1372.00
1376.50
1382.50
1384.50
1385.50
1387.00
1386.00
1386.00
1386.50
1390.50
1397.50
1399.00
1400.00
1401.00
1402.00
1402.50
1402.50
1402.50
1402.00
1392.50
1391.91
1391.50
1391.00
1390.50
1390.00
1388.00
1384.00
1380.00
1378.00
1378.00
1377.50
1378.00
1378.50
1379.50
1384.00
1385.85
1398.47
1406.66
1406.23
1400.84
1397.04
1399.81
1400.04
1410.21
1411.00
1406.44
1410.99
1432.57
1451.50
1454.50
1456.00
1459.50
1460.50
1460.50
1460.50
1457.50
1455.50
1453.50
1452.50
1451.50
1447.00
1446.50
1443.50
1443.00
1442.50
1443.00
1444.00
1447.05
1449.00
1449.50
1450.00
1450.50
1450.50
1450.50
1449.00
1446.00
1440.50
1439.00
1439.00
1435.00
1435.24
1437.83
1430.54
1421.80
1413.50
1400.10
1390.50
1388.00
1385.00
1383.00
1381.00
1376.00
1369.50
1360.95
1347.53
1338.32
1330.86
1331.22
1329.77
1328.68
1326.00
1324.50
1322.50
1322.50
1322.00
1322.00
1321.50
1322.00
1322.00
1320.00
1315.68
1314.21
1312.66
1311.14
1307.32
1304.30
1303.35
1301.62
1296.82
1292.56
1286.86
1287.96
1289.50
1286.67
1288.00
1286.06
1281.63
1279.50
1278.50
1278.00
1277.50
1277.50
1277.00
1275.00
1273.50
1271.00
1269.50
1268.50
1267.00
1261.50
1260.00
1261.00
1260.00
1260.00
1258.62
1257.90
1259.50
1260.00
1261.50
1265.05
1270.50
1273.50
1274.50
1275.00
1275.00
1274.00
1273.50
1273.00
1273.00
1272.50
1271.00
1268.50
1264.50
1260.50
1255.50
1254.00
1251.50
1249.50
1249.50
1248.50
1248.50
1249.00
1249.50
1248.82
1248.35
1248.50
1248.00
1249.00
1251.92
1256.00
1257.50
1258.50
1261.00
1264.50
1270.00
1272.50
1274.00
1275.50
1278.10
1279.50
1279.50
1279.50
1281.00
1281.00
1281.00
1281.50
1282.00
1283.50
1284.50
1286.00
1288.50
1289.61
1303.05
1314.50
1320.50
1322.40
1318.30
1331.82
1337.00
1339.00
1341.50
1350.50
1359.00
1360.00
1361.00
1360.50
1360.00
1360.00
1359.08
1353.90
1352.24
1350.68
1352.22
1352.84
1356.50
1361.67
1373.50
1377.47
1384.61
1386.43
1389.50
1391.95
1394.50
1397.50
1406.08
1418.34
1424.00
1428.38
1433.89
1443.00
1446.81
1449.00
1451.00
1452.50
1455.24
1468.50
1472.00
1478.19
1490.00
1492.26
1495.00
1495.50
1496.00
1496.00
1496.00
1496.00
1499.00
1503.50
1504.87
1508.11
1515.50
1509.10
1514.49
1516.49
1517.59
1526.55
1525.75
1523.03
1517.62
1515.10
1514.45
1516.33
1517.50
1515.00
1511.00
1510.00
1508.50
1508.00
1507.00
1506.50
1506.50
1506.00
1505.50
1498.50
1496.35
1486.47
1496.00
1489.24
1462.97
1450.43
1457.61
1475.65
1435.46
1427.17
1412.00
1400.00
1395.68
1439.05
1377.98
1374.00
1368.12
1356.50
1349.50
1343.00
1339.50
1339.00
1336.50
1328.60
1324.72
1320.00
1307.23
1299.00
1293.44
1291.00
1282.81
1280.14
1278.50
1278.50
1277.54
1271.50
1270.50
1270.00
1269.00
1269.00
1268.50
1268.50
1273.00
1276.00
1277.50
1278.50
1278.29
1280.50
1283.50
1285.50
1289.50
1290.50
1291.00
1292.00
1293.00
1288.67
1281.16
1275.45
1270.71
1268.03
1266.43
1266.19
1264.52
1258.22
1252.00
1242.90
1236.13
1230.50
1229.00
1228.00
1228.00
1238.00
1246.62
1246.11
1252.57
1254.50
1256.02
1255.50
1257.00
1258.77
1260.02
1259.50
1250.58
1247.50
1245.25
1244.00
1243.00
1239.50
1235.00
1233.00
1230.77
1230.39
1230.26
1227.07
1231.95
1235.78
1240.50
1242.50
1243.47
1243.00
1242.12
1240.50
1238.42
1237.50
1237.00
1236.50
1236.00
1236.23
1236.50
1236.50
1235.50
1234.50
1234.00
1232.11
1231.50
1230.00
1229.00
1228.00
1227.00
1227.00
1228.00
1228.00
1232.10
1234.50
1237.50
1241.00
1242.50
1244.00
1247.73
1255.50
1259.37
1265.00
1269.50
1273.50
1275.00
1275.50
1275.50
1275.50
1275.50
1275.00
1275.00
1275.00
1275.00
1275.00
1275.00
1275.50
1276.00
1277.00
1277.00
1281.50
1287.00
1287.09
1286.65
1288.00
1288.50
1289.00
1292.00
1292.00
1292.00
1292.00
1286.50
1286.15
1285.08
1289.22
1285.60
1284.80
1285.30
1286.00
1285.60
1288.69
1293.83
1296.46
1301.00
1307.27
1310.28
1313.50
1314.00
1320.50
1322.50
1324.00
1325.50
1326.00
1327.00
1327.50
1327.00
1326.50
1326.00
1326.00
1325.50
1325.50
1325.50
1327.00
1328.50
1329.50
1329.50
1329.50
1329.50
1328.50
1323.00
1322.67
1323.00
1322.50
1321.50
1321.00
1316.00
1315.00
1311.38
1311.50
1314.50
1318.50
1319.00
1319.18
1320.59
1320.60
1324.48
1329.50
1333.50
1335.00
1336.50
1341.58
1351.30
1359.97
1362.11
1363.96
1369.19
1371.53
1372.94
1373.39
1374.50
1376.00
1365.48
1355.94
1361.59
1357.76
1362.79
1363.00
1364.50
1363.19
1361.14
1350.33
1353.96
1365.50
1370.00
1372.50
1375.50
1378.50
1379.50
1382.00
1383.50
1391.00
1393.00
1396.50
1403.41
1410.00
1417.50
1421.50
1427.09
1430.57
1435.64
1437.47
1445.33
1455.97
1460.55
1467.36
1469.40
1470.00
1470.50
1471.00
1470.00
1469.50
1470.00
1470.50
1472.00
1473.00
1475.50
1483.50
1493.50
1498.42
1502.50
1507.23
1505.72
1512.08
1514.14
1518.38
1526.00
1530.00
1531.00
1532.00
1536.50
1539.50
1543.00
1546.00
1554.00
1556.50
1556.20
1554.35
1565.69
1570.08
1582.27
1588.50
1593.50
1605.00
1610.00
1613.50
1616.00
1619.00
1632.50
1642.32
1650.50
1660.50
1669.71
1675.08
1680.50
1744.45
1690.50
1704.50
1719.58
1733.00
1743.50
1755.50
1763.56
1776.41
1787.97
1797.00
1810.50
1831.50
1841.00
1845.50
1868.50
1879.86
1890.50
1909.90
1918.95
1936.57
1950.12
1969.00
1988.65
1998.79
2007.38
2015.51
2023.67
2037.15
2053.83
2078.93
2091.86
2110.48
2122.56
2144.71
2152.75
2160.61
2173.16
2200.33
2220.84
2249.50
2263.97
2280.05
2290.68
2308.63
2306.02
2329.71
2356.73
2360.81
2411.90
2477.80
2544.24
2514.45
2517.81
2519.78
2547.50
2566.50
2590.89
2607.98
2609.14
2645.07
2686.56
2705.68
2731.60
2715.75
2759.50
2774.00
2786.50
2810.47
2831.50
2839.00
2858.50
2880.39
2905.50
2916.96
2934.49
2952.00
2962.87
2974.41
3006.16
3023.53
3063.92
3074.27
3082.65
3078.33
3080.84
3092.67
3096.77
3091.50
3100.50
3103.50
3103.50
3104.50
3105.50
3106.50
3109.00
3110.50
3111.50
3112.00
3113.00
3113.00
3112.50
3110.00
3105.50
3099.50
3099.31
3096.00
3089.34
3085.00
3083.00
3080.00
3075.50
3072.93
3065.00
3062.00
3060.00
3059.00
3047.80
3039.77
3036.30
3046.00
3033.21
3031.77
3030.89
3028.53
3023.21
3015.42
3002.00
2996.00
2992.50
2990.00
2987.00
2985.00
2982.97
2980.50
2978.50
2977.00
2970.50
2967.50
2965.50
2962.50
2958.50
2953.44
2949.00
2939.84
2933.98
2930.00
2929.00
2928.04
2921.54
2918.42
2917.80
2916.96
2915.00
2912.50
2908.81
2909.42
2910.84
2911.04
2910.85
2909.50
2912.00
2912.00
2912.50
2912.50
2911.50
2911.50
2910.50
2909.00
2908.00
2907.50
2909.00
2909.50
2908.00
2909.00
2907.50
2903.50
2822.61
2787.66
2758.00
2734.01
2715.85
2687.50
2679.14
2663.12
2627.50
2594.95
2561.77
2534.31
2515.60
2486.87
2458.54
2441.75
2411.64
2368.06
2333.29
2311.10
2270.86
2244.00
2223.00
2199.06
2176.00
2149.50
2097.13
2083.11
2066.25
2048.82
1997.85
1945.09
1925.48
1898.63
1886.99
1853.78
1835.81
1826.50
1804.59
1803.11
1802.46
1756.04
1742.61
1734.27
1716.47
1702.00
1690.50
1694.85
1656.50
1642.66
1634.55
1628.46
1620.50
1610.15
1598.00
1591.03
1584.00
1570.57
1558.50
1557.00
1556.00
1553.00
1548.00
1547.00
1543.00
1540.50
1537.00
1536.00
1535.50
1535.00
1535.00
1534.50
1534.00
1533.78
1532.62
1532.26
1531.24
1530.06
1529.50
1525.33
1517.00
1514.00
1513.05
1511.80
1507.96
1501.40
1488.59
1493.00
1480.82
1474.00
1470.97
1469.00
1461.31
1455.90
1453.00
1452.50
1452.00
1451.50
1450.50
1449.50
1448.00
1447.00
1445.00
1442.00
1440.00
1432.00
1428.00
1426.50
1414.20
1407.63
1395.68
1385.50
1381.50
1381.00
1370.50
1367.00
1366.50
1366.00
1366.00
1366.50
1368.00
1369.50
1370.00
1370.50
1371.00
1370.50
1370.00
1369.50
1368.24
1364.00
1355.73
1353.00
1352.00
1349.42
1345.50
1345.50
1345.50
1345.50
1345.50
1346.50
1348.00
1349.00
1349.50
1350.50
1352.50
1356.50
1359.71
1363.00
1364.00
1364.50
1364.50
1365.50
1366.50
1368.00
1374.00
1374.50
1382.70
1388.34
1386.28
1392.41
1399.80
1409.88
1412.45
1416.00
1425.74
1433.81
1443.50
1445.00
1447.00
1448.00
1449.00
1449.50
1449.50
1449.00
1448.50
1448.50
1448.50
1450.00
1451.00
1451.50
1452.50
1454.50
1457.50
1459.06
1462.00
1465.00
1473.08
1483.78
1476.76
1498.04
1506.02
1520.25
1543.25
1540.85
1536.00
1538.87
1547.50
1549.00
1552.32
1555.50
1556.50
1557.50
1559.00
1559.00
1559.00
1559.50
1559.50
1559.50
1560.50
1561.50
1564.50
1566.50
1569.00
1570.00
1571.00
1571.50
1571.50
1565.00
1565.49
1563.94
1559.38
1560.93
1561.67
1560.34
1560.15
1560.90
1562.26
1561.61
1552.84
1558.98
1564.50
1565.00
1564.50
1561.87
1559.00
1554.59
1550.50
1545.00
1541.97
1539.00
1538.00
1536.50
1536.86
1536.41
1536.50
1536.50
1537.79
1537.50
1538.50
1539.50
1541.29
1540.18
1539.35
1533.63
1531.00
1525.15
1523.64
1523.37
1521.91
1520.90
1519.59
1519.27
1519.44
1521.03
1523.00
1523.67
1525.70
1526.50
1526.50
1526.50
1526.00
1525.00
1523.00
1521.00
1513.00
1508.77
1508.54
1509.87
1515.50
1515.50
1509.61
1509.00
1508.66
1510.19
1508.80
1510.00
1511.74
1516.62
1527.04
1533.40
1545.70
1565.50
1580.15
1594.56
1604.39
1606.99
1607.50
1609.00
1612.42
1617.00
1657.71
1630.50
1636.00
1643.50
1645.50
1652.50
1655.00
1662.50
1664.29
1664.98
1675.22
1685.12
1688.40
1692.76
1704.51
1721.55
1734.69
1752.94
1763.60
1790.77
1800.86
1804.91
1809.51
1823.82
1836.00
1868.02
1878.06
1904.37
1919.56
1944.11
1948.09
1953.79
1969.75
1980.19
1980.24
1990.45
2000.88
2003.87
2022.13
2035.05
2044.00
2053.00
2069.50
2073.39
2070.96
2079.03
2105.78
2121.31
2151.15
2179.69
2205.84
2220.50
2241.32
2249.50
2270.54
2294.50
2313.45
2328.41
2349.00
2381.53
2395.89
2410.50
2444.74
2461.37
2461.74
2475.41
2480.57
2518.63
2533.26
2557.63
2575.80
2598.97
2611.66
2642.95
2658.61
2675.00
2681.27
2691.34
2705.50
2733.26
2757.53
2782.57
2802.28
2806.91
2828.52
2844.48
2850.90
2880.96
2904.44
2935.72
2941.15
2955.26
2978.52
2982.54
2994.13
3013.96
3027.20
3037.60
3056.00
3069.50
3082.00
3089.50
3092.00
3096.50
3099.36
3101.50
3103.00
3107.41
3116.50
3120.50
3121.00
3121.50
3121.00
3115.94
3112.00
3107.31
3104.40
3094.65
3087.00
3084.50
3079.50
3076.93
3067.62
3049.58
3027.85
3011.50
3001.42
2979.48
2962.11
2934.93
2899.76
2894.61
2875.85
2861.06
2847.03
2814.62
2782.94
2774.13
2760.53
2729.66
2705.46
2680.32
2667.17
2660.35
2641.52
2625.37
2604.65
2598.50
2597.69
2576.50
2561.06
2540.27
2514.73
2495.55
2452.93
2427.70
2410.64
2388.75
2363.55
2345.27
2326.66
2306.89
2297.03
2285.84
2264.13
2243.18
2233.76
2210.23
2194.76
2185.50
2168.60
2189.20
2144.87
2131.58
2120.06
2113.20
2108.65
2105.00
2097.72
2103.84
2102.37
2094.00
2092.00
2091.50
2092.00
2092.00
2093.50
2093.50
2093.50
2094.50
2098.50
2098.50
2099.00
2098.00
2097.51
2093.66
2090.27
2087.50
2083.00
2082.50
2081.50
2077.50
2075.00
2072.50
2070.00
2069.00
2068.50
2068.00
2068.00
2067.00
2067.00
2065.50
2054.26
2053.46
2050.85
2049.65
2050.36
2050.50
2050.50
2051.50
2056.50
2058.90
2058.90
2058.09
2059.61
2059.00
2060.38
2077.50
2078.50
2118.43
2140.58
2154.56
2164.50
2168.50
2171.94
2180.00
2185.00
2196.01
2201.50
2211.00
2220.50
2224.88
2257.20
2278.50
2287.07
2296.66
2311.55
2323.89
2327.34
2337.74
2369.41
2391.27
2417.56
2436.98
2449.46
2471.42
2480.92
2486.24
2519.53
2538.99
2559.34
2578.27
2592.42
2603.50
2614.15
2622.13
2650.14
2679.02
2701.70
2724.24
2679.03
2766.40
2786.36
2807.88
2836.52
2847.22
2843.38
2840.39
2883.50
2902.08
2918.90
2933.86
2950.45
2957.30
2976.87
2984.95
2994.86
3006.63
3018.00
3032.32
3043.75
3063.06
3072.19
3075.50
3087.98
3116.25
3127.87
3136.50
3149.50
3160.00
3169.52
3174.50
3187.00
3193.00
3206.00
3222.83
3233.59
3243.74
3258.85
3278.18
3282.35
3283.59
3290.30
3292.11
3290.73
3293.41
3295.76
3301.00
3305.50
3307.00
3307.50
3308.00
3305.50
3303.50
3303.00
3300.96
3301.32
3299.50
3299.29
3297.69
3297.47
3297.00
3297.00
3297.00
3296.50
3296.50
3297.00
3297.50
3297.50
3298.50
3299.00
3299.00
3298.50
3299.00
3298.50
3298.00
3285.11
3280.50
3276.31
3275.90
3277.90
3277.95
3281.40
3277.25
3270.11
3262.91
3258.74
3257.00
3257.03
3257.00
3257.00
3257.50
3257.00
3255.50
3252.50
3249.33
3241.67
3247.54
3249.00
3247.50
3238.96
3225.36
3190.39
3165.84
3156.65
3142.16
3126.00
3116.61
3110.50
3102.50
3098.00
3079.85
3068.50
3059.00
3057.50
3052.78
3051.06
3047.16
3040.88
3031.65
3026.23
3015.06
3003.00
3000.54
2989.89
2985.81
2962.99
2953.62
2947.41
2936.01
2930.16
2918.04
2900.52
2839.41
2746.35
2742.75
2736.17
2735.93
2724.52
2713.82
2710.57
2701.21
2700.62
2678.80
2664.07
2656.50
2639.66
2613.21
2590.23
2560.33
2563.70
2539.29
2498.04
2463.63
2428.58
2408.29
2383.25
2352.23
2319.46
2279.46
2248.76
